"DBMS" "EXPERIMENTNAME" "RUNID" "BATCHSETID" "PK" "NUMPROCESSORS" "ACTROWPOOL" "PCTREAD" "PCTUPDATE" "ATP" "MAXMPL"
"1" "db2" "pk-xt-1M-1000-120-1" 1351 7207 1 0.125 0.25 0 0 0.000451540702514737 1
"2" "db2" "pk-xt-1M-1000-120-1" 1351 7246 1 0.125 0.5 0 0 0.000455252706905483 1
"3" "db2" "pk-xt-1M-1000-120-1" 1351 7286 1 0.125 0.75 0 0 0.00054369117928403 1
"4" "db2" "pk-xt-1M-1000-120-1" 1351 7306 1 0.125 1 0 0 0.00054945873135374 1
"5" "db2" "pk-xt-1M-1000-120-1" 1351 7327 1 0.125 0.25 0 0 0.000495168894436029 1
"6" "db2" "pk-xt-1M-1000-120-1" 1351 7366 1 0.125 0.5 0 0 0.000525017632710241 1
"7" "db2" "pk-xt-1M-1000-120-1" 1351 7406 1 0.125 0.75 0 0 0.000576200762754016 1
"8" "db2" "pk-xt-1M-1000-120-1" 1351 7427 1 0.125 1 0 0 0.000615568021143771 1
"9" "db2" "pk-xt-1M-1000-120-1" 1351 7467 1 0.125 0.25 0 0 0.000460183113385739 1
"10" "db2" "pk-xt-1M-1000-120-1" 1351 7506 1 0.125 0.5 0 0 0.000492338299492906 1
"11" "db2" "pk-xt-1M-1000-120-1" 1351 7546 1 0.125 0.75 0 0 0.000529875626956501 1
"12" "db2" "pk-xt-1M-1000-120-1" 1351 7587 1 0.125 1 0 0 0.000596432998780038 1
"13" "db2" "pk-xt-1M-1000-120-1" 1351 7627 1 0.125 0.25 0 0 0.000484207358219294 1
"14" "db2" "pk-xt-1M-1000-120-1" 1351 7666 1 0.125 0.5 0 0 0.000399504239774799 1
"15" "db2" "pk-xt-1M-1000-120-1" 1351 7686 1 0.125 0.75 0 0 0.000472446135956508 1
"16" "db2" "pk-xt-1M-1000-120-1" 1351 7706 1 0.125 1 0 0 0.000539580800169761 1
"17" "db2" "pk-xt-1M-1000-120-1" 1351 7726 1 0.125 0.25 0.01 0.01 0.000310579223078219 1
"18" "db2" "pk-xt-1M-1000-120-1" 1351 7747 1 0.125 0.5 0.01 0.01 0.000463885305238346 1
"19" "db2" "pk-xt-1M-1000-120-1" 1351 7766 1 0.125 0.75 0.01 0.01 0.000296301192219623 0.6
"20" "db2" "pk-xt-1M-1000-120-1" 1351 7786 1 0.125 1 0.01 0.01 0.000363716265825648 0.1
"21" "db2" "pk-xt-1M-1000-120-1" 1351 8126 1 0.125 0.25 0.1 0.1 0.000503018280327014 1
"22" "db2" "pk-xt-1M-1000-120-1" 1351 8146 1 0.125 0.5 0.1 0.1 0.000335057852889486 1
"23" "db2" "pk-xt-1M-1000-120-1" 1351 8166 1 0.125 0.75 0.1 0.1 0.000296913938670494 0.7
"24" "db2" "pk-xt-1M-1000-120-1" 1351 8186 1 0.125 1 0.1 0.1 0.000464153610113269 1
"25" "db2" "pk-xt-1M-1000-120-1" 1351 8526 1 0.125 0.25 1 1 0.00035797729187796 1
"26" "db2" "pk-xt-1M-1000-120-1" 1351 8547 1 0.125 0.5 1 1 0.000303157721149537 0.2
"27" "db2" "pk-xt-1M-1000-120-1" 1351 8567 1 0.125 0.75 1 1 0.000360117571181866 0.1
"28" "db2" "pk-xt-1M-1000-120-1" 1351 8586 1 0.125 1 1 1 0.000345178662298468 0.1
"29" "db2" "pk-xt-1M-1000-120-2" 1710 9266 1 0.25 0.25 0 0 0.000231776018531745 1
"30" "db2" "pk-xt-1M-1000-120-2" 1710 9305 1 0.25 0.5 0 0 0.000323941679666623 0.4
"31" "db2" "pk-xt-1M-1000-120-2" 1710 9306 1 0.25 0.75 0 0 0.000301164988039528 0.6
"32" "db2" "pk-xt-1M-1000-120-2" 1710 9308 1 0.25 1 0 0 0.00037112745384563 0.2
"33" "db2" "pk-xt-1M-1000-120-2" 1710 9310 1 0.25 0.25 0 0 0.000307456257473208 0.7
"34" "db2" "pk-xt-1M-1000-120-2" 1710 9312 1 0.25 0.5 0 0 0.000864214657709116 1
"35" "db2" "pk-xt-1M-1000-120-2" 1710 9313 1 0.25 0.75 0 0 0.00118229194916324 1
"36" "db2" "pk-xt-1M-1000-120-2" 1710 9315 1 0.25 1 0 0 0.000627674329601799 1
"37" "db2" "pk-xt-1M-1000-120-2" 1710 9329 1 0.25 0.25 0 0 0.000622494885201066 1
"38" "db2" "pk-xt-1M-1000-120-2" 1710 9434 1 0.25 0.5 0.01 0.01 0.861978191823793 1
"39" "db2" "pk-xt-1M-1000-120-2" 1710 9436 1 0.25 0.75 0.01 0.01 0.851753966356392 1
"40" "db2" "pk-xt-1M-1000-120-2" 1710 9439 1 0.25 1 0.01 0.01 0.973920762576316 1
"41" "db2" "pk-xt-1M-1000-120-2" 1710 9441 1 0.25 0.25 0.1 0.1 0.0386425442892893 1
"42" "db2" "pk-xt-1M-1000-120-2" 1710 9443 1 0.25 0.5 0.1 0.1 0.0303698479382658 0.4
"43" "db2" "pk-xt-1M-1000-120-2" 1710 9445 1 0.25 0.75 0.1 0.1 0.0738518757294259 0.1
"44" "db2" "pk-xt-1M-1000-120-2" 1710 9447 1 0.25 1 0.1 0.1 0.0154434073528718 1
"45" "db2" "pk-xt-1M-1000-120-2" 1710 9448 1 0.25 0.25 1 1 0.00196281554071901 1
"46" "db2" "pk-xt-1M-1000-120-2" 1710 9450 1 0.25 0.5 1 1 0.00186182203322963 1
"47" "db2" "pk-xt-1M-1000-120-2" 1710 9454 1 0.25 1 1 1 0.0170543055244445 0.3
"48" "db2" "pk-xt-1M-1000-120-4" 1630 8686 1 0.5 0.25 0 0 0.000127968962698347 0.6
"49" "db2" "pk-xt-1M-1000-120-4" 1630 9413 1 0.5 1 0 0 0.000114658147277807 1
"50" "db2" "pk-xt-1M-1000-120-4" 1630 9415 1 0.5 0.25 0 0 0.000342203099638623 1
"51" "db2" "pk-xt-1M-1000-120-4" 1630 9417 1 0.5 0.5 0 0 0.000356748146133554 1
"52" "db2" "pk-xt-1M-1000-120-4" 1630 9418 1 0.5 0.75 0 0 0.000375247000878743 1
"53" "db2" "pk-xt-1M-1000-120-4" 1630 9420 1 0.5 1 0 0 0.000387744449999332 1
"54" "db2" "pk-xt-1M-1000-120-4" 1630 9422 1 0.5 0.25 0 0 0.000337427473413228 1
"55" "db2" "pk-xt-1M-1000-120-4" 1630 9424 1 0.5 0.5 0 0 0.000337140402954421 1
"56" "db2" "pk-xt-1M-1000-120-4" 1630 9426 1 0.5 0.75 0 0 0.000334190625066325 1
"57" "db2" "pk-xt-1M-1000-120-4" 1630 9427 1 0.5 1 0 0 0.000328622833353305 1
"58" "db2" "pk-xt-1M-1000-120-4" 1630 9429 1 0.5 0.25 0 0 0.000334836390349908 1
"59" "db2" "pk-xt-1M-1000-120-4" 1630 9431 1 0.5 0.5 0 0 0.000327401064918594 1
"60" "db2" "pk-xt-1M-1000-120-4" 1630 9433 1 0.5 0.75 0 0 0.000338936097433648 1
"61" "db2" "pk-xt-1M-1000-120-4" 1630 9435 1 0.5 1 0 0 0.000347622127543525 1
"62" "db2" "pk-xt-1M-1000-120-4" 1630 9438 1 0.5 0.25 0.01 0.01 0.225998722683288 1
"63" "db2" "pk-xt-1M-1000-120-4" 1630 9440 1 0.5 0.5 0.01 0.01 0.708713001446685 1
"64" "db2" "pk-xt-1M-1000-120-4" 1630 9442 1 0.5 0.75 0.01 0.01 0.67763567180066 1
"65" "db2" "pk-xt-1M-1000-120-4" 1630 9444 1 0.5 1 0.01 0.01 1 1
"66" "db2" "pk-xt-1M-1000-120-4" 1630 9446 1 0.5 0.25 0.1 0.1 0.0150229418842742 0.5
"67" "db2" "pk-xt-1M-1000-120-4" 1630 9449 1 0.5 0.5 0.1 0.1 0.00594605846879278 0.4
"68" "db2" "pk-xt-1M-1000-120-4" 1630 9451 1 0.5 0.75 0.1 0.1 0.00854156147173654 0.6
"69" "db2" "pk-xt-1M-1000-120-4" 1630 9453 1 0.5 1 0.1 0.1 0.0833658177587448 0.4
"70" "db2" "pk-xt-1M-1000-120-4" 1630 9455 1 0.5 0.25 1 1 0.00614954930895943 1
"71" "db2" "pk-xt-1M-1000-120-4" 1630 9456 1 0.5 0.5 1 1 0.000886976021721894 0.6
"72" "db2" "pk-xt-1M-1000-120-4" 1630 9457 1 0.5 0.75 1 1 0.00095673049036922 1
"73" "db2" "pk-xt-1M-1000-120-4" 1630 9458 1 0.5 1 1 1 0.00312678425808242 0.4
"74" "db2" "pk-xt-1M-1000-120-8" 1869 9295 1 1 0.25 0 0 0.000336138163201407 1
"75" "db2" "pk-xt-1M-1000-120-8" 1869 9304 1 1 0.5 0 0 0.000347655934244262 1
"76" "db2" "pk-xt-1M-1000-120-8" 1869 9307 1 1 0.75 0 0 0.000355648139120991 1
"77" "db2" "pk-xt-1M-1000-120-8" 1869 9309 1 1 1 0 0 0.000370422526835756 1
"78" "db2" "pk-xt-1M-1000-120-8" 1869 9311 1 1 0.25 0 0 0.000348757660241608 1
"79" "db2" "pk-xt-1M-1000-120-8" 1869 9314 1 1 0.5 0 0 0.000349976062331119 1
"80" "db2" "pk-xt-1M-1000-120-8" 1869 9316 1 1 0.75 0 0 0.000357246508471971 1
"81" "db2" "pk-xt-1M-1000-120-8" 1869 9318 1 1 1 0 0 0.000364143576793023 1
"82" "db2" "pk-xt-1M-1000-120-8" 1869 9320 1 1 0.25 0 0 0.000351256419497193 1
"83" "db2" "pk-xt-1M-1000-120-8" 1869 9322 1 1 0.5 0 0 0.000349394758976909 1
"84" "db2" "pk-xt-1M-1000-120-8" 1869 9328 1 1 0.75 0 0 0.000340771471811621 1
"85" "db2" "pk-xt-1M-1000-120-8" 1869 9336 1 1 1 0 0 0.000340485833840134 1
"86" "db2" "pk-xt-1M-1000-120-8" 1869 9339 1 1 0.25 0 0 0.000340653578105235 1
"87" "db2" "pk-xt-1M-1000-120-8" 1869 9348 1 1 0.5 0 0 0.00033901495586058 1
"88" "db2" "pk-xt-1M-1000-120-8" 1869 9353 1 1 0.75 0 0 0.000282245769890462 0.7
"89" "db2" "pk-xt-1M-1000-120-8" 1869 9355 1 1 1 0 0 0.000336178201221984 1
"90" "db2" "pk-xt-1M-1000-120-8" 1869 9409 1 1 0.25 0.01 0.01 0.229588296178937 0.6
"91" "db2" "pk-xt-1M-1000-120-8" 1869 9412 1 1 0.5 0.01 0.01 0.885577674084915 1
"92" "db2" "pk-xt-1M-1000-120-8" 1869 9414 1 1 0.75 0.01 0.01 0.93331638299738 1
"93" "db2" "pk-xt-1M-1000-120-8" 1869 9416 1 1 1 0.01 0.01 3.12838756951465e-05 1
"94" "db2" "pk-xt-1M-1000-120-8" 1869 9419 1 1 0.25 0.1 0.1 3.041994259282e-05 1
"95" "db2" "pk-xt-1M-1000-120-8" 1869 9421 1 1 0.5 0.1 0.1 2.93412796413163e-05 1
"96" "db2" "pk-xt-1M-1000-120-8" 1869 9423 1 1 0.75 0.1 0.1 2.9264211823533e-05 1
"97" "db2" "pk-xt-1M-1000-120-8" 1869 9425 1 1 1 0.1 0.1 0.0512785700128007 0.3
"98" "db2" "pk-xt-1M-1000-120-8" 1869 9428 1 1 0.25 1 1 0.00261944896234531 0.6
"99" "db2" "pk-xt-1M-1000-120-8" 1869 9430 1 1 0.5 1 1 0.0169357679866326 0.4
"100" "db2" "pk-xt-1M-1000-120-8" 1869 9432 1 1 0.75 1 1 7.51898985320348e-05 1
"101" "db2" "pk-xt-1M-1000-120-8" 1869 9437 1 1 1 1 1 3.08196781792969e-05 1
"102" "db2" "xt-1M-1000-120-1" 689 1602 0 0.125 0.25 0 0 0.000366509616098466 1
"103" "db2" "xt-1M-1000-120-1" 689 1623 0 0.125 0.5 0 0 0.000358897091985742 1
"104" "db2" "xt-1M-1000-120-1" 689 1661 0 0.125 0.75 0 0 0.000847250211756095 1
"105" "db2" "xt-1M-1000-120-1" 689 1683 0 0.125 1 0 0 0.00083180957418908 1
"106" "db2" "xt-1M-1000-120-1" 689 1723 0 0.125 0.25 0 0 0.000385591278309551 1
"107" "db2" "xt-1M-1000-120-1" 689 1763 0 0.125 0.5 0 0 0.000346766932613846 1
"108" "db2" "xt-1M-1000-120-1" 689 1801 0 0.125 0.75 0 0 0.000797429950147991 1
"109" "db2" "xt-1M-1000-120-1" 689 1842 0 0.125 1 0 0 0.000876317026827015 0.6
"110" "db2" "xt-1M-1000-120-1" 689 1882 0 0.125 0.25 0 0 0.000377525371960239 1
"111" "db2" "xt-1M-1000-120-1" 689 1902 0 0.125 0.5 0 0 0.00037629006652036 1
"112" "db2" "xt-1M-1000-120-1" 689 1923 0 0.125 0.75 0 0 0.000795502896581576 1
"113" "db2" "xt-1M-1000-120-1" 689 1943 0 0.125 1 0 0 0.000824577948454583 0.1
"114" "db2" "xt-1M-1000-120-1" 689 1983 0 0.125 0.25 0 0 0.000384764661501894 1
"115" "db2" "xt-1M-1000-120-1" 689 2022 0 0.125 0.5 0 0 0.000368212843521225 1
"116" "db2" "xt-1M-1000-120-1" 689 2043 0 0.125 0.75 0 0 0.000795917816533639 0.5
"117" "db2" "xt-1M-1000-120-1" 689 2083 0 0.125 1 0 0 0.000746221894824858 1
"118" "db2" "xt-1M-1000-120-1" 689 2123 0 0.125 0.25 0.01 0.01 0.000289182732983359 0.4
"119" "db2" "xt-1M-1000-120-1" 689 2142 0 0.125 0.5 0.01 0.01 0.000275641788474958 0.1
"120" "db2" "xt-1M-1000-120-1" 689 2144 0 0.125 0.75 0.01 0.01 0.00027553707365191 0.1
"121" "db2" "xt-1M-1000-120-1" 689 2147 0 0.125 1 0.01 0.01 0.000311850985320377 0.1
"122" "db2" "xt-1M-1000-120-1" 689 2503 0 0.125 0.25 0.1 0.1 0.000249918828553699 0.2
"123" "db2" "xt-1M-1000-120-1" 689 2522 0 0.125 0.5 0.1 0.1 0.000324631350686546 0.1
"124" "db2" "xt-1M-1000-120-1" 689 2541 0 0.125 0.75 0.1 0.1 0.000407404908711818 0.1
"125" "db2" "xt-1M-1000-120-1" 689 4105 0 0.125 0.25 1 1 0.000310160435410394 1
"126" "db2" "xt-1M-1000-120-1" 689 4124 0 0.125 0.5 1 1 0.000269215507111425 0.1
"127" "db2" "xt-1M-1000-120-1" 689 4125 0 0.125 0.75 1 1 0.000271674729716994 1
"128" "db2" "xt-1M-1000-120-1" 689 4144 0 0.125 1 1 1 0.000285036541686105 0.2
"129" "db2" "xt-1M-1000-120-2" 949 401 0 0.25 0.25 0 0 0.000262615035289853 1
"130" "db2" "xt-1M-1000-120-2" 949 422 0 0.25 0.5 0 0 0.000271127304687888 1
"131" "db2" "xt-1M-1000-120-2" 949 462 0 0.25 0.75 0 0 0.000276637868532499 0.6
"132" "db2" "xt-1M-1000-120-2" 949 482 0 0.25 1 0 0 0.000272483798554988 1
"133" "db2" "xt-1M-1000-120-2" 949 521 0 0.25 0.25 0 0 0.000241063048696473 1
"134" "db2" "xt-1M-1000-120-2" 949 542 0 0.25 0.5 0 0 0.000268254666241941 0.4
"135" "db2" "xt-1M-1000-120-2" 949 582 0 0.25 0.75 0 0 0.000241765039107342 1
"136" "db2" "xt-1M-1000-120-2" 949 601 0 0.25 1 0 0 0.000248211733415177 1
"137" "db2" "xt-1M-1000-120-2" 949 641 0 0.25 0.25 0 0 0.00024019603574641 1
"138" "db2" "xt-1M-1000-120-2" 949 662 0 0.25 0.5 0 0 0.000261152752234216 1
"139" "db2" "xt-1M-1000-120-2" 949 702 0 0.25 0.75 0 0 0.000269592681022621 0.6
"140" "db2" "xt-1M-1000-120-2" 949 741 0 0.25 1 0 0 0.000281384486889676 1
"141" "db2" "xt-1M-1000-120-2" 949 762 0 0.25 0.25 0 0 0.000252797411822021 0.7
"142" "db2" "xt-1M-1000-120-2" 949 841 0 0.25 0.75 0 0 0.000241574804791327 1
"143" "db2" "xt-1M-1000-120-2" 949 862 0 0.25 1 0 0 0.000266734725571698 0.5
"144" "db2" "xt-1M-1000-120-2" 949 902 0 0.25 0.25 0.01 0.01 0.000230139186896239 1
"145" "db2" "xt-1M-1000-120-2" 949 941 0 0.25 0.5 0.01 0.01 0.000246327224722148 1
"146" "db2" "xt-1M-1000-120-2" 949 962 0 0.25 0.75 0.01 0.01 0.000273829692015925 0.4
"147" "db2" "xt-1M-1000-120-2" 949 1001 0 0.25 1 0.01 0.01 0.000207990211212502 1
"148" "db2" "xt-1M-1000-120-2" 949 1441 0 0.25 0.25 0.1 0.1 0.000172364967822834 1
"149" "db2" "xt-1M-1000-120-2" 949 1461 0 0.25 0.5 0.1 0.1 0.000208789467512358 0.5
"150" "db2" "xt-1M-1000-120-2" 949 1482 0 0.25 0.75 0.1 0.1 0.000230102371972131 1
"151" "db2" "xt-1M-1000-120-2" 949 1501 0 0.25 1 0.1 0.1 0.000230910294820269 1
"152" "db2" "xt-1M-1000-120-2" 949 1821 0 0.25 0.25 1 1 0.000209680188127557 1
"153" "db2" "xt-1M-1000-120-2" 949 1841 0 0.25 0.5 1 1 0.000193228644259245 0.4
"154" "db2" "xt-1M-1000-120-2" 949 1861 0 0.25 0.75 1 1 0.000223348409134286 0.4
"155" "db2" "xt-1M-1000-120-2" 949 1881 0 0.25 1 1 1 0.000203230270723254 1
"156" "db2" "xt-1M-1000-120-4" 849 2203 0 0.5 0.25 0 0 9.69387805074653e-05 1
"157" "db2" "xt-1M-1000-120-4" 849 2222 0 0.5 0.5 0 0 9.38463268823577e-05 1
"158" "db2" "xt-1M-1000-120-4" 849 2224 0 0.5 0.75 0 0 8.93835558875178e-05 1
"159" "db2" "xt-1M-1000-120-4" 849 2225 0 0.5 1 0 0 8.9179784566334e-05 1
"160" "db2" "xt-1M-1000-120-4" 849 2228 0 0.5 0.25 0 0 9.83438356946929e-05 1
"161" "db2" "xt-1M-1000-120-4" 849 2242 0 0.5 0.5 0 0 9.29102680434997e-05 1
"162" "db2" "xt-1M-1000-120-4" 849 2261 0 0.5 0.75 0 0 9.15799170699785e-05 1
"163" "db2" "xt-1M-1000-120-4" 849 2263 0 0.5 1 0 0 9.20252057532122e-05 1
"164" "db2" "xt-1M-1000-120-4" 849 2283 0 0.5 0.25 0 0 9.76237959435995e-05 1
"165" "db2" "xt-1M-1000-120-4" 849 2301 0 0.5 0.5 0 0 9.90583603696066e-05 1
"166" "db2" "xt-1M-1000-120-4" 849 2304 0 0.5 0.75 0 0 9.3403545051933e-05 1
"167" "db2" "xt-1M-1000-120-4" 849 2322 0 0.5 1 0 0 8.82898518191605e-05 1
"168" "db2" "xt-1M-1000-120-4" 849 2323 0 0.5 0.25 0 0 9.3980336071087e-05 1
"169" "db2" "xt-1M-1000-120-4" 849 2326 0 0.5 0.5 0 0 9.21569945865964e-05 1
"170" "db2" "xt-1M-1000-120-4" 849 2342 0 0.5 0.75 0 0 9.29850438815721e-05 1
"171" "db2" "xt-1M-1000-120-4" 849 3003 0 0.5 0.25 0.1 0.1 7.90386338374165e-05 0.5
"172" "db2" "xt-1M-1000-120-4" 849 3004 0 0.5 0.5 0.1 0.1 9.94018708287972e-05 0.5
"173" "db2" "xt-1M-1000-120-4" 849 3024 0 0.5 1 0.1 0.1 6.49184630814184e-05 0.6
"174" "db2" "xt-1M-1000-120-4" 849 3184 0 0.5 0.5 1 1 9.09517713804243e-05 1
"175" "db2" "xt-1M-1000-120-8" 1870 3764 0 1 0.25 0 0 0.0003284691990883 1
"176" "db2" "xt-1M-1000-120-8" 1870 3804 0 1 0.5 0 0 0.000347554370893317 1
"177" "db2" "xt-1M-1000-120-8" 1870 3806 0 1 0.75 0 0 0.000359820115189994 1
"178" "db2" "xt-1M-1000-120-8" 1870 3823 0 1 1 0 0 0.000362004515103338 1
"179" "db2" "xt-1M-1000-120-8" 1870 3843 0 1 0.25 0 0 0.000343808917923664 1
"180" "db2" "xt-1M-1000-120-8" 1870 3863 0 1 0.5 0 0 0.000359250987977999 1
"181" "db2" "xt-1M-1000-120-8" 1870 4164 0 1 0.75 0 0 0.000364763700553588 1
"182" "db2" "xt-1M-1000-120-8" 1870 4184 0 1 1 0 0 0.00034009813114714 1
"183" "db2" "xt-1M-1000-120-8" 1870 4204 0 1 0.25 0 0 0.000340112742517798 1
"184" "db2" "xt-1M-1000-120-8" 1870 4224 0 1 0.5 0 0 0.000348802998465267 1
"185" "db2" "xt-1M-1000-120-8" 1870 4244 0 1 0.75 0 0 0.000351787370922126 1
"186" "db2" "xt-1M-1000-120-8" 1870 4265 0 1 1 0 0 0.000361507871749704 1
"187" "db2" "xt-1M-1000-120-8" 1870 4384 0 1 0.25 0 0 0.000349165990752002 1
"188" "db2" "xt-1M-1000-120-8" 1870 4604 0 1 0.5 0 0 0.000351546927925566 1
"189" "db2" "xt-1M-1000-120-8" 1870 4625 0 1 0.75 0 0 0.000353186911033174 1
"190" "db2" "xt-1M-1000-120-8" 1870 4724 0 1 1 0 0 0.000356072155367532 1
"191" "db2" "xt-1M-1000-120-8" 1870 4765 0 1 0.25 0.01 0.01 0.202965509463838 1
"192" "db2" "xt-1M-1000-120-8" 1870 4805 0 1 0.5 0.01 0.01 0.461516779063292 0.5
"193" "db2" "xt-1M-1000-120-8" 1870 4824 0 1 0.75 0.01 0.01 0.859304543271231 1
"194" "db2" "xt-1M-1000-120-8" 1870 4844 0 1 1 0.01 0.01 0.945274820086889 1
"195" "db2" "xt-1M-1000-120-8" 1870 5205 0 1 0.25 0.1 0.1 0.0328083872175525 1
"196" "db2" "xt-1M-1000-120-8" 1870 5245 0 1 0.5 0.1 0.1 0.0364354862942684 1
"197" "db2" "xt-1M-1000-120-8" 1870 5284 0 1 0.75 0.1 0.1 0.0152779168916948 0.5
"198" "db2" "xt-1M-1000-120-8" 1870 5304 0 1 1 0.1 0.1 0.0386959514991452 0.7
"199" "db2" "xt-1M-1000-120-8" 1870 5606 0 1 0.25 1 1 0.00359744401072727 1
"200" "db2" "xt-1M-1000-120-8" 1870 5608 0 1 0.5 1 1 0.013876263718602 1
"201" "db2" "xt-1M-1000-120-8" 1870 5626 0 1 0.75 1 1 0.0343521850329832 0.6
"202" "db2" "xt-1M-1000-120-8" 1870 5628 0 1 1 1 1 0.000234493948347197 1
"203" "mysql" "pk-xt-1M-1000-120-1" 1290 7207 1 0.125 0.25 0 0 0.200576430462096 1
"204" "mysql" "pk-xt-1M-1000-120-1" 1290 7246 1 0.125 0.5 0 0 0.0757488146879199 0.7
"205" "mysql" "pk-xt-1M-1000-120-1" 1290 7286 1 0.125 0.75 0 0 0.108991023814212 0.6
"206" "mysql" "pk-xt-1M-1000-120-1" 1290 7306 1 0.125 1 0 0 0.488449856212026 0.7
"207" "mysql" "pk-xt-1M-1000-120-1" 1290 7327 1 0.125 0.25 0 0 0.172736730513182 1
"208" "mysql" "pk-xt-1M-1000-120-1" 1290 7366 1 0.125 0.5 0 0 0.0782455746209531 1
"209" "mysql" "pk-xt-1M-1000-120-1" 1290 7406 1 0.125 0.75 0 0 0.0849773430732658 1
"210" "mysql" "pk-xt-1M-1000-120-1" 1290 7427 1 0.125 1 0 0 0.496375860549522 0.6
"211" "mysql" "pk-xt-1M-1000-120-1" 1290 7467 1 0.125 0.25 0 0 0.183236563246114 1
"212" "mysql" "pk-xt-1M-1000-120-1" 1290 7506 1 0.125 0.5 0 0 0.0639088628504356 1
"213" "mysql" "pk-xt-1M-1000-120-1" 1290 7546 1 0.125 0.75 0 0 0.346067450631522 0.7
"214" "mysql" "pk-xt-1M-1000-120-1" 1290 7587 1 0.125 1 0 0 0.481330251558901 1
"215" "mysql" "pk-xt-1M-1000-120-1" 1290 7627 1 0.125 0.25 0 0 0.188926547416717 1
"216" "mysql" "pk-xt-1M-1000-120-1" 1290 7666 1 0.125 0.5 0 0 0.0496697816085521 1
"217" "mysql" "pk-xt-1M-1000-120-1" 1290 7686 1 0.125 0.75 0 0 0.102648203602617 0.7
"218" "mysql" "pk-xt-1M-1000-120-1" 1290 7706 1 0.125 1 0 0 0.49890095486686 1
"219" "mysql" "pk-xt-1M-1000-120-1" 1290 7726 1 0.125 0.25 0.01 0.01 0.00181228662172499 1
"220" "mysql" "pk-xt-1M-1000-120-1" 1290 7747 1 0.125 0.5 0.01 0.01 0.00179157392945204 1
"221" "mysql" "pk-xt-1M-1000-120-1" 1290 7766 1 0.125 0.75 0.01 0.01 0.00180104116652155 1
"222" "mysql" "pk-xt-1M-1000-120-1" 1290 7786 1 0.125 1 0.01 0.01 0.00178818817404829 1
"223" "mysql" "pk-xt-1M-1000-120-1" 1290 8126 1 0.125 0.25 0.1 0.1 0.00396176822417127 1
"224" "mysql" "pk-xt-1M-1000-120-1" 1290 8146 1 0.125 0.5 0.1 0.1 0.0039384206863474 1
"225" "mysql" "pk-xt-1M-1000-120-1" 1290 8166 1 0.125 0.75 0.1 0.1 0.00412428620253623 1
"226" "mysql" "pk-xt-1M-1000-120-1" 1290 8186 1 0.125 1 0.1 0.1 0.0041989584717754 1
"227" "mysql" "pk-xt-1M-1000-120-1" 1290 8526 1 0.125 0.25 1 1 0.033704545339743 1
"228" "mysql" "pk-xt-1M-1000-120-2" 1471 9266 1 0.25 0.25 0 0 0.0426494743979304 1
"229" "mysql" "pk-xt-1M-1000-120-2" 1471 9305 1 0.25 0.5 0 0 0.161722769629644 0
"230" "mysql" "pk-xt-1M-1000-120-2" 1471 9306 1 0.25 0.75 0 0 0.209010962282901 0
"231" "mysql" "pk-xt-1M-1000-120-2" 1471 9308 1 0.25 1 0 0 0.160914318480182 0
"232" "mysql" "pk-xt-1M-1000-120-2" 1471 9310 1 0.25 0.25 0 0 0.108657847605041 1
"233" "mysql" "pk-xt-1M-1000-120-2" 1471 9312 1 0.25 0.5 0 0 0.075896644371058 0.7
"234" "mysql" "pk-xt-1M-1000-120-2" 1471 9313 1 0.25 0.75 0 0 0.219601361806246 1
"235" "mysql" "pk-xt-1M-1000-120-2" 1471 9315 1 0.25 1 0 0 0.339681966291973 0
"236" "mysql" "pk-xt-1M-1000-120-2" 1471 9317 1 0.25 0.25 0 0 0.0831832837783147 1
"237" "mysql" "pk-xt-1M-1000-120-2" 1471 9319 1 0.25 0.5 0 0 0.00888040395612386 0.6
"238" "mysql" "pk-xt-1M-1000-120-2" 1471 9321 1 0.25 0.75 0 0 0.241486240546562 0.7
"239" "mysql" "pk-xt-1M-1000-120-2" 1471 9323 1 0.25 1 0 0 0.497957625868359 1
"240" "mysql" "pk-xt-1M-1000-120-2" 1471 9329 1 0.25 0.25 0 0 0.0700338966430353 1
"241" "mysql" "pk-xt-1M-1000-120-2" 1471 9334 1 0.25 0.5 0 0 0.0772872485545831 0.7
"242" "mysql" "pk-xt-1M-1000-120-2" 1471 9337 1 0.25 0.75 0 0 0.238860157592192 0.5
"243" "mysql" "pk-xt-1M-1000-120-2" 1471 9340 1 0.25 1 0 0 0.508139804251718 1
"244" "mysql" "pk-xt-1M-1000-120-2" 1471 9445 1 0.25 0.75 0.1 0.1 0.00283722735941123 1
"245" "mysql" "pk-xt-1M-1000-120-2" 1471 9447 1 0.25 1 0.1 0.1 0.00280242228663628 0.7
"246" "mysql" "pk-xt-1M-1000-120-2" 1471 9450 1 0.25 0.5 1 1 0.0277613531348276 1
"247" "mysql" "pk-xt-1M-1000-120-2" 1471 9452 1 0.25 0.75 1 1 0.0413240421561178 1
"248" "mysql" "pk-xt-1M-1000-120-2" 1471 9454 1 0.25 1 1 1 0.0460267109428442 0.2
"249" "mysql" "pk-xt-1M-1000-120-4" 1473 8686 1 0.5 0.25 0 0 0.126352592210341 1
"250" "mysql" "pk-xt-1M-1000-120-4" 1473 8766 1 0.5 0.5 0 0 0.0381085308510864 0.6
"251" "mysql" "pk-xt-1M-1000-120-4" 1473 8806 1 0.5 0.75 0 0 0.285650418082974 0.1
"252" "mysql" "pk-xt-1M-1000-120-4" 1473 9413 1 0.5 1 0 0 0.160851871702346 0
"253" "mysql" "pk-xt-1M-1000-120-4" 1473 9415 1 0.5 0.25 0 0 0.0794034715259401 0.6
"254" "mysql" "pk-xt-1M-1000-120-4" 1473 9417 1 0.5 0.5 0 0 0.0909403802412605 1
"255" "mysql" "pk-xt-1M-1000-120-4" 1473 9418 1 0.5 0.75 0 0 0.397588190862469 0
"256" "mysql" "pk-xt-1M-1000-120-4" 1473 9420 1 0.5 1 0 0 0.345462084856692 0
"257" "mysql" "pk-xt-1M-1000-120-4" 1473 9422 1 0.5 0.25 0 0 0.0916045776256794 1
"258" "mysql" "pk-xt-1M-1000-120-4" 1473 9424 1 0.5 0.5 0 0 0.0344073577834602 1
"259" "mysql" "pk-xt-1M-1000-120-4" 1473 9426 1 0.5 0.75 0 0 0.483686486634633 0.7
"260" "mysql" "pk-xt-1M-1000-120-4" 1473 9427 1 0.5 1 0 0 0.461383695118123 1
"261" "mysql" "pk-xt-1M-1000-120-4" 1473 9429 1 0.5 0.25 0 0 0.058504471742842 0.5
"262" "mysql" "pk-xt-1M-1000-120-4" 1473 9431 1 0.5 0.5 0 0 0.0360900594535419 1
"263" "mysql" "pk-xt-1M-1000-120-4" 1473 9433 1 0.5 0.75 0 0 0.503118000854647 1
"264" "mysql" "pk-xt-1M-1000-120-4" 1473 9435 1 0.5 1 0 0 0.472351426842514 1
"265" "mysql" "pk-xt-1M-1000-120-4" 1473 9438 1 0.5 0.25 0.01 0.01 0.000533125081191815 1
"266" "mysql" "pk-xt-1M-1000-120-4" 1473 9440 1 0.5 0.5 0.01 0.01 0.000522561704825506 1
"267" "mysql" "pk-xt-1M-1000-120-4" 1473 9446 1 0.5 0.25 0.1 0.1 0.00147037059254517 1
"268" "mysql" "pk-xt-1M-1000-120-4" 1473 9449 1 0.5 0.5 0.1 0.1 0.00145995461912403 1
"269" "mysql" "pk-xt-1M-1000-120-4" 1473 9451 1 0.5 0.75 0.1 0.1 0.00142325586973721 1
"270" "mysql" "pk-xt-1M-1000-120-4" 1473 9453 1 0.5 1 0.1 0.1 0.00140597914154856 1
"271" "mysql" "pk-xt-1M-1000-120-4" 1473 9455 1 0.5 0.25 1 1 0.0166779671114771 1
"272" "mysql" "pk-xt-1M-1000-120-8" 1470 9295 1 1 0.25 0 0 0.0492969590924614 1
"273" "mysql" "pk-xt-1M-1000-120-8" 1470 9304 1 1 0.5 0 0 0.182779762879908 0
"274" "mysql" "pk-xt-1M-1000-120-8" 1470 9307 1 1 0.75 0 0 0.216061906243071 0
"275" "mysql" "pk-xt-1M-1000-120-8" 1470 9309 1 1 1 0 0 0.145058883940141 0
"276" "mysql" "pk-xt-1M-1000-120-8" 1470 9311 1 1 0.25 0 0 0.0542456382377149 1
"277" "mysql" "pk-xt-1M-1000-120-8" 1470 9314 1 1 0.5 0 0 0.0517977642264358 1
"278" "mysql" "pk-xt-1M-1000-120-8" 1470 9316 1 1 0.75 0 0 0.378945729120261 0
"279" "mysql" "pk-xt-1M-1000-120-8" 1470 9318 1 1 1 0 0 0.301907029076862 0
"280" "mysql" "pk-xt-1M-1000-120-8" 1470 9320 1 1 0.25 0 0 0.067699724736997 0.7
"281" "mysql" "pk-xt-1M-1000-120-8" 1470 9322 1 1 0.5 0 0 0.0344577092113664 1
"282" "mysql" "pk-xt-1M-1000-120-8" 1470 9328 1 1 0.75 0 0 0.469679484597222 0.6
"283" "mysql" "pk-xt-1M-1000-120-8" 1470 9336 1 1 1 0 0 0.480202577486252 1
"284" "mysql" "pk-xt-1M-1000-120-8" 1470 9339 1 1 0.25 0 0 0.0465398412227832 1
"285" "mysql" "pk-xt-1M-1000-120-8" 1470 9348 1 1 0.5 0 0 0.0462690546352042 0.7
"286" "mysql" "pk-xt-1M-1000-120-8" 1470 9353 1 1 0.75 0 0 0.498520784693562 1
"287" "mysql" "pk-xt-1M-1000-120-8" 1470 9355 1 1 1 0 0 0.477692908192369 1
"288" "mysql" "pk-xt-1M-1000-120-8" 1470 9409 1 1 0.25 0.01 0.01 0.000311120416787486 1
"289" "mysql" "pk-xt-1M-1000-120-8" 1470 9412 1 1 0.5 0.01 0.01 0.000311642057044843 1
"290" "mysql" "pk-xt-1M-1000-120-8" 1470 9414 1 1 0.75 0.01 0.01 0.000300918600220592 1
"291" "mysql" "pk-xt-1M-1000-120-8" 1470 9416 1 1 1 0.01 0.01 0.000293264748848704 1
"292" "mysql" "pk-xt-1M-1000-120-8" 1470 9419 1 1 0.25 0.1 0.1 0.000826153899379014 1
"293" "mysql" "pk-xt-1M-1000-120-8" 1470 9421 1 1 0.5 0.1 0.1 0.000843624228228879 1
"294" "mysql" "pk-xt-1M-1000-120-8" 1470 9423 1 1 0.75 0.1 0.1 0.000777018868080142 1
"295" "mysql" "pk-xt-1M-1000-120-8" 1470 9425 1 1 1 0.1 0.1 0.00084018561404304 1
"296" "mysql" "pk-xt-1M-1000-120-8" 1470 9428 1 1 0.25 1 1 0.00941051472587384 0.4
"297" "mysql" "pk-xt-1M-1000-120-8" 1470 9430 1 1 0.5 1 1 0.00990729645778278 0.1
"298" "mysql" "xt-1M-1000-120-1" 1289 1602 0 0.125 0.25 0 0 0.362552516493717 1
"299" "mysql" "xt-1M-1000-120-1" 1289 1623 0 0.125 0.5 0 0 0.362504745763341 1
"300" "mysql" "xt-1M-1000-120-1" 1289 1661 0 0.125 0.75 0 0 0.362765986971668 1
"301" "mysql" "xt-1M-1000-120-1" 1289 1683 0 0.125 1 0 0 0.362403774817527 1
"302" "mysql" "xt-1M-1000-120-1" 1289 1723 0 0.125 0.25 0 0 0.362411048630013 1
"303" "mysql" "xt-1M-1000-120-1" 1289 1763 0 0.125 0.5 0 0 0.362638906437605 1
"304" "mysql" "xt-1M-1000-120-1" 1289 1801 0 0.125 0.75 0 0 0.362565859683351 1
"305" "mysql" "xt-1M-1000-120-1" 1289 1842 0 0.125 1 0 0 0.362483684618528 1
"306" "mysql" "xt-1M-1000-120-1" 1289 1882 0 0.125 0.25 0 0 0.362782119428985 1
"307" "mysql" "xt-1M-1000-120-1" 1289 1902 0 0.125 0.5 0 0 0.362547722316781 1
"308" "mysql" "xt-1M-1000-120-1" 1289 1923 0 0.125 0.75 0 0 0.362417824509907 1
"309" "mysql" "xt-1M-1000-120-1" 1289 1943 0 0.125 1 0 0 0.362349917448531 1
"310" "mysql" "xt-1M-1000-120-1" 1289 1983 0 0.125 0.25 0 0 0.362554737207184 1
"311" "mysql" "xt-1M-1000-120-1" 1289 2022 0 0.125 0.5 0 0 0.36229197183235 1
"312" "mysql" "xt-1M-1000-120-1" 1289 2043 0 0.125 0.75 0 0 0.36270087662691 1
"313" "mysql" "xt-1M-1000-120-1" 1289 2083 0 0.125 1 0 0 0.362360099998144 1
"314" "mysql" "xt-1M-1000-120-1" 1289 2123 0 0.125 0.25 0.01 0.01 0.527269669875974 0.1
"315" "mysql" "xt-1M-1000-120-1" 1289 2142 0 0.125 0.5 0.01 0.01 0.509992515164226 0.1
"316" "mysql" "xt-1M-1000-120-1" 1289 2144 0 0.125 0.75 0.01 0.01 0.527146882578031 0.1
"317" "mysql" "xt-1M-1000-120-1" 1289 2147 0 0.125 1 0.01 0.01 0.50663737452134 0.1
"318" "mysql" "xt-1M-1000-120-1" 1289 2503 0 0.125 0.25 0.1 0.1 0.53945453336012 0.1
"319" "mysql" "xt-1M-1000-120-1" 1289 2522 0 0.125 0.5 0.1 0.1 0.52408798611437 0.1
"320" "mysql" "xt-1M-1000-120-1" 1289 2541 0 0.125 0.75 0.1 0.1 0.522451313413333 0.1
"321" "mysql" "xt-1M-1000-120-1" 1289 2561 0 0.125 1 0.1 0.1 0.514831201988274 0.1
"322" "mysql" "xt-1M-1000-120-1" 1289 4144 0 0.125 1 1 1 0.797407698391342 0.1
"323" "mysql" "xt-1M-1000-120-2" 1291 401 0 0.25 0.25 0 0 0.362128329996059 1
"324" "mysql" "xt-1M-1000-120-2" 1291 422 0 0.25 0.5 0 0 0.36226088850488 1
"325" "mysql" "xt-1M-1000-120-2" 1291 462 0 0.25 0.75 0 0 0.362237287058678 1
"326" "mysql" "xt-1M-1000-120-2" 1291 482 0 0.25 1 0 0 0.362074252811884 1
"327" "mysql" "xt-1M-1000-120-2" 1291 521 0 0.25 0.25 0 0 0.361868856118963 1
"328" "mysql" "xt-1M-1000-120-2" 1291 542 0 0.25 0.5 0 0 0.361809726265515 1
"329" "mysql" "xt-1M-1000-120-2" 1291 582 0 0.25 0.75 0 0 0.36186328768263 1
"330" "mysql" "xt-1M-1000-120-2" 1291 601 0 0.25 1 0 0 0.361716555571277 1
"331" "mysql" "xt-1M-1000-120-2" 1291 641 0 0.25 0.25 0 0 0.362682148072823 1
"332" "mysql" "xt-1M-1000-120-2" 1291 662 0 0.25 0.5 0 0 0.36204430680772 1
"333" "mysql" "xt-1M-1000-120-2" 1291 702 0 0.25 0.75 0 0 0.362048897571457 1
"334" "mysql" "xt-1M-1000-120-2" 1291 741 0 0.25 1 0 0 0.362006809661526 1
"335" "mysql" "xt-1M-1000-120-2" 1291 762 0 0.25 0.25 0 0 0.361871760343754 1
"336" "mysql" "xt-1M-1000-120-2" 1291 802 0 0.25 0.5 0 0 0.361681619712409 1
"337" "mysql" "xt-1M-1000-120-2" 1291 841 0 0.25 0.75 0 0 0.361966143925006 1
"338" "mysql" "xt-1M-1000-120-2" 1291 862 0 0.25 1 0 0 0.362019624334964 1
"339" "mysql" "xt-1M-1000-120-2" 1291 902 0 0.25 0.25 0.01 0.01 0.52636076326126 0.1
"340" "mysql" "xt-1M-1000-120-2" 1291 941 0 0.25 0.5 0.01 0.01 0.553575143889725 0.1
"341" "mysql" "xt-1M-1000-120-2" 1291 962 0 0.25 0.75 0.01 0.01 0.517788721109468 0.1
"342" "mysql" "xt-1M-1000-120-2" 1291 1001 0 0.25 1 0.01 0.01 0.512821278529062 0.1
"343" "mysql" "xt-1M-1000-120-2" 1291 1441 0 0.25 0.25 0.1 0.1 0.557081292761862 0.1
"344" "mysql" "xt-1M-1000-120-2" 1291 1461 0 0.25 0.5 0.1 0.1 0.515701514171507 0.1
"345" "mysql" "xt-1M-1000-120-2" 1291 1482 0 0.25 0.75 0.1 0.1 0.518687591431525 0.1
"346" "mysql" "xt-1M-1000-120-2" 1291 1501 0 0.25 1 0.1 0.1 0.528814965929892 0.1
"347" "mysql" "xt-1M-1000-120-2" 1291 1861 0 0.25 0.75 1 1 0.843788626776597 0.1
"348" "mysql" "xt-1M-1000-120-2" 1291 1881 0 0.25 1 1 1 0.550839485396335 0.1
"349" "mysql" "xt-1M-1000-120-4" 1270 2203 0 0.5 0.25 0 0 0.360021729615021 1
"350" "mysql" "xt-1M-1000-120-4" 1270 2222 0 0.5 0.5 0 0 0.359342043031715 1
"351" "mysql" "xt-1M-1000-120-4" 1270 2224 0 0.5 0.75 0 0 0.359116681404902 1
"352" "mysql" "xt-1M-1000-120-4" 1270 2225 0 0.5 1 0 0 0.359624349968814 1
"353" "mysql" "xt-1M-1000-120-4" 1270 2228 0 0.5 0.25 0 0 0.359484299049942 1
"354" "mysql" "xt-1M-1000-120-4" 1270 2242 0 0.5 0.5 0 0 0.359303482263686 1
"355" "mysql" "xt-1M-1000-120-4" 1270 2261 0 0.5 0.75 0 0 0.358780697663834 1
"356" "mysql" "xt-1M-1000-120-4" 1270 2263 0 0.5 1 0 0 0.359025103708187 1
"357" "mysql" "xt-1M-1000-120-4" 1270 2283 0 0.5 0.25 0 0 0.359437740275463 1
"358" "mysql" "xt-1M-1000-120-4" 1270 2301 0 0.5 0.5 0 0 0.359333261096579 1
"359" "mysql" "xt-1M-1000-120-4" 1270 2304 0 0.5 0.75 0 0 0.359646101357642 1
"360" "mysql" "xt-1M-1000-120-4" 1270 2322 0 0.5 1 0 0 0.358980785773622 1
"361" "mysql" "xt-1M-1000-120-4" 1270 2323 0 0.5 0.25 0 0 0.359284008744569 1
"362" "mysql" "xt-1M-1000-120-4" 1270 2326 0 0.5 0.5 0 0 0.359223106689433 1
"363" "mysql" "xt-1M-1000-120-4" 1270 2342 0 0.5 0.75 0 0 0.359317540192868 1
"364" "mysql" "xt-1M-1000-120-4" 1270 2344 0 0.5 1 0 0 0.359596173301363 1
"365" "mysql" "xt-1M-1000-120-4" 1270 2362 0 0.5 0.25 0.01 0.01 0.507227899011298 0.3
"366" "mysql" "xt-1M-1000-120-4" 1270 2382 0 0.5 0.5 0.01 0.01 0.470885699872487 0.3
"367" "mysql" "xt-1M-1000-120-4" 1270 2384 0 0.5 0.75 0.01 0.01 0.498988336664968 0.3
"368" "mysql" "xt-1M-1000-120-4" 1270 2387 0 0.5 1 0.01 0.01 0.474216910599829 0.3
"369" "mysql" "xt-1M-1000-120-4" 1270 3003 0 0.5 0.25 0.1 0.1 0.497343341857224 0.3
"370" "mysql" "xt-1M-1000-120-4" 1270 3004 0 0.5 0.5 0.1 0.1 0.505594131824291 0.3
"371" "mysql" "xt-1M-1000-120-4" 1270 3023 0 0.5 0.75 0.1 0.1 0.491257715647532 0.3
"372" "mysql" "xt-1M-1000-120-4" 1270 3024 0 0.5 1 0.1 0.1 0.520445740991105 0.3
"373" "mysql" "xt-1M-1000-120-4" 1270 3183 0 0.5 0.25 1 1 0.521654055003541 0.3
"374" "mysql" "xt-1M-1000-120-4" 1270 3184 0 0.5 0.5 1 1 0.733235267615052 0.7
"375" "mysql" "xt-1M-1000-120-4" 1270 3203 0 0.5 0.75 1 1 0.687181064733695 0.3
"376" "mysql" "xt-1M-1000-120-4" 1270 3204 0 0.5 1 1 1 0.651267344325922 0.3
"377" "mysql" "xt-1M-1000-120-8" 1369 3764 0 1 0.25 0 0 0.357757972697533 1
"378" "mysql" "xt-1M-1000-120-8" 1369 3804 0 1 0.5 0 0 0.358306059750654 1
"379" "mysql" "xt-1M-1000-120-8" 1369 3806 0 1 0.75 0 0 0.358126137266232 1
"380" "mysql" "xt-1M-1000-120-8" 1369 3823 0 1 1 0 0 0.358079254534745 1
"381" "mysql" "xt-1M-1000-120-8" 1369 3843 0 1 0.25 0 0 0.357699189935762 1
"382" "mysql" "xt-1M-1000-120-8" 1369 3863 0 1 0.5 0 0 0.357707872384654 1
"383" "mysql" "xt-1M-1000-120-8" 1369 4164 0 1 0.75 0 0 0.357811401394699 1
"384" "mysql" "xt-1M-1000-120-8" 1369 4184 0 1 1 0 0 0.357573280818205 1
"385" "mysql" "xt-1M-1000-120-8" 1369 4204 0 1 0.25 0 0 0.357940687815985 1
"386" "mysql" "xt-1M-1000-120-8" 1369 4224 0 1 0.5 0 0 0.357842731396486 1
"387" "mysql" "xt-1M-1000-120-8" 1369 4244 0 1 0.75 0 0 0.357967096722459 1
"388" "mysql" "xt-1M-1000-120-8" 1369 4265 0 1 1 0 0 0.358152541373873 1
"389" "mysql" "xt-1M-1000-120-8" 1369 4384 0 1 0.25 0 0 0.357650446259999 1
"390" "mysql" "xt-1M-1000-120-8" 1369 4604 0 1 0.5 0 0 0.358173532541681 1
"391" "mysql" "xt-1M-1000-120-8" 1369 4625 0 1 0.75 0 0 0.35800539291008 1
"392" "mysql" "xt-1M-1000-120-8" 1369 4724 0 1 1 0 0 0.357510533432905 1
"393" "mysql" "xt-1M-1000-120-8" 1369 4765 0 1 0.25 0.01 0.01 0.448093355026706 0.1
"394" "mysql" "xt-1M-1000-120-8" 1369 4805 0 1 0.5 0.01 0.01 0.453402848218476 0.3
"395" "mysql" "xt-1M-1000-120-8" 1369 4824 0 1 0.75 0.01 0.01 0.436697624597778 0.3
"396" "mysql" "xt-1M-1000-120-8" 1369 4844 0 1 1 0.01 0.01 0.428579414626842 0.1
"397" "mysql" "xt-1M-1000-120-8" 1369 5205 0 1 0.25 0.1 0.1 0.427939455285989 0.3
"398" "mysql" "xt-1M-1000-120-8" 1369 5245 0 1 0.5 0.1 0.1 0.470849499700312 0.1
"399" "mysql" "xt-1M-1000-120-8" 1369 5284 0 1 0.75 0.1 0.1 0.450656673620802 0.3
"400" "mysql" "xt-1M-1000-120-8" 1369 5304 0 1 1 0.1 0.1 0.430198281295626 0.3
"401" "mysql" "xt-1M-1000-120-8" 1369 5606 0 1 0.25 1 1 0.431461563212853 0.3
"402" "mysql" "xt-1M-1000-120-8" 1369 5608 0 1 0.5 1 1 0.453192563735573 0.1
"403" "mysql" "xt-1M-1000-120-8" 1369 5626 0 1 0.75 1 1 0.458429507819185 0.3
"404" "oracle" "pk-xt-1M-1000-120-1" 1329 7207 1 0.125 0.25 0 0 0.000543260000600893 0.7
"405" "oracle" "pk-xt-1M-1000-120-1" 1329 7246 1 0.125 0.5 0 0 0.000634292206144301 0.5
"406" "oracle" "pk-xt-1M-1000-120-1" 1329 7286 1 0.125 0.75 0 0 0.000638700470996638 0.6
"407" "oracle" "pk-xt-1M-1000-120-1" 1329 7306 1 0.125 1 0 0 0.000809987706984726 0.4
"408" "oracle" "pk-xt-1M-1000-120-1" 1329 7327 1 0.125 0.25 0 0 0.000774994906746571 1
"409" "oracle" "pk-xt-1M-1000-120-1" 1329 7366 1 0.125 0.5 0 0 0.00098460289751323 0
"410" "oracle" "pk-xt-1M-1000-120-1" 1329 7406 1 0.125 0.75 0 0 0.00103420778465286 0.2
"411" "oracle" "pk-xt-1M-1000-120-1" 1329 7427 1 0.125 1 0 0 0.000758319106988408 1
"412" "oracle" "pk-xt-1M-1000-120-1" 1329 7467 1 0.125 0.25 0 0 0.000630802881907355 0
"413" "oracle" "pk-xt-1M-1000-120-1" 1329 7506 1 0.125 0.5 0 0 0.00071377827739593 1
"414" "oracle" "pk-xt-1M-1000-120-1" 1329 7546 1 0.125 0.75 0 0 0.000648773077207322 0.6
"415" "oracle" "pk-xt-1M-1000-120-1" 1329 7587 1 0.125 1 0 0 0.000588498093396085 0.5
"416" "oracle" "pk-xt-1M-1000-120-1" 1329 7627 1 0.125 0.25 0 0 0.000630971700537946 0.7
"417" "oracle" "pk-xt-1M-1000-120-1" 1329 7666 1 0.125 0.5 0 0 0.000713949459630598 1
"418" "oracle" "pk-xt-1M-1000-120-1" 1329 7686 1 0.125 0.75 0 0 0.000952888058008044 0.2
"419" "oracle" "pk-xt-1M-1000-120-1" 1329 7706 1 0.125 1 0 0 0.000639373525163655 1
"420" "oracle" "pk-xt-1M-1000-120-1" 1329 7726 1 0.125 0.25 0.01 0.01 0.00068052680874323 1
"421" "oracle" "pk-xt-1M-1000-120-1" 1329 7747 1 0.125 0.5 0.01 0.01 0.000684037405416869 1
"422" "oracle" "pk-xt-1M-1000-120-1" 1329 7766 1 0.125 0.75 0.01 0.01 0.000668235924294098 1
"423" "oracle" "pk-xt-1M-1000-120-1" 1329 7786 1 0.125 1 0.01 0.01 0.000679692743001513 1
"424" "oracle" "pk-xt-1M-1000-120-1" 1329 8126 1 0.125 0.25 0.1 0.1 0.000697074257637575 1
"425" "oracle" "pk-xt-1M-1000-120-1" 1329 8146 1 0.125 0.5 0.1 0.1 0.000660935467543905 1
"426" "oracle" "pk-xt-1M-1000-120-1" 1329 8166 1 0.125 0.75 0.1 0.1 0.000670285742023785 1
"427" "oracle" "pk-xt-1M-1000-120-1" 1329 8186 1 0.125 1 0.1 0.1 0.000735600359473382 1
"428" "oracle" "pk-xt-1M-1000-120-1" 1329 8526 1 0.125 0.25 1 1 0.000927485187378303 1
"429" "oracle" "pk-xt-1M-1000-120-1" 1329 8547 1 0.125 0.5 1 1 0.000808813353880287 1
"430" "oracle" "pk-xt-1M-1000-120-1" 1329 8567 1 0.125 0.75 1 1 0.000695655092450252 1
"431" "oracle" "pk-xt-1M-1000-120-1" 1329 8586 1 0.125 1 1 1 0.000677202865167308 1
"432" "oracle" "pk-xt-1M-1000-120-2" 1610 9266 1 0.25 0.25 0 0 0.000153365458759516 1
"433" "oracle" "pk-xt-1M-1000-120-2" 1610 9305 1 0.25 0.5 0 0 0.000149505621677409 1
"434" "oracle" "pk-xt-1M-1000-120-2" 1610 9306 1 0.25 0.75 0 0 0.000165485447471445 1
"435" "oracle" "pk-xt-1M-1000-120-2" 1610 9308 1 0.25 1 0 0 0.000168829302621106 1
"436" "oracle" "pk-xt-1M-1000-120-2" 1610 9310 1 0.25 0.25 0 0 0.000132655488212476 1
"437" "oracle" "pk-xt-1M-1000-120-2" 1610 9312 1 0.25 0.5 0 0 0.00013233926663672 1
"438" "oracle" "pk-xt-1M-1000-120-2" 1610 9313 1 0.25 0.75 0 0 0.000140217660395923 1
"439" "oracle" "pk-xt-1M-1000-120-2" 1610 9315 1 0.25 1 0 0 9.21233311345907e-05 1
"440" "oracle" "pk-xt-1M-1000-120-2" 1610 9317 1 0.25 0.25 0 0 8.86042827857675e-05 1
"441" "oracle" "pk-xt-1M-1000-120-2" 1610 9319 1 0.25 0.5 0 0 5.80647275017781e-05 1
"442" "oracle" "pk-xt-1M-1000-120-2" 1610 9321 1 0.25 0.75 0 0 7.86121107380669e-05 1
"443" "oracle" "pk-xt-1M-1000-120-2" 1610 9323 1 0.25 1 0 0 5.25814525406019e-05 1
"444" "oracle" "pk-xt-1M-1000-120-2" 1610 9329 1 0.25 0.25 0 0 8.12567688271321e-05 1
"445" "oracle" "pk-xt-1M-1000-120-2" 1610 9334 1 0.25 0.5 0 0 5.09236349658673e-05 0.1
"446" "oracle" "pk-xt-1M-1000-120-2" 1610 9337 1 0.25 0.75 0 0 8.33845854913598e-05 0.4
"447" "oracle" "pk-xt-1M-1000-120-2" 1610 9340 1 0.25 1 0 0 4.91429099791287e-05 1
"448" "oracle" "pk-xt-1M-1000-120-2" 1610 9341 1 0.25 0.25 0.01 0.01 2.978176949203e-05 0.6
"449" "oracle" "pk-xt-1M-1000-120-2" 1610 9434 1 0.25 0.5 0.01 0.01 8.1887994364423e-05 0.3
"450" "oracle" "pk-xt-1M-1000-120-2" 1610 9436 1 0.25 0.75 0.01 0.01 5.47649929615541e-05 0.2
"451" "oracle" "pk-xt-1M-1000-120-2" 1610 9439 1 0.25 1 0.01 0.01 6.71986963964297e-05 0.1
"452" "oracle" "pk-xt-1M-1000-120-2" 1610 9441 1 0.25 0.25 0.1 0.1 8.29246138131024e-05 0.3
"453" "oracle" "pk-xt-1M-1000-120-2" 1610 9443 1 0.25 0.5 0.1 0.1 0.000243069676933481 1
"454" "oracle" "pk-xt-1M-1000-120-2" 1610 9445 1 0.25 0.75 0.1 0.1 0.000193647002180874 1
"455" "oracle" "pk-xt-1M-1000-120-2" 1610 9447 1 0.25 1 0.1 0.1 0.000109505132268117 0.5
"456" "oracle" "pk-xt-1M-1000-120-2" 1610 9448 1 0.25 0.25 1 1 8.51383080921279e-05 0.5
"457" "oracle" "pk-xt-1M-1000-120-2" 1610 9450 1 0.25 0.5 1 1 8.1902175988885e-05 0.1
"458" "oracle" "pk-xt-1M-1000-120-2" 1610 9452 1 0.25 0.75 1 1 8.26890412734281e-05 0.2
"459" "oracle" "pk-xt-1M-1000-120-2" 1610 9454 1 0.25 1 1 1 0.000305082912482436 0
"460" "oracle" "pk-xt-1M-1000-120-4" 1709 8686 1 0.5 0.25 0 0 0.000287485736880439 1
"461" "oracle" "pk-xt-1M-1000-120-4" 1709 8766 1 0.5 0.5 0 0 0.000282605968826924 1
"462" "oracle" "pk-xt-1M-1000-120-4" 1709 8806 1 0.5 0.75 0 0 0.000358773969700641 1
"463" "oracle" "pk-xt-1M-1000-120-4" 1709 9413 1 0.5 1 0 0 0.000349787260502423 1
"464" "oracle" "pk-xt-1M-1000-120-4" 1709 9415 1 0.5 0.25 0 0 0.000308112479914222 1
"465" "oracle" "pk-xt-1M-1000-120-4" 1709 9417 1 0.5 0.5 0 0 0.000310592258712825 1
"466" "oracle" "pk-xt-1M-1000-120-4" 1709 9418 1 0.5 0.75 0 0 0.000294781394798112 1
"467" "oracle" "pk-xt-1M-1000-120-4" 1709 9420 1 0.5 1 0 0 0.000294809256676475 1
"468" "oracle" "pk-xt-1M-1000-120-4" 1709 9422 1 0.5 0.25 0 0 0.000371766128316982 0.5
"469" "oracle" "pk-xt-1M-1000-120-4" 1709 9424 1 0.5 0.5 0 0 0.000621735595297421 0.1
"470" "oracle" "pk-xt-1M-1000-120-4" 1709 9426 1 0.5 0.75 0 0 0.000458519350988629 0.1
"471" "oracle" "pk-xt-1M-1000-120-4" 1709 9427 1 0.5 1 0 0 0.000499114036138006 0.2
"472" "oracle" "pk-xt-1M-1000-120-4" 1709 9429 1 0.5 0.25 0 0 0.00107657001590564 0
"473" "oracle" "pk-xt-1M-1000-120-4" 1709 9431 1 0.5 0.5 0 0 0.000595202707045777 0
"474" "oracle" "pk-xt-1M-1000-120-4" 1709 9433 1 0.5 0.75 0 0 0.000774818281060089 0
"475" "oracle" "pk-xt-1M-1000-120-4" 1709 9435 1 0.5 1 0 0 0.000471322636151908 0.1
"476" "oracle" "pk-xt-1M-1000-120-4" 1709 9451 1 0.5 0.75 0.1 0.1 0.000173155772447506 1
"477" "oracle" "pk-xt-1M-1000-120-4" 1709 9456 1 0.5 0.5 1 1 0.000167113182812472 1
"478" "oracle" "pk-xt-1M-1000-120-4" 1709 9457 1 0.5 0.75 1 1 0.000182993164240346 0.7
"479" "oracle" "pk-xt-1M-1000-120-8" 1609 9295 1 1 0.25 0 0 0.000294314189058892 0
"480" "oracle" "pk-xt-1M-1000-120-8" 1609 9304 1 1 0.5 0 0 0.00030785857153686 0
"481" "oracle" "pk-xt-1M-1000-120-8" 1609 9307 1 1 0.75 0 0 0.000287234192107154 0
"482" "oracle" "pk-xt-1M-1000-120-8" 1609 9309 1 1 1 0 0 0.000264041506162506 0
"483" "oracle" "pk-xt-1M-1000-120-8" 1609 9311 1 1 0.25 0 0 0.000329736090873572 0
"484" "oracle" "pk-xt-1M-1000-120-8" 1609 9314 1 1 0.5 0 0 0.000254640091885323 0
"485" "oracle" "pk-xt-1M-1000-120-8" 1609 9316 1 1 0.75 0 0 0.000338630619512787 0
"486" "oracle" "pk-xt-1M-1000-120-8" 1609 9318 1 1 1 0 0 0.000249481060428892 0
"487" "oracle" "pk-xt-1M-1000-120-8" 1609 9320 1 1 0.25 0 0 0.000247501792699685 0
"488" "oracle" "pk-xt-1M-1000-120-8" 1609 9322 1 1 0.5 0 0 0.000246941188787241 0
"489" "oracle" "pk-xt-1M-1000-120-8" 1609 9336 1 1 1 0 0 0.000224898432038236 0
"490" "oracle" "pk-xt-1M-1000-120-8" 1609 9339 1 1 0.25 0 0 0.000255464058591439 0
"491" "oracle" "pk-xt-1M-1000-120-8" 1609 9348 1 1 0.5 0 0 0.000247107930311218 0
"492" "oracle" "pk-xt-1M-1000-120-8" 1609 9353 1 1 0.75 0 0 0.000225784855191477 0
"493" "oracle" "pk-xt-1M-1000-120-8" 1609 9355 1 1 1 0 0 0.000380262783603235 0
"494" "oracle" "pk-xt-1M-1000-120-8" 1609 9409 1 1 0.25 0.01 0.01 8.99732392925463e-05 0.7
"495" "oracle" "pk-xt-1M-1000-120-8" 1609 9412 1 1 0.5 0.01 0.01 0.000102387317651146 1
"496" "oracle" "pk-xt-1M-1000-120-8" 1609 9414 1 1 0.75 0.01 0.01 0.000133151630195548 1
"497" "oracle" "pk-xt-1M-1000-120-8" 1609 9416 1 1 1 0.01 0.01 0.000144197754788493 1
"498" "oracle" "pk-xt-1M-1000-120-8" 1609 9419 1 1 0.25 0.1 0.1 0.000130575301751618 1
"499" "oracle" "pk-xt-1M-1000-120-8" 1609 9421 1 1 0.5 0.1 0.1 0.000137427891341403 1
"500" "oracle" "pk-xt-1M-1000-120-8" 1609 9423 1 1 0.75 0.1 0.1 0.00013451005792053 1
"501" "oracle" "pk-xt-1M-1000-120-8" 1609 9425 1 1 1 0.1 0.1 0.000124945769835132 1
"502" "oracle" "pk-xt-1M-1000-120-8" 1609 9428 1 1 0.25 1 1 0.000133522429538174 1
"503" "oracle" "pk-xt-1M-1000-120-8" 1609 9430 1 1 0.5 1 1 9.70284542136594e-05 1
"504" "oracle" "pk-xt-1M-1000-120-8" 1609 9432 1 1 0.75 1 1 0.000102950500040766 1
"505" "oracle" "pk-xt-1M-1000-120-8" 1609 9437 1 1 1 1 1 0.000127931718028043 1
"506" "oracle" "xt-1M-1000-120-1" 889 1602 0 0.125 0.25 0 0 0.000107816587840381 1
"507" "oracle" "xt-1M-1000-120-1" 889 1623 0 0.125 0.5 0 0 0.000173841719000397 1
"508" "oracle" "xt-1M-1000-120-1" 889 1661 0 0.125 0.75 0 0 0.000214735077755868 1
"509" "oracle" "xt-1M-1000-120-1" 889 1683 0 0.125 1 0 0 0.000191369204094306 1
"510" "oracle" "xt-1M-1000-120-1" 889 1723 0 0.125 0.25 0 0 0.00011957687898641 1
"511" "oracle" "xt-1M-1000-120-1" 889 1763 0 0.125 0.5 0 0 0.000183585068000719 1
"512" "oracle" "xt-1M-1000-120-1" 889 1801 0 0.125 0.75 0 0 0.00021028756275098 1
"513" "oracle" "xt-1M-1000-120-1" 889 1842 0 0.125 1 0 0 0.000167995881498683 1
"514" "oracle" "xt-1M-1000-120-1" 889 1882 0 0.125 0.25 0 0 0.000118528656390443 1
"515" "oracle" "xt-1M-1000-120-1" 889 1902 0 0.125 0.5 0 0 0.000183621453178632 1
"516" "oracle" "xt-1M-1000-120-1" 889 1923 0 0.125 0.75 0 0 0.000217341130311676 1
"517" "oracle" "xt-1M-1000-120-1" 889 1943 0 0.125 1 0 0 0.000175398331346017 1
"518" "oracle" "xt-1M-1000-120-1" 889 1983 0 0.125 0.25 0 0 0.000112122859595577 1
"519" "oracle" "xt-1M-1000-120-1" 889 2022 0 0.125 0.5 0 0 0.000183500622873241 1
"520" "oracle" "xt-1M-1000-120-1" 889 2043 0 0.125 0.75 0 0 0.000219647005149704 1
"521" "oracle" "xt-1M-1000-120-1" 889 2083 0 0.125 1 0 0 0.000166490480574732 1
"522" "oracle" "xt-1M-1000-120-1" 889 2123 0 0.125 0.25 0.01 0.01 0.00724027860252489 1
"523" "oracle" "xt-1M-1000-120-1" 889 2142 0 0.125 0.5 0.01 0.01 0.00845386266418536 0.1
"524" "oracle" "xt-1M-1000-120-1" 889 2144 0 0.125 0.75 0.01 0.01 0.00796551828258766 0
"525" "oracle" "xt-1M-1000-120-1" 889 2147 0 0.125 1 0.01 0.01 0.0116936552022755 1
"526" "oracle" "xt-1M-1000-120-1" 889 2503 0 0.125 0.25 0.1 0.1 0.00435262145815115 1
"527" "oracle" "xt-1M-1000-120-1" 889 2522 0 0.125 0.5 0.1 0.1 0.00912408208204626 1
"528" "oracle" "xt-1M-1000-120-1" 889 2541 0 0.125 0.75 0.1 0.1 0.00526528842370272 1
"529" "oracle" "xt-1M-1000-120-1" 889 2561 0 0.125 1 0.1 0.1 0.0119951614087945 0.3
"530" "oracle" "xt-1M-1000-120-1" 889 4105 0 0.125 0.25 1 1 0.00274580293883977 1
"531" "oracle" "xt-1M-1000-120-1" 889 4124 0 0.125 0.5 1 1 0.00849887471048155 0.4
"532" "oracle" "xt-1M-1000-120-1" 889 4125 0 0.125 0.75 1 1 0.00680023862445391 1
"533" "oracle" "xt-1M-1000-120-1" 889 4144 0 0.125 1 1 1 0.00575708674710058 1
"534" "oracle" "xt-1M-1000-120-2" 610 401 0 0.25 0.25 0 0 8.22643804075938e-05 1
"535" "oracle" "xt-1M-1000-120-2" 610 422 0 0.25 0.5 0 0 0.000120995327930074 1
"536" "oracle" "xt-1M-1000-120-2" 610 462 0 0.25 0.75 0 0 0.000151690522961315 1
"537" "oracle" "xt-1M-1000-120-2" 610 482 0 0.25 1 0 0 0.000141191107153817 1
"538" "oracle" "xt-1M-1000-120-2" 610 521 0 0.25 0.25 0 0 7.86873879467011e-05 1
"539" "oracle" "xt-1M-1000-120-2" 610 542 0 0.25 0.5 0 0 0.000119844539242038 1
"540" "oracle" "xt-1M-1000-120-2" 610 582 0 0.25 0.75 0 0 0.000138901992417426 1
"541" "oracle" "xt-1M-1000-120-2" 610 601 0 0.25 1 0 0 0.000153975340235748 1
"542" "oracle" "xt-1M-1000-120-2" 610 641 0 0.25 0.25 0 0 0.000389123147419883 0
"543" "oracle" "xt-1M-1000-120-2" 610 662 0 0.25 0.5 0 0 0.000177756133849373 1
"544" "oracle" "xt-1M-1000-120-2" 610 702 0 0.25 0.75 0 0 0.000148876902992927 1
"545" "oracle" "xt-1M-1000-120-2" 610 741 0 0.25 1 0 0 0.000158570043312704 1
"546" "oracle" "xt-1M-1000-120-2" 610 762 0 0.25 0.25 0 0 8.54543864191521e-05 1
"547" "oracle" "xt-1M-1000-120-2" 610 802 0 0.25 0.5 0 0 0.00013332718151654 1
"548" "oracle" "xt-1M-1000-120-2" 610 841 0 0.25 0.75 0 0 0.000155416637352157 1
"549" "oracle" "xt-1M-1000-120-2" 610 862 0 0.25 1 0 0 0.000151507236208799 1
"550" "oracle" "xt-1M-1000-120-2" 610 902 0 0.25 0.25 0.01 0.01 0.00476591926157313 0.6
"551" "oracle" "xt-1M-1000-120-2" 610 941 0 0.25 0.5 0.01 0.01 0.00825163835768215 1
"552" "oracle" "xt-1M-1000-120-2" 610 962 0 0.25 0.75 0.01 0.01 0.00815647177886188 0
"553" "oracle" "xt-1M-1000-120-2" 610 1001 0 0.25 1 0.01 0.01 0.0115244286709207 0.1
"554" "oracle" "xt-1M-1000-120-2" 610 1441 0 0.25 0.25 0.1 0.1 0.00404163705603464 0.7
"555" "oracle" "xt-1M-1000-120-2" 610 1461 0 0.25 0.5 0.1 0.1 0.0013406027838955 0
"556" "oracle" "xt-1M-1000-120-2" 610 1482 0 0.25 0.75 0.1 0.1 0.011185975966333 0.2
"557" "oracle" "xt-1M-1000-120-2" 610 1501 0 0.25 1 0.1 0.1 0.00852876377327381 0
"558" "oracle" "xt-1M-1000-120-2" 610 1821 0 0.25 0.25 1 1 0.00436111309973179 0.2
"559" "oracle" "xt-1M-1000-120-2" 610 1841 0 0.25 0.5 1 1 0.0154441185828259 0.2
"560" "oracle" "xt-1M-1000-120-2" 610 1861 0 0.25 0.75 1 1 0.0121275174355328 0.4
"561" "oracle" "xt-1M-1000-120-2" 610 1881 0 0.25 1 1 1 0.00441709542041736 0.7
"562" "oracle" "xt-1M-1000-120-4" 809 2222 0 0.5 0.5 0 0 0.000716361553403359 0.1
"563" "oracle" "xt-1M-1000-120-4" 809 2224 0 0.5 0.75 0 0 0.000304434640346044 0.5
"564" "oracle" "xt-1M-1000-120-4" 809 2225 0 0.5 1 0 0 0.000304561773595641 0.4
"565" "oracle" "xt-1M-1000-120-4" 809 2228 0 0.5 0.25 0 0 0.000287913047847814 0.2
"566" "oracle" "xt-1M-1000-120-4" 809 2242 0 0.5 0.5 0 0 0.000595801486745283 0.1
"567" "oracle" "xt-1M-1000-120-4" 809 2261 0 0.5 0.75 0 0 0.000335100111265408 0.4
"568" "oracle" "xt-1M-1000-120-4" 809 2263 0 0.5 1 0 0 0.000327055907098986 0.4
"569" "oracle" "xt-1M-1000-120-4" 809 2283 0 0.5 0.25 0 0 0.000288610884045457 0.2
"570" "oracle" "xt-1M-1000-120-4" 809 2301 0 0.5 0.5 0 0 0.000310077064648405 0.6
"571" "oracle" "xt-1M-1000-120-4" 809 2304 0 0.5 0.75 0 0 0.000338461872506562 0.4
"572" "oracle" "xt-1M-1000-120-4" 809 2322 0 0.5 1 0 0 0.000313400363605033 0.5
"573" "oracle" "xt-1M-1000-120-4" 809 2323 0 0.5 0.25 0 0 0.00075369955025646 0
"574" "oracle" "xt-1M-1000-120-4" 809 2326 0 0.5 0.5 0 0 0.000295734643484803 0.6
"575" "oracle" "xt-1M-1000-120-4" 809 2342 0 0.5 0.75 0 0 0.000310115670181663 0.5
"576" "oracle" "xt-1M-1000-120-4" 809 2344 0 0.5 1 0 0 0.000304409356944857 0.4
"577" "oracle" "xt-1M-1000-120-4" 809 2382 0 0.5 0.5 0.01 0.01 0.0465999416580146 0.1
"578" "oracle" "xt-1M-1000-120-4" 809 2387 0 0.5 1 0.01 0.01 0.0268045281719196 0.4
"579" "oracle" "xt-1M-1000-120-4" 809 3023 0 0.5 0.75 0.1 0.1 0.0230291376497783 1
"580" "oracle" "xt-1M-1000-120-4" 809 3204 0 0.5 1 1 1 0.047398533427003 0.1
"581" "oracle" "xt-1M-1000-120-8" 1109 3764 0 1 0.25 0 0 0.000240245671432027 0
"582" "oracle" "xt-1M-1000-120-8" 1109 3804 0 1 0.5 0 0 0.000519788194502061 0
"583" "oracle" "xt-1M-1000-120-8" 1109 3823 0 1 1 0 0 0.000261202960914761 0
"584" "oracle" "xt-1M-1000-120-8" 1109 3863 0 1 0.5 0 0 0.000253233819083874 0
"585" "oracle" "xt-1M-1000-120-8" 1109 4164 0 1 0.75 0 0 0.000240999159762029 0
"586" "oracle" "xt-1M-1000-120-8" 1109 4184 0 1 1 0 0 0.000253670799340655 0
"587" "oracle" "xt-1M-1000-120-8" 1109 4204 0 1 0.25 0 0 0.000246762844115976 0
"588" "oracle" "xt-1M-1000-120-8" 1109 4224 0 1 0.5 0 0 0.000250882820895285 0
"589" "oracle" "xt-1M-1000-120-8" 1109 4244 0 1 0.75 0 0 0.000396607750414984 0
"590" "oracle" "xt-1M-1000-120-8" 1109 4265 0 1 1 0 0 0.000393335304758194 0
"591" "oracle" "xt-1M-1000-120-8" 1109 4384 0 1 0.25 0 0 0.000610579169180883 0
"592" "oracle" "xt-1M-1000-120-8" 1109 4604 0 1 0.5 0 0 0.000300948682454299 0
"593" "oracle" "xt-1M-1000-120-8" 1109 4625 0 1 0.75 0 0 0.000409824236545542 0
"594" "oracle" "xt-1M-1000-120-8" 1109 4724 0 1 1 0 0 0.000353931732814893 0
"595" "oracle" "xt-1M-1000-120-8" 1109 4805 0 1 0.5 0.01 0.01 0.0189869424250596 0.5
"596" "oracle" "xt-1M-1000-120-8" 1109 4844 0 1 1 0.01 0.01 0.0345174490895394 1
"597" "oracle" "xt-1M-1000-120-8" 1109 5205 0 1 0.25 0.1 0.1 0.00724846677166691 0.3
"598" "oracle" "xt-1M-1000-120-8" 1109 5245 0 1 0.5 0.1 0.1 0.0257103471569094 0.1
"599" "oracle" "xt-1M-1000-120-8" 1109 5606 0 1 0.25 1 1 0.00894617603839891 0.4
"600" "oracle" "xt-1M-1000-120-8" 1109 5608 0 1 0.5 1 1 0.0247195210331101 1
"601" "oracle" "xt-1M-1000-120-8" 1109 5626 0 1 0.75 1 1 0.0318635668565029 1
"602" "oracle" "xt-1M-1000-120-8" 1109 5628 0 1 1 1 1 0.0206460206602597 0.2
"603" "pgsql" "pk-xt-1M-1000-120-1" 1129 7207 1 0.125 0.25 0 0 0.000604204672233946 1
"604" "pgsql" "pk-xt-1M-1000-120-1" 1129 7246 1 0.125 0.5 0 0 0.000539439127173873 1
"605" "pgsql" "pk-xt-1M-1000-120-1" 1129 7286 1 0.125 0.75 0 0 0.00051734286702349 1
"606" "pgsql" "pk-xt-1M-1000-120-1" 1129 7306 1 0.125 1 0 0 0.000592292967178258 1
"607" "pgsql" "pk-xt-1M-1000-120-1" 1129 7327 1 0.125 0.25 0 0 0.000493924206204207 1
"608" "pgsql" "pk-xt-1M-1000-120-1" 1129 7366 1 0.125 0.5 0 0 0.000444993734094545 1
"609" "pgsql" "pk-xt-1M-1000-120-1" 1129 7406 1 0.125 0.75 0 0 0.000409283400958105 1
"610" "pgsql" "pk-xt-1M-1000-120-1" 1129 7427 1 0.125 1 0 0 0.000453034285418303 1
"611" "pgsql" "pk-xt-1M-1000-120-1" 1129 7467 1 0.125 0.25 0 0 0.000493512437724248 1
"612" "pgsql" "pk-xt-1M-1000-120-1" 1129 7506 1 0.125 0.5 0 0 0.000511679027035704 1
"613" "pgsql" "pk-xt-1M-1000-120-1" 1129 7546 1 0.125 0.75 0 0 0.000448657463662627 1
"614" "pgsql" "pk-xt-1M-1000-120-1" 1129 7587 1 0.125 1 0 0 0.000450480733522751 1
"615" "pgsql" "pk-xt-1M-1000-120-1" 1129 7627 1 0.125 0.25 0 0 0.000440758656959123 1
"616" "pgsql" "pk-xt-1M-1000-120-1" 1129 7666 1 0.125 0.5 0 0 0.000560261261478022 1
"617" "pgsql" "pk-xt-1M-1000-120-1" 1129 7686 1 0.125 0.75 0 0 0.000569726564689649 1
"618" "pgsql" "pk-xt-1M-1000-120-1" 1129 7706 1 0.125 1 0 0 0.000535658721513626 1
"619" "pgsql" "pk-xt-1M-1000-120-1" 1129 7726 1 0.125 0.25 0.01 0.01 0.00102713401902096 1
"620" "pgsql" "pk-xt-1M-1000-120-1" 1129 7747 1 0.125 0.5 0.01 0.01 0.00104768111575979 1
"621" "pgsql" "pk-xt-1M-1000-120-1" 1129 7766 1 0.125 0.75 0.01 0.01 0.0010336897256138 1
"622" "pgsql" "pk-xt-1M-1000-120-1" 1129 7786 1 0.125 1 0.01 0.01 0.00100740523066334 1
"623" "pgsql" "pk-xt-1M-1000-120-1" 1129 8126 1 0.125 0.25 0.1 0.1 0.00478983750234505 1
"624" "pgsql" "pk-xt-1M-1000-120-1" 1129 8146 1 0.125 0.5 0.1 0.1 0.00485390148674045 1
"625" "pgsql" "pk-xt-1M-1000-120-1" 1129 8166 1 0.125 0.75 0.1 0.1 0.00458101258077154 1
"626" "pgsql" "pk-xt-1M-1000-120-1" 1129 8186 1 0.125 1 0.1 0.1 0.00440085710228654 1
"627" "pgsql" "pk-xt-1M-1000-120-1" 1129 8526 1 0.125 0.25 1 1 0.0393842161746416 1
"628" "pgsql" "pk-xt-1M-1000-120-1" 1129 8567 1 0.125 0.75 1 1 0.0407084317333494 1
"629" "pgsql" "pk-xt-1M-1000-120-2" 1729 9266 1 0.25 0.25 0 0 0.000475578770850925 1
"630" "pgsql" "pk-xt-1M-1000-120-2" 1729 9306 1 0.25 0.75 0 0 0.000475475058769001 1
"631" "pgsql" "pk-xt-1M-1000-120-2" 1729 9308 1 0.25 1 0 0 0.000595684524155655 0.5
"632" "pgsql" "pk-xt-1M-1000-120-2" 1729 9310 1 0.25 0.25 0 0 0.000442987822101198 1
"633" "pgsql" "pk-xt-1M-1000-120-2" 1729 9317 1 0.25 0.25 0 0 2.75897057715275e-07 1
"634" "pgsql" "pk-xt-1M-1000-120-2" 1729 9329 1 0.25 0.25 0 0 0 1
"635" "pgsql" "pk-xt-1M-1000-120-2" 1729 9447 1 0.25 1 0.1 0.1 0.48970139560095 1
"636" "pgsql" "pk-xt-1M-1000-120-2" 1729 9448 1 0.25 0.25 1 1 0.489166157600962 1
"637" "pgsql" "pk-xt-1M-1000-120-2" 1729 9452 1 0.25 0.75 1 1 0.494817990623285 1
"638" "pgsql" "pk-xt-1M-1000-120-2" 1729 9454 1 0.25 1 1 1 0.482372479553558 1
"639" "pgsql" "pk-xt-1M-1000-120-4" 1472 8686 1 0.5 0.25 0 0 8.81335674526146e-05 1
"640" "pgsql" "pk-xt-1M-1000-120-4" 1472 8766 1 0.5 0.5 0 0 7.87709735817877e-05 0.6
"641" "pgsql" "pk-xt-1M-1000-120-4" 1472 8806 1 0.5 0.75 0 0 0.000115999241906223 1
"642" "pgsql" "pk-xt-1M-1000-120-4" 1472 9413 1 0.5 1 0 0 0.0001129529143728 1
"643" "pgsql" "pk-xt-1M-1000-120-4" 1472 9415 1 0.5 0.25 0 0 7.16714948025054e-05 1
"644" "pgsql" "pk-xt-1M-1000-120-4" 1472 9417 1 0.5 0.5 0 0 9.55135988734003e-05 1
"645" "pgsql" "pk-xt-1M-1000-120-4" 1472 9418 1 0.5 0.75 0 0 9.82212864045187e-05 1
"646" "pgsql" "pk-xt-1M-1000-120-4" 1472 9420 1 0.5 1 0 0 7.39611825338246e-05 1
"647" "pgsql" "pk-xt-1M-1000-120-4" 1472 9422 1 0.5 0.25 0 0 6.8524105288699e-05 1
"648" "pgsql" "pk-xt-1M-1000-120-4" 1472 9424 1 0.5 0.5 0 0 9.2046907936101e-05 1
"649" "pgsql" "pk-xt-1M-1000-120-4" 1472 9426 1 0.5 0.75 0 0 6.68417205564367e-05 0.5
"650" "pgsql" "pk-xt-1M-1000-120-4" 1472 9427 1 0.5 1 0 0 0.000125511459077561 0.6
"651" "pgsql" "pk-xt-1M-1000-120-4" 1472 9429 1 0.5 0.25 0 0 0.000319688051820415 0
"652" "pgsql" "pk-xt-1M-1000-120-4" 1472 9431 1 0.5 0.5 0 0 0.000147577278872407 0.6
"653" "pgsql" "pk-xt-1M-1000-120-4" 1472 9433 1 0.5 0.75 0 0 0.00028677823139339 0
"654" "pgsql" "pk-xt-1M-1000-120-4" 1472 9435 1 0.5 1 0 0 0.000125634438113931 0.5
"655" "pgsql" "pk-xt-1M-1000-120-4" 1472 9438 1 0.5 0.25 0.01 0.01 0.000467636416532911 0.5
"656" "pgsql" "pk-xt-1M-1000-120-4" 1472 9442 1 0.5 0.75 0.01 0.01 0.000278837810933258 0.4
"657" "pgsql" "pk-xt-1M-1000-120-4" 1472 9444 1 0.5 1 0.01 0.01 0.000553431305187883 0.2
"658" "pgsql" "pk-xt-1M-1000-120-4" 1472 9451 1 0.5 0.75 0.1 0.1 0.00159321583459951 0.5
"659" "pgsql" "pk-xt-1M-1000-120-4" 1472 9455 1 0.5 0.25 1 1 0.0117071440042454 1
"660" "pgsql" "pk-xt-1M-1000-120-4" 1472 9456 1 0.5 0.5 1 1 0.0123614804324551 0.7
"661" "pgsql" "pk-xt-1M-1000-120-4" 1472 9457 1 0.5 0.75 1 1 0.0149269567821996 0.5
"662" "pgsql" "pk-xt-1M-1000-120-8" 1749 9295 1 1 0.25 0 0 0.000133864650758777 0.3
"663" "pgsql" "pk-xt-1M-1000-120-8" 1749 9307 1 1 0.75 0 0 8.2488421424347e-05 0.3
"664" "pgsql" "pk-xt-1M-1000-120-8" 1749 9309 1 1 1 0 0 0.000450010591184526 0
"665" "pgsql" "pk-xt-1M-1000-120-8" 1749 9311 1 1 0.25 0 0 9.45857768366288e-05 0.3
"666" "pgsql" "pk-xt-1M-1000-120-8" 1749 9314 1 1 0.5 0 0 0.000596548385633615 0.4
"667" "pgsql" "pk-xt-1M-1000-120-8" 1749 9318 1 1 1 0 0 7.22222861768124e-05 0.3
"668" "pgsql" "pk-xt-1M-1000-120-8" 1749 9320 1 1 0.25 0 0 6.94153272744599e-05 0.4
"669" "pgsql" "pk-xt-1M-1000-120-8" 1749 9322 1 1 0.5 0 0 0.000100791526777341 0.3
"670" "pgsql" "pk-xt-1M-1000-120-8" 1749 9328 1 1 0.75 0 0 0.000385442800998896 0.1
"671" "pgsql" "pk-xt-1M-1000-120-8" 1749 9336 1 1 1 0 0 0.00116583775519339 0
"672" "pgsql" "pk-xt-1M-1000-120-8" 1749 9339 1 1 0.25 0 0 0.0008231203926071 0.4
"673" "pgsql" "pk-xt-1M-1000-120-8" 1749 9353 1 1 0.75 0 0 0.00786949593584277 0
"674" "pgsql" "pk-xt-1M-1000-120-8" 1749 9355 1 1 1 0 0 0.000107262000374678 0.4
"675" "pgsql" "pk-xt-1M-1000-120-8" 1749 9409 1 1 0.25 0.01 0.01 0.134353290447635 1
"676" "pgsql" "pk-xt-1M-1000-120-8" 1749 9412 1 1 0.5 0.01 0.01 0.0955964199183802 1
"677" "pgsql" "pk-xt-1M-1000-120-8" 1749 9414 1 1 0.75 0.01 0.01 0.0695684087426083 1
"678" "pgsql" "pk-xt-1M-1000-120-8" 1749 9416 1 1 1 0.01 0.01 0.221112220578509 1
"679" "pgsql" "pk-xt-1M-1000-120-8" 1749 9419 1 1 0.25 0.1 0.1 0.228441230095698 1
"680" "pgsql" "pk-xt-1M-1000-120-8" 1749 9421 1 1 0.5 0.1 0.1 0.225920229755495 1
"681" "pgsql" "pk-xt-1M-1000-120-8" 1749 9423 1 1 0.75 0.1 0.1 0.224090467074971 1
"682" "pgsql" "pk-xt-1M-1000-120-8" 1749 9425 1 1 1 0.1 0.1 0.221008936523796 1
"683" "pgsql" "pk-xt-1M-1000-120-8" 1749 9428 1 1 0.25 1 1 0.233372028003114 1
"684" "pgsql" "pk-xt-1M-1000-120-8" 1749 9430 1 1 0.5 1 1 0.229988983796486 1
"685" "pgsql" "pk-xt-1M-1000-120-8" 1749 9432 1 1 0.75 1 1 0.227300573748595 1
"686" "pgsql" "pk-xt-1M-1000-120-8" 1749 9437 1 1 1 1 1 0.224246920618269 1
"687" "pgsql" "xt-1M-1000-120-1" 969 1602 0 0.125 0.25 0 0 0.000614380417531627 0.5
"688" "pgsql" "xt-1M-1000-120-1" 969 1623 0 0.125 0.5 0 0 0.000668907975719992 0.1
"689" "pgsql" "xt-1M-1000-120-1" 969 1661 0 0.125 0.75 0 0 0.000718689703419204 0
"690" "pgsql" "xt-1M-1000-120-1" 969 1683 0 0.125 1 0 0 0.000764227830683444 0.1
"691" "pgsql" "xt-1M-1000-120-1" 969 1723 0 0.125 0.25 0 0 0.000493778378995093 0
"692" "pgsql" "xt-1M-1000-120-1" 969 1763 0 0.125 0.5 0 0 0.000380219880608019 0
"693" "pgsql" "xt-1M-1000-120-1" 969 1801 0 0.125 0.75 0 0 0.000796185978159829 0
"694" "pgsql" "xt-1M-1000-120-1" 969 1842 0 0.125 1 0 0 0.000769312229550535 0
"695" "pgsql" "xt-1M-1000-120-1" 969 1882 0 0.125 0.25 0 0 0.000474307653228061 0
"696" "pgsql" "xt-1M-1000-120-1" 969 1902 0 0.125 0.5 0 0 0.000269264140055918 0
"697" "pgsql" "xt-1M-1000-120-1" 969 1923 0 0.125 0.75 0 0 0.000619497978480162 0
"698" "pgsql" "xt-1M-1000-120-1" 969 1943 0 0.125 1 0 0 0.000434434870063292 0
"699" "pgsql" "xt-1M-1000-120-1" 969 1983 0 0.125 0.25 0 0 0.000784901702550035 0.3
"700" "pgsql" "xt-1M-1000-120-1" 969 2022 0 0.125 0.5 0 0 0.000624724694962435 0.1
"701" "pgsql" "xt-1M-1000-120-1" 969 2043 0 0.125 0.75 0 0 0.000924166185883634 0
"702" "pgsql" "xt-1M-1000-120-1" 969 2083 0 0.125 1 0 0 0.000281195971558444 0
"703" "pgsql" "xt-1M-1000-120-1" 969 2123 0 0.125 0.25 0.01 0.01 0.384623886532307 1
"704" "pgsql" "xt-1M-1000-120-1" 969 2142 0 0.125 0.5 0.01 0.01 0.287435436449082 1
"705" "pgsql" "xt-1M-1000-120-1" 969 2144 0 0.125 0.75 0.01 0.01 0.383062308182897 1
"706" "pgsql" "xt-1M-1000-120-1" 969 2147 0 0.125 1 0.01 0.01 0.341899115443915 1
"707" "pgsql" "xt-1M-1000-120-1" 969 2503 0 0.125 0.25 0.1 0.1 0.374275362779339 1
"708" "pgsql" "xt-1M-1000-120-1" 969 2522 0 0.125 0.5 0.1 0.1 0.371673810812191 1
"709" "pgsql" "xt-1M-1000-120-1" 969 2541 0 0.125 0.75 0.1 0.1 0.357161361855452 1
"710" "pgsql" "xt-1M-1000-120-1" 969 2561 0 0.125 1 0.1 0.1 0.36915299211138 1
"711" "pgsql" "xt-1M-1000-120-1" 969 4124 0 0.125 0.5 1 1 0.402349368232893 0.6
"712" "pgsql" "xt-1M-1000-120-1" 969 4125 0 0.125 0.75 1 1 0.385040827150982 1
"713" "pgsql" "xt-1M-1000-120-1" 969 4144 0 0.125 1 1 1 0.400383612297078 0.5
"714" "pgsql" "xt-1M-1000-120-2" 709 401 0 0.25 0.25 0 0 0.000260000745931959 0.1
"715" "pgsql" "xt-1M-1000-120-2" 709 422 0 0.25 0.5 0 0 0.000247962767119066 0.1
"716" "pgsql" "xt-1M-1000-120-2" 709 462 0 0.25 0.75 0 0 0.000183107834850263 0.6
"717" "pgsql" "xt-1M-1000-120-2" 709 482 0 0.25 1 0 0 0.000177283627907071 0.3
"718" "pgsql" "xt-1M-1000-120-2" 709 521 0 0.25 0.25 0 0 0.000184817293592862 0.1
"719" "pgsql" "xt-1M-1000-120-2" 709 542 0 0.25 0.5 0 0 0.000269578929144355 0.2
"720" "pgsql" "xt-1M-1000-120-2" 709 582 0 0.25 0.75 0 0 0.000331653117028751 1
"721" "pgsql" "xt-1M-1000-120-2" 709 601 0 0.25 1 0 0 0.000179754167162464 0.5
"722" "pgsql" "xt-1M-1000-120-2" 709 641 0 0.25 0.25 0 0 0.000220303943834378 0.3
"723" "pgsql" "xt-1M-1000-120-2" 709 662 0 0.25 0.5 0 0 4.65102131591806e-05 1
"724" "pgsql" "xt-1M-1000-120-2" 709 702 0 0.25 0.75 0 0 0.000189448668345194 0.1
"725" "pgsql" "xt-1M-1000-120-2" 709 741 0 0.25 1 0 0 0.000276085214924676 1
"726" "pgsql" "xt-1M-1000-120-2" 709 762 0 0.25 0.25 0 0 0.000151969070120571 0.1
"727" "pgsql" "xt-1M-1000-120-2" 709 802 0 0.25 0.5 0 0 0.000140727625881627 0.1
"728" "pgsql" "xt-1M-1000-120-2" 709 841 0 0.25 0.75 0 0 0.000217334182748177 0.2
"729" "pgsql" "xt-1M-1000-120-2" 709 862 0 0.25 1 0 0 0.000277354398689659 0.1
"730" "pgsql" "xt-1M-1000-120-2" 709 902 0 0.25 0.25 0.01 0.01 0.657725111187741 1
"731" "pgsql" "xt-1M-1000-120-2" 709 941 0 0.25 0.5 0.01 0.01 0.527820516974037 0.4
"732" "pgsql" "xt-1M-1000-120-2" 709 962 0 0.25 0.75 0.01 0.01 0.603163733549501 1
"733" "pgsql" "xt-1M-1000-120-2" 709 1001 0 0.25 1 0.01 0.01 0.533396170177467 0
"734" "pgsql" "xt-1M-1000-120-2" 709 1441 0 0.25 0.25 0.1 0.1 0.486333040190919 0.1
"735" "pgsql" "xt-1M-1000-120-2" 709 1461 0 0.25 0.5 0.1 0.1 0.517585581300319 0.1
"736" "pgsql" "xt-1M-1000-120-2" 709 1482 0 0.25 0.75 0.1 0.1 0.516782358586324 0.1
"737" "pgsql" "xt-1M-1000-120-2" 709 1501 0 0.25 1 0.1 0.1 0.488754127333945 0.1
"738" "pgsql" "xt-1M-1000-120-2" 709 1821 0 0.25 0.25 1 1 0.495000791046357 0.1
"739" "pgsql" "xt-1M-1000-120-2" 709 1841 0 0.25 0.5 1 1 0.48438011482915 0.1
"740" "pgsql" "xt-1M-1000-120-2" 709 1861 0 0.25 0.75 1 1 0.486843401329621 0.1
"741" "pgsql" "xt-1M-1000-120-2" 709 1881 0 0.25 1 1 1 0.500049870649349 0.1
"742" "pgsql" "xt-1M-1000-120-4" 749 2203 0 0.5 0.25 0 0 9.71982755853735e-05 0.6
"743" "pgsql" "xt-1M-1000-120-4" 749 2222 0 0.5 0.5 0 0 0.000101440228659929 1
"744" "pgsql" "xt-1M-1000-120-4" 749 2225 0 0.5 1 0 0 6.2198885905549e-05 0
"745" "pgsql" "xt-1M-1000-120-4" 749 2228 0 0.5 0.25 0 0 4.96702801857636e-05 0
"746" "pgsql" "xt-1M-1000-120-4" 749 2263 0 0.5 1 0 0 3.85938584860138e-05 0
"747" "pgsql" "xt-1M-1000-120-4" 749 2283 0 0.5 0.25 0 0 3.16533141748182e-05 0.4
"748" "pgsql" "xt-1M-1000-120-4" 749 2301 0 0.5 0.5 0 0 2.8219498821499e-05 0.1
"749" "pgsql" "xt-1M-1000-120-4" 749 2304 0 0.5 0.75 0 0 4.38411311613198e-05 0.6
"750" "pgsql" "xt-1M-1000-120-4" 749 2322 0 0.5 1 0 0 3.1762541332922e-05 0.2
"751" "pgsql" "xt-1M-1000-120-4" 749 2323 0 0.5 0.25 0 0 1.71317604719259e-05 0
"752" "pgsql" "xt-1M-1000-120-4" 749 2342 0 0.5 0.75 0 0 2.62318510414739e-05 0.1
"753" "pgsql" "xt-1M-1000-120-4" 749 2344 0 0.5 1 0 0 1.44646123319463e-05 0.1
"754" "pgsql" "xt-1M-1000-120-4" 749 2362 0 0.5 0.25 0.01 0.01 0.391353122132166 0.1
"755" "pgsql" "xt-1M-1000-120-4" 749 2382 0 0.5 0.5 0.01 0.01 0.24761200712805 1
"756" "pgsql" "xt-1M-1000-120-4" 749 2384 0 0.5 0.75 0.01 0.01 0.310184655691117 0
"757" "pgsql" "xt-1M-1000-120-4" 749 2387 0 0.5 1 0.01 0.01 0.261468966289414 0
"758" "pgsql" "xt-1M-1000-120-4" 749 3003 0 0.5 0.25 0.1 0.1 0.344594402791802 0
"759" "pgsql" "xt-1M-1000-120-4" 749 3004 0 0.5 0.5 0.1 0.1 0.308571912619126 0
"760" "pgsql" "xt-1M-1000-120-4" 749 3023 0 0.5 0.75 0.1 0.1 0.214246967872445 0
"761" "pgsql" "xt-1M-1000-120-4" 749 3024 0 0.5 1 0.1 0.1 0.253204289074029 0
"762" "pgsql" "xt-1M-1000-120-4" 749 3183 0 0.5 0.25 1 1 0.241819717363197 0
"763" "pgsql" "xt-1M-1000-120-4" 749 3184 0 0.5 0.5 1 1 0.2823154520185 0
"764" "pgsql" "xt-1M-1000-120-4" 749 3203 0 0.5 0.75 1 1 0.234721005179504 0
"765" "pgsql" "xt-1M-1000-120-4" 749 3204 0 0.5 1 1 1 0.228402882338534 0
"766" "pgsql" "xt-1M-1000-120-8" 829 3764 0 1 0.25 0 0 2.29588323897566e-05 0.1
"767" "pgsql" "xt-1M-1000-120-8" 829 3804 0 1 0.5 0 0 4.31411462326979e-05 0.3
"768" "pgsql" "xt-1M-1000-120-8" 829 3806 0 1 0.75 0 0 1.24931516586304e-05 0.2
"769" "pgsql" "xt-1M-1000-120-8" 829 3823 0 1 1 0 0 2.61821437314909e-05 0.1
"770" "pgsql" "xt-1M-1000-120-8" 829 3843 0 1 0.25 0 0 3.3636879365983e-05 0.1
"771" "pgsql" "xt-1M-1000-120-8" 829 3863 0 1 0.5 0 0 6.1499259098757e-05 0.3
"772" "pgsql" "xt-1M-1000-120-8" 829 4164 0 1 0.75 0 0 7.12281399771529e-05 0.1
"773" "pgsql" "xt-1M-1000-120-8" 829 4184 0 1 1 0 0 3.53272144028678e-05 0.1
"774" "pgsql" "xt-1M-1000-120-8" 829 4204 0 1 0.25 0 0 3.14492563561705e-05 0.1
"775" "pgsql" "xt-1M-1000-120-8" 829 4224 0 1 0.5 0 0 2.71175579510552e-05 0.1
"776" "pgsql" "xt-1M-1000-120-8" 829 4244 0 1 0.75 0 0 4.0288132863027e-05 0
"777" "pgsql" "xt-1M-1000-120-8" 829 4265 0 1 1 0 0 3.92252272720367e-05 0.1
"778" "pgsql" "xt-1M-1000-120-8" 829 4384 0 1 0.25 0 0 5.98236070568959e-05 1
"779" "pgsql" "xt-1M-1000-120-8" 829 4604 0 1 0.5 0 0 9.56986046107e-05 0.4
"780" "pgsql" "xt-1M-1000-120-8" 829 4625 0 1 0.75 0 0 4.71344911329724e-05 0.2
"781" "pgsql" "xt-1M-1000-120-8" 829 4724 0 1 1 0 0 8.25605471608784e-05 0.1
"782" "pgsql" "xt-1M-1000-120-8" 829 4765 0 1 0.25 0.01 0.01 0.262909342316476 0.5
"783" "pgsql" "xt-1M-1000-120-8" 829 4805 0 1 0.5 0.01 0.01 0.183849397365209 0.4
"784" "pgsql" "xt-1M-1000-120-8" 829 4824 0 1 0.75 0.01 0.01 0.326990073849502 0.5
"785" "pgsql" "xt-1M-1000-120-8" 829 4844 0 1 1 0.01 0.01 0.340659893583704 1
"786" "pgsql" "xt-1M-1000-120-8" 829 5205 0 1 0.25 0.1 0.1 0.196933768986391 0.4
"787" "pgsql" "xt-1M-1000-120-8" 829 5245 0 1 0.5 0.1 0.1 0.347418223215893 0.7
"788" "pgsql" "xt-1M-1000-120-8" 829 5284 0 1 0.75 0.1 0.1 0.261714673247127 0.6
"789" "pgsql" "xt-1M-1000-120-8" 829 5304 0 1 1 0.1 0.1 0.187219364036976 0.4
"790" "pgsql" "xt-1M-1000-120-8" 829 5606 0 1 0.25 1 1 0.286955249653022 0
"791" "pgsql" "xt-1M-1000-120-8" 829 5608 0 1 0.5 1 1 0.211842293667754 0.1
"792" "pgsql" "xt-1M-1000-120-8" 829 5626 0 1 0.75 1 1 0.294253076284872 0
"793" "pgsql" "xt-1M-1000-120-8" 829 5628 0 1 1 1 1 0.141737727841294 0
"794" "sqlserver" "pk-xt-30K-1000-120-1" 869 4425 1 0.125 0.25 0 0 0.243500647905957 0.5
"795" "sqlserver" "pk-xt-30K-1000-120-1" 869 4426 1 0.125 0.5 0 0 0.253895339364366 0.5
"796" "sqlserver" "pk-xt-30K-1000-120-1" 869 4444 1 0.125 0.75 0 0 0.267405395291948 0.5
"797" "sqlserver" "pk-xt-30K-1000-120-1" 869 4445 1 0.125 1 0 0 0.262110740448452 0.5
"798" "sqlserver" "pk-xt-30K-1000-120-1" 869 4464 1 0.125 0.25 0 0 0.263051462176783 0.5
"799" "sqlserver" "pk-xt-30K-1000-120-1" 869 4465 1 0.125 0.5 0 0 0.247658428097249 0.5
"800" "sqlserver" "pk-xt-30K-1000-120-1" 869 4484 1 0.125 0.75 0 0 0.256418469455092 0.5
"801" "sqlserver" "pk-xt-30K-1000-120-1" 869 4486 1 0.125 1 0 0 0.256833664659593 0.5
"802" "sqlserver" "pk-xt-30K-1000-120-1" 869 4504 1 0.125 0.25 0 0 0.264661071826012 0.5
"803" "sqlserver" "pk-xt-30K-1000-120-1" 869 4505 1 0.125 0.5 0 0 0.252394305449633 0.6
"804" "sqlserver" "pk-xt-30K-1000-120-1" 869 4524 1 0.125 0.75 0 0 0.266085636989159 0.5
"805" "sqlserver" "pk-xt-30K-1000-120-1" 869 4525 1 0.125 1 0 0 0.277507167947197 0.5
"806" "sqlserver" "pk-xt-30K-1000-120-1" 869 4544 1 0.125 0.25 0 0 0.267142793793663 0.5
"807" "sqlserver" "pk-xt-30K-1000-120-1" 869 4545 1 0.125 0.5 0 0 0.256037801564075 0.5
"808" "sqlserver" "pk-xt-30K-1000-120-1" 869 4564 1 0.125 0.75 0 0 0.264422948957538 0.5
"809" "sqlserver" "pk-xt-30K-1000-120-1" 869 4565 1 0.125 1 0 0 0.266703803972046 0.5
"810" "sqlserver" "pk-xt-30K-1000-120-1" 869 4584 1 0.125 0.25 0.01 0.01 0.104585673930321 0.6
"811" "sqlserver" "pk-xt-30K-1000-120-1" 869 4585 1 0.125 0.5 0.01 0.01 0.114305925934851 0.6
"812" "sqlserver" "pk-xt-30K-1000-120-1" 869 4624 1 0.125 0.75 0.01 0.01 0.08275579482439 0.5
"813" "sqlserver" "pk-xt-30K-1000-120-1" 869 4626 1 0.125 1 0.01 0.01 0.0665985466660508 1
"814" "sqlserver" "pk-xt-30K-1000-120-1" 869 4804 1 0.125 0.25 0.1 0.1 0.111720083554765 0.5
"815" "sqlserver" "pk-xt-30K-1000-120-1" 869 4806 1 0.125 0.5 0.1 0.1 0.0938520596966099 0.5
"816" "sqlserver" "pk-xt-30K-1000-120-1" 869 4825 1 0.125 0.75 0.1 0.1 0.127660494316958 0.5
"817" "sqlserver" "pk-xt-30K-1000-120-1" 869 4845 1 0.125 1 0.1 0.1 0.0987675308492008 0.7
"818" "sqlserver" "pk-xt-30K-1000-120-1" 869 5066 1 0.125 0.25 1 1 0.114306366639575 0.5
"819" "sqlserver" "pk-xt-30K-1000-120-1" 869 5085 1 0.125 0.5 1 1 0.114624417071892 0.5
"820" "sqlserver" "pk-xt-30K-1000-120-1" 869 5105 1 0.125 0.75 1 1 0.100555066811773 0.5
"821" "sqlserver" "pk-xt-30K-1000-120-1" 869 5125 1 0.125 1 1 1 0.101780126242851 0.5
"822" "sqlserver" "pk-xt-30K-1000-120-2" 1110 7026 1 0.25 0.25 0 0 0.00157754313408676 0.6
"823" "sqlserver" "pk-xt-30K-1000-120-2" 1110 7046 1 0.25 0.5 0 0 0.00146890601750983 0.6
"824" "sqlserver" "pk-xt-30K-1000-120-2" 1110 7066 1 0.25 0.75 0 0 0.00168242362429294 0.6
"825" "sqlserver" "pk-xt-30K-1000-120-2" 1110 7086 1 0.25 1 0 0 0.00152736632638485 0.6
"826" "sqlserver" "pk-xt-30K-1000-120-2" 1110 7106 1 0.25 0.25 0 0 0.00103173115732636 0.5
"827" "sqlserver" "pk-xt-30K-1000-120-2" 1110 7126 1 0.25 0.5 0 0 0.000744040861256715 0.3
"828" "sqlserver" "pk-xt-30K-1000-120-2" 1110 7146 1 0.25 0.75 0 0 0.00083473492816838 0.6
"829" "sqlserver" "pk-xt-30K-1000-120-2" 1110 7166 1 0.25 1 0 0 0.000921666280638193 0.1
"830" "sqlserver" "pk-xt-30K-1000-120-2" 1110 7186 1 0.25 0.25 0 0 0.000685857667053623 0
"831" "sqlserver" "pk-xt-30K-1000-120-2" 1110 7206 1 0.25 0.5 0 0 0.000699888307352159 0
"832" "sqlserver" "pk-xt-30K-1000-120-2" 1110 7226 1 0.25 0.75 0 0 0.000787125137742833 0.2
"833" "sqlserver" "pk-xt-30K-1000-120-2" 1110 7266 1 0.25 1 0 0 0.00111231594635197 0
"834" "sqlserver" "pk-xt-30K-1000-120-2" 1110 7287 1 0.25 0.25 0 0 0.000652031627737114 0.5
"835" "sqlserver" "pk-xt-30K-1000-120-2" 1110 7307 1 0.25 0.5 0 0 0.000647779718875689 0.3
"836" "sqlserver" "pk-xt-30K-1000-120-2" 1110 7326 1 0.25 0.75 0 0 0.000743740683538936 0.5
"837" "sqlserver" "pk-xt-30K-1000-120-2" 1110 7346 1 0.25 1 0 0 0.000706969235420655 0.3
"838" "sqlserver" "pk-xt-30K-1000-120-2" 1110 7386 1 0.25 0.25 0.01 0.01 0.000770137771992701 0
"839" "sqlserver" "pk-xt-30K-1000-120-2" 1110 7407 1 0.25 0.5 0.01 0.01 0.000845332182859792 0
"840" "sqlserver" "pk-xt-30K-1000-120-2" 1110 7426 1 0.25 0.75 0.01 0.01 0.000810971682524418 0
"841" "sqlserver" "pk-xt-30K-1000-120-2" 1110 7446 1 0.25 1 0.01 0.01 0.00076944079528745 0
"842" "sqlserver" "pk-xt-30K-1000-120-4" 1232 8347 1 0.5 0.25 0 0 0.00029322198910222 0.6
"843" "sqlserver" "pk-xt-30K-1000-120-4" 1232 8446 1 0.5 0.5 0 0 0.00039124652337342 0.6
"844" "sqlserver" "pk-xt-30K-1000-120-4" 1232 8467 1 0.5 0.75 0 0 0.000337094420111469 0.6
"845" "sqlserver" "pk-xt-30K-1000-120-4" 1232 8506 1 0.5 1 0 0 0.000462796400002509 0.6
"846" "sqlserver" "pk-xt-30K-1000-120-4" 1232 8546 1 0.5 0.25 0 0 0.000363531689834544 0.6
"847" "sqlserver" "pk-xt-30K-1000-120-4" 1232 8566 1 0.5 0.5 0 0 0.000517825615250125 0.6
"848" "sqlserver" "pk-xt-30K-1000-120-4" 1232 8587 1 0.5 0.75 0 0 0.000604134981725858 0.6
"849" "sqlserver" "pk-xt-30K-1000-120-4" 1232 8626 1 0.5 1 0 0 0.000555581683527392 0.6
"850" "sqlserver" "pk-xt-30K-1000-120-4" 1232 8666 1 0.5 0.25 0 0 0.000531734207629049 0.6
"851" "sqlserver" "pk-xt-30K-1000-120-4" 1232 8826 1 0.5 0.5 0 0 0.000637631907080736 0.6
"852" "sqlserver" "pk-xt-30K-1000-120-4" 1232 8846 1 0.5 0.75 0 0 0.000620286061378927 0.6
"853" "sqlserver" "pk-xt-30K-1000-120-4" 1232 8866 1 0.5 1 0 0 0.000683216733431588 0.6
"854" "sqlserver" "pk-xt-30K-1000-120-4" 1232 8886 1 0.5 0.25 0 0 0.000597640299092823 0.6
"855" "sqlserver" "pk-xt-30K-1000-120-4" 1232 8906 1 0.5 0.5 0 0 0.000600645299367082 0.6
"856" "sqlserver" "pk-xt-30K-1000-120-4" 1232 8926 1 0.5 0.75 0 0 0.0006003009294155 0.6
"857" "sqlserver" "pk-xt-30K-1000-120-4" 1232 8946 1 0.5 1 0 0 0.000656245790557673 0.6
"858" "sqlserver" "pk-xt-30K-1000-120-4" 1232 8966 1 0.5 0.25 0.01 0.01 0.000384887568913898 1
"859" "sqlserver" "pk-xt-30K-1000-120-4" 1232 8986 1 0.5 0.5 0.01 0.01 0.000386690497454088 1
"860" "sqlserver" "pk-xt-30K-1000-120-4" 1232 9006 1 0.5 0.75 0.01 0.01 0.000387282759336291 1
"861" "sqlserver" "pk-xt-30K-1000-120-4" 1232 9026 1 0.5 1 0.01 0.01 0.000395182067410357 1
"862" "sqlserver" "pk-xt-30K-1000-120-4" 1232 9046 1 0.5 0.25 0.1 0.1 0.000399099848604534 1
"863" "sqlserver" "pk-xt-30K-1000-120-4" 1232 9067 1 0.5 0.5 0.1 0.1 0.000388525155588402 1
"864" "sqlserver" "pk-xt-30K-1000-120-4" 1232 9086 1 0.5 0.75 0.1 0.1 0.000387795231674804 1
"865" "sqlserver" "pk-xt-30K-1000-120-4" 1232 9106 1 0.5 1 0.1 0.1 0.000386895558013859 1
"866" "sqlserver" "pk-xt-30K-1000-120-4" 1232 9126 1 0.5 0.25 1 1 0.000386042941561356 1
"867" "sqlserver" "pk-xt-30K-1000-120-4" 1232 9146 1 0.5 0.5 1 1 0.000385324692419412 1
"868" "sqlserver" "pk-xt-30K-1000-120-4" 1232 9166 1 0.5 0.75 1 1 0.000386187980902444 1
"869" "sqlserver" "pk-xt-30K-1000-120-4" 1232 9186 1 0.5 1 1 1 0.000386166421968287 1
"870" "sqlserver" "pk-xt-30K-1000-120-8" 1649 9398 1 1 0.25 0 0 0.000276671388735772 1
"871" "sqlserver" "pk-xt-30K-1000-120-8" 1649 9399 1 1 0.5 0 0 0.000266945229583283 1
"872" "sqlserver" "pk-xt-30K-1000-120-8" 1649 9400 1 1 0.75 0 0 0.000252047433085952 1
"873" "sqlserver" "pk-xt-30K-1000-120-8" 1649 9401 1 1 1 0 0 0.000465417851797 1
"874" "sqlserver" "pk-xt-30K-1000-120-8" 1649 9402 1 1 0.25 0 0 0.000271131745398578 1
"875" "sqlserver" "pk-xt-30K-1000-120-8" 1649 9403 1 1 0.5 0 0 0.000301335239157438 0.4
"876" "sqlserver" "pk-xt-30K-1000-120-8" 1649 9404 1 1 0.75 0 0 0.00039185733596641 1
"877" "sqlserver" "pk-xt-30K-1000-120-8" 1649 9405 1 1 1 0 0 0.000478261031732124 0.7
"878" "sqlserver" "pk-xt-30K-1000-120-8" 1649 9406 1 1 0.25 0 0 0.000277883058134882 0.7
"879" "sqlserver" "pk-xt-30K-1000-120-8" 1649 9407 1 1 0.5 0 0 0.000305198729082209 0.7
"880" "sqlserver" "pk-xt-30K-1000-120-8" 1649 9408 1 1 0.75 0 0 0.000340423305768642 1
"881" "sqlserver" "pk-xt-30K-1000-120-8" 1649 9410 1 1 1 0 0 0.000395452879138089 0.7
"882" "sqlserver" "pk-xt-30K-1000-120-8" 1649 9411 1 1 0.25 0 0 0.000227814618098693 0.4
"883" "sqlserver" "pk-xt-30K-1000-120-8" 1649 9459 1 1 0.5 0 0 0.000291460745943025 0.7
"884" "sqlserver" "pk-xt-30K-1000-120-8" 1649 9460 1 1 0.75 0 0 0.00032550882079404 0.7
"885" "sqlserver" "pk-xt-30K-1000-120-8" 1649 9461 1 1 1 0 0 0.000360016652450215 0.7
"886" "sqlserver" "pk-xt-30K-1000-120-8" 1649 9462 1 1 0.25 0.01 0.01 0.000588736101164203 1
"887" "sqlserver" "pk-xt-30K-1000-120-8" 1649 9463 1 1 0.5 0.01 0.01 0.000585043148854805 1
"888" "sqlserver" "pk-xt-30K-1000-120-8" 1649 9464 1 1 0.75 0.01 0.01 0.000586491035412882 1
"889" "sqlserver" "pk-xt-30K-1000-120-8" 1649 9465 1 1 1 0.01 0.01 0.000588815246088599 1
"890" "sqlserver" "pk-xt-30K-1000-120-8" 1649 9466 1 1 0.25 0.1 0.1 0.000593244711753263 1
"891" "sqlserver" "pk-xt-30K-1000-120-8" 1649 9467 1 1 0.5 0.1 0.1 0.000589562646347493 1
"892" "sqlserver" "pk-xt-30K-1000-120-8" 1649 9468 1 1 0.75 0.1 0.1 0.000592062694841665 0.3
"893" "sqlserver" "pk-xt-30K-1000-120-8" 1649 9469 1 1 1 0.1 0.1 0.000585196997992908 1
"894" "sqlserver" "pk-xt-30K-1000-120-8" 1649 9470 1 1 0.25 1 1 0.000590663656101179 1
"895" "sqlserver" "pk-xt-30K-1000-120-8" 1649 9471 1 1 0.5 1 1 0.000544315457257822 1
"896" "sqlserver" "pk-xt-30K-1000-120-8" 1649 9472 1 1 0.75 1 1 0.000595324754965389 1
"897" "sqlserver" "pk-xt-30K-1000-120-8" 1649 9473 1 1 1 1 1 0.000598620550165485 1
"898" "sqlserver" "xt-30K-1000-120-1" 611 41 0 0.125 0.25 0 0 0.227377402126123 0.6
"899" "sqlserver" "xt-30K-1000-120-1" 611 42 0 0.125 0.5 0 0 0.237414057560675 0.5
"900" "sqlserver" "xt-30K-1000-120-1" 611 61 0 0.125 0.75 0 0 0.257059794027984 0.5
"901" "sqlserver" "xt-30K-1000-120-1" 611 62 0 0.125 1 0 0 0.239499969530099 0.5
"902" "sqlserver" "xt-30K-1000-120-1" 611 81 0 0.125 0.25 0 0 0.236831049045184 0.5
"903" "sqlserver" "xt-30K-1000-120-1" 611 101 0 0.125 0.5 0 0 0.263476759639982 0.5
"904" "sqlserver" "xt-30K-1000-120-1" 611 121 0 0.125 0.75 0 0 0.259480811408878 0.5
"905" "sqlserver" "xt-30K-1000-120-1" 611 141 0 0.125 1 0 0 0.283863640550813 0.5
"906" "sqlserver" "xt-30K-1000-120-1" 611 142 0 0.125 0.25 0 0 0.253547953740479 0.5
"907" "sqlserver" "xt-30K-1000-120-1" 611 143 0 0.125 0.5 0 0 0.246000280692309 0.5
"908" "sqlserver" "xt-30K-1000-120-1" 611 161 0 0.125 0.75 0 0 0.257034690547204 0.5
"909" "sqlserver" "xt-30K-1000-120-1" 611 162 0 0.125 1 0 0 0.291674289119707 0.5
"910" "sqlserver" "xt-30K-1000-120-1" 611 181 0 0.125 0.25 0 0 0.247556972111229 0.5
"911" "sqlserver" "xt-30K-1000-120-1" 611 182 0 0.125 0.5 0 0 0.251956702132492 0.5
"912" "sqlserver" "xt-30K-1000-120-1" 611 201 0 0.125 0.75 0 0 0.257498183995537 0.5
"913" "sqlserver" "xt-30K-1000-120-1" 611 221 0 0.125 1 0 0 0.256142009787982 0.5
"914" "sqlserver" "xt-30K-1000-120-1" 611 222 0 0.125 0.25 0.01 0.01 0.101543178085604 0.6
"915" "sqlserver" "xt-30K-1000-120-1" 611 241 0 0.125 0.5 0.01 0.01 0.0909502002999567 0.6
"916" "sqlserver" "xt-30K-1000-120-1" 611 261 0 0.125 0.75 0.01 0.01 0.0935026141559575 0.5
"917" "sqlserver" "xt-30K-1000-120-1" 611 281 0 0.125 1 0.01 0.01 0.0895981523721255 0.5
"918" "sqlserver" "xt-30K-1000-120-1" 611 583 0 0.125 0.25 0.1 0.1 0.119766816491053 0.6
"919" "sqlserver" "xt-30K-1000-120-1" 611 602 0 0.125 0.5 0.1 0.1 0.0934686349121222 0.6
"920" "sqlserver" "xt-30K-1000-120-1" 611 621 0 0.125 0.75 0.1 0.1 0.073056524246754 0.6
"921" "sqlserver" "xt-30K-1000-120-1" 611 642 0 0.125 1 0.1 0.1 0.112867173345668 0.5
"922" "sqlserver" "xt-30K-1000-120-1" 611 981 0 0.125 0.25 1 1 0.096945798262843 0.5
"923" "sqlserver" "xt-30K-1000-120-1" 611 1002 0 0.125 0.5 1 1 0.107212623969266 0.5
"924" "sqlserver" "xt-30K-1000-120-1" 611 1022 0 0.125 0.75 1 1 0.104915778528558 0.6
"925" "sqlserver" "xt-30K-1000-120-1" 611 1041 0 0.125 1 1 1 0.103778065155028 0.6
"926" "sqlserver" "xt-30K-1000-120-2" 989 6066 0 0.25 0.25 0 0 0.00103805895518669 0.6
"927" "sqlserver" "xt-30K-1000-120-2" 989 6086 0 0.25 0.5 0 0 0.00068872851489042 0.6
"928" "sqlserver" "xt-30K-1000-120-2" 989 6106 0 0.25 0.75 0 0 0.000761722052239994 0.2
"929" "sqlserver" "xt-30K-1000-120-2" 989 6107 0 0.25 1 0 0 0.000777193846406206 0.6
"930" "sqlserver" "xt-30K-1000-120-2" 989 6126 0 0.25 0.25 0 0 0.000728871680036724 0.5
"931" "sqlserver" "xt-30K-1000-120-2" 989 6146 0 0.25 0.5 0 0 0.00125187566532209 0.6
"932" "sqlserver" "xt-30K-1000-120-2" 989 6166 0 0.25 0.75 0 0 0.00148342699821779 0.6
"933" "sqlserver" "xt-30K-1000-120-2" 989 6167 0 0.25 1 0 0 0.00149266224396592 0.6
"934" "sqlserver" "xt-30K-1000-120-2" 989 6186 0 0.25 0.25 0 0 0.00133566707721216 0.6
"935" "sqlserver" "xt-30K-1000-120-2" 989 6188 0 0.25 0.5 0 0 0.00139239715627846 0.6
"936" "sqlserver" "xt-30K-1000-120-2" 989 6206 0 0.25 0.75 0 0 0.00131693236342983 0.6
"937" "sqlserver" "xt-30K-1000-120-2" 989 6226 0 0.25 1 0 0 0.00136714978214724 0.6
"938" "sqlserver" "xt-30K-1000-120-2" 989 6246 0 0.25 0.25 0 0 0.0012187363604265 0.7
"939" "sqlserver" "xt-30K-1000-120-2" 989 6247 0 0.25 0.5 0 0 0.000813780432035919 0.2
"940" "sqlserver" "xt-30K-1000-120-2" 989 6266 0 0.25 0.75 0 0 0.000826226383237376 0.6
"941" "sqlserver" "xt-30K-1000-120-2" 989 6267 0 0.25 1 0 0 0.000948487886709062 0
"942" "sqlserver" "xt-30K-1000-120-2" 989 6286 0 0.25 0.25 0.01 0.01 0.00078685826535523 0.1
"943" "sqlserver" "xt-30K-1000-120-2" 989 6287 0 0.25 0.5 0.01 0.01 0.000787149561651628 0.1
"944" "sqlserver" "xt-30K-1000-120-2" 989 6306 0 0.25 0.75 0.01 0.01 0.00076590462871516 0
"945" "sqlserver" "xt-30K-1000-120-2" 989 6307 0 0.25 1 0.01 0.01 0.000757087024644997 0
"946" "sqlserver" "xt-30K-1000-120-2" 989 6486 0 0.25 0.25 0.1 0.1 0.000758696424148336 0.1
"947" "sqlserver" "xt-30K-1000-120-2" 989 6487 0 0.25 0.5 0.1 0.1 0.000758208232469887 1
"948" "sqlserver" "xt-30K-1000-120-2" 989 6506 0 0.25 0.75 0.1 0.1 0.000771954882157353 0.1
"949" "sqlserver" "xt-30K-1000-120-2" 989 6507 0 0.25 1 0.1 0.1 0.000762127088029553 0
"950" "sqlserver" "xt-30K-1000-120-2" 989 6726 0 0.25 0.25 1 1 0.000767765644616151 0
"951" "sqlserver" "xt-30K-1000-120-2" 989 6727 0 0.25 0.5 1 1 0.000771064877785813 0.1
"952" "sqlserver" "xt-30K-1000-120-2" 989 6728 0 0.25 0.75 1 1 0.000688096573109469 0.2
"953" "sqlserver" "xt-30K-1000-120-2" 989 6746 0 0.25 1 1 1 0.000741855530226613 1
"954" "sqlserver" "xt-30K-1000-120-4" 1469 7746 0 0.5 0.25 0 0 0.000499451601774821 0.6
"955" "sqlserver" "xt-30K-1000-120-4" 1469 9345 0 0.5 0.5 0 0 0.000554726846719543 0.6
"956" "sqlserver" "xt-30K-1000-120-4" 1469 9346 0 0.5 0.75 0 0 0.000590168803356694 0.5
"957" "sqlserver" "xt-30K-1000-120-4" 1469 9347 0 0.5 1 0 0 0.000572735862425866 0.6
"958" "sqlserver" "xt-30K-1000-120-4" 1469 9349 0 0.5 0.25 0 0 0.000514006102686059 0.6
"959" "sqlserver" "xt-30K-1000-120-4" 1469 9350 0 0.5 0.5 0 0 0.000530435299752188 0.7
"960" "sqlserver" "xt-30K-1000-120-4" 1469 9351 0 0.5 0.75 0 0 0.00051469863868062 0.6
"961" "sqlserver" "xt-30K-1000-120-4" 1469 9352 0 0.5 1 0 0 0.000579346504907405 0.6
"962" "sqlserver" "xt-30K-1000-120-4" 1469 9354 0 0.5 0.25 0 0 0.00054474183710844 0.6
"963" "sqlserver" "xt-30K-1000-120-4" 1469 9356 0 0.5 0.5 0 0 0.000508429716049123 0.6
"964" "sqlserver" "xt-30K-1000-120-4" 1469 9366 0 0.5 0.75 0 0 0.000518100796064181 0.6
"965" "sqlserver" "xt-30K-1000-120-4" 1469 9367 0 0.5 1 0 0 0.000523650753310075 0.6
"966" "sqlserver" "xt-30K-1000-120-4" 1469 9368 0 0.5 0.25 0 0 0.000515837036353343 0.5
"967" "sqlserver" "xt-30K-1000-120-4" 1469 9369 0 0.5 0.5 0 0 0.000551020858775539 0.6
"968" "sqlserver" "xt-30K-1000-120-4" 1469 9370 0 0.5 0.75 0 0 0.00051405265852394 0.6
"969" "sqlserver" "xt-30K-1000-120-4" 1469 9371 0 0.5 1 0 0 0.000556636710438125 0.6
"970" "sqlserver" "xt-30K-1000-120-4" 1469 9372 0 0.5 0.25 0.01 0.01 0.000412985163064517 1
"971" "sqlserver" "xt-30K-1000-120-4" 1469 9387 0 0.5 0.5 0.01 0.01 0.000405526917836092 1
"972" "sqlserver" "xt-30K-1000-120-4" 1469 9388 0 0.5 0.75 0.01 0.01 0.000410921450207832 1
"973" "sqlserver" "xt-30K-1000-120-4" 1469 9389 0 0.5 1 0.01 0.01 0.000410691822490533 1
"974" "sqlserver" "xt-30K-1000-120-4" 1469 9390 0 0.5 0.25 0.1 0.1 0.000415500181051177 1
"975" "sqlserver" "xt-30K-1000-120-4" 1469 9391 0 0.5 0.5 0.1 0.1 0.000405136063670996 1
"976" "sqlserver" "xt-30K-1000-120-4" 1469 9392 0 0.5 0.75 0.1 0.1 0.000409482946441697 1
"977" "sqlserver" "xt-30K-1000-120-4" 1469 9393 0 0.5 1 0.1 0.1 0.000408921626285592 1
"978" "sqlserver" "xt-30K-1000-120-4" 1469 9394 0 0.5 0.25 1 1 0.000412835253266542 1
"979" "sqlserver" "xt-30K-1000-120-4" 1469 9395 0 0.5 0.5 1 1 0.000409941772130099 1
"980" "sqlserver" "xt-30K-1000-120-4" 1469 9396 0 0.5 0.75 1 1 0.00040916371664257 1
"981" "sqlserver" "xt-30K-1000-120-4" 1469 9397 0 0.5 1 1 1 0.000425089680913396 1
"982" "sqlserver" "xt-30K-1000-120-8" 1769 9286 0 1 0.25 0 0 0.000433167333658726 0.7
"983" "sqlserver" "xt-30K-1000-120-8" 1769 9287 0 1 0.5 0 0 0.000496808805919271 0.7
"984" "sqlserver" "xt-30K-1000-120-8" 1769 9288 0 1 0.75 0 0 0.000477168187156159 0.7
"985" "sqlserver" "xt-30K-1000-120-8" 1769 9289 0 1 1 0 0 0.000481653376577547 1
"986" "sqlserver" "xt-30K-1000-120-8" 1769 9290 0 1 0.25 0 0 0.000428496135758915 1
"987" "sqlserver" "xt-30K-1000-120-8" 1769 9291 0 1 0.5 0 0 0.000475872932121963 1
"988" "sqlserver" "xt-30K-1000-120-8" 1769 9292 0 1 0.75 0 0 0.000475205178158027 1
"989" "sqlserver" "xt-30K-1000-120-8" 1769 9293 0 1 1 0 0 0.000467589216075737 0.7
"990" "sqlserver" "xt-30K-1000-120-8" 1769 9294 0 1 0.25 0 0 0.000453662717605321 0.7
"991" "sqlserver" "xt-30K-1000-120-8" 1769 9296 0 1 0.5 0 0 0.000474874130338515 1
"992" "sqlserver" "xt-30K-1000-120-8" 1769 9297 0 1 0.75 0 0 0.000471329440466675 0.7
"993" "sqlserver" "xt-30K-1000-120-8" 1769 9298 0 1 1 0 0 0.000512338042826991 0.7
"994" "sqlserver" "xt-30K-1000-120-8" 1769 9299 0 1 0.25 0 0 0.000489365100437138 0.7
"995" "sqlserver" "xt-30K-1000-120-8" 1769 9300 0 1 0.5 0 0 0.000481714973532281 0.7
"996" "sqlserver" "xt-30K-1000-120-8" 1769 9301 0 1 0.75 0 0 0.000483519549432887 1
"997" "sqlserver" "xt-30K-1000-120-8" 1769 9302 0 1 1 0 0 0.000449923209458043 1
"998" "sqlserver" "xt-30K-1000-120-8" 1769 9303 0 1 0.25 0.01 0.01 0.00307072114511203 1
"999" "sqlserver" "xt-30K-1000-120-8" 1769 9324 0 1 0.5 0.01 0.01 0.00301086781394325 1
"1000" "sqlserver" "xt-30K-1000-120-8" 1769 9325 0 1 0.75 0.01 0.01 0.00295267394770963 1
"1001" "sqlserver" "xt-30K-1000-120-8" 1769 9326 0 1 1 0.01 0.01 0.00289215744653635 1
"1002" "sqlserver" "xt-30K-1000-120-8" 1769 9327 0 1 0.25 0.1 0.1 0.00308133293954973 1
"1003" "sqlserver" "xt-30K-1000-120-8" 1769 9330 0 1 0.5 0.1 0.1 0.00302482618525653 1
"1004" "sqlserver" "xt-30K-1000-120-8" 1769 9331 0 1 0.75 0.1 0.1 0.00295896994435147 1
"1005" "sqlserver" "xt-30K-1000-120-8" 1769 9332 0 1 1 0.1 0.1 0.00289970242887196 1
"1006" "sqlserver" "xt-30K-1000-120-8" 1769 9333 0 1 0.25 1 1 0.00316559306129071 1
"1007" "sqlserver" "xt-30K-1000-120-8" 1769 9335 0 1 0.5 1 1 0.0032053054058757 1
"1008" "sqlserver" "xt-30K-1000-120-8" 1769 9338 0 1 0.75 1 1 0.00305689857359663 1
"1009" "sqlserver" "xt-30K-1000-120-8" 1769 9386 0 1 1 1 1 0.00299101697766602 1
