EXPERIMENTNAME	DBMS	RUNID	BATCHSETID	PCTREAD	MPL	NUMEXTS	PROCTIME	TPS
pk-xt-1M-1000-120-1	pgsql	1129	7726	.01	100	431539.667	11830897	3595.356
pk-xt-1M-1000-120-1	pgsql	1129	7726	.01	200	439229.667	22639233.667	3658.742
pk-xt-1M-1000-120-1	pgsql	1129	7726	.01	300	438157.333	34145298.333	3650.003
pk-xt-1M-1000-120-1	pgsql	1129	7726	.01	400	411838.333	43647798	3429.316
pk-xt-1M-1000-120-1	pgsql	1129	7726	.01	500	405594.333	55157880	3376.303
pk-xt-1M-1000-120-1	pgsql	1129	7726	.01	600	388129.333	65296228.333	3231.739
pk-xt-1M-1000-120-1	pgsql	1129	7726	.01	700	379044	65850490.333	3152.124
pk-xt-1M-1000-120-1	pgsql	1129	7726	.01	800	358260.333	82190991.333	2979.129
pk-xt-1M-1000-120-1	pgsql	1129	7726	.01	900	354415.333	93384884	2948.731
pk-xt-1M-1000-120-1	pgsql	1129	7726	.01	1000	329065.667	96778703.333	2735.921
pk-xt-1M-1000-120-1	pgsql	1129	7747	.01	100	456420.667	11849175.333	3802.862
pk-xt-1M-1000-120-1	pgsql	1129	7747	.01	200	448309.333	23389510.667	3734.967
pk-xt-1M-1000-120-1	pgsql	1129	7747	.01	300	438937.333	34169689.667	3656.085
pk-xt-1M-1000-120-1	pgsql	1129	7747	.01	400	411099	45014065.667	3423.637
pk-xt-1M-1000-120-1	pgsql	1129	7747	.01	500	393723.333	53754623.333	3278.101
pk-xt-1M-1000-120-1	pgsql	1129	7747	.01	600	385859	65428916.333	3214.238
pk-xt-1M-1000-120-1	pgsql	1129	7747	.01	700	369101.333	74138207	3070.997
pk-xt-1M-1000-120-1	pgsql	1129	7747	.01	800	360401.667	84096291	2998.901
pk-xt-1M-1000-120-1	pgsql	1129	7747	.01	900	344348.667	93461719.333	2865.337
pk-xt-1M-1000-120-1	pgsql	1129	7747	.01	1000	350350.333	100353160.333	2914.66
pk-xt-1M-1000-120-1	pgsql	1129	7766	.01	100	450969.667	11859483	3757.632
pk-xt-1M-1000-120-1	pgsql	1129	7766	.01	200	449751.333	23030265.333	3746.886
pk-xt-1M-1000-120-1	pgsql	1129	7766	.01	300	440814.667	33598449.667	3671.1
pk-xt-1M-1000-120-1	pgsql	1129	7766	.01	400	417516.667	44318345.333	3477.305
pk-xt-1M-1000-120-1	pgsql	1129	7766	.01	500	400625.667	55107298.667	3336.111
pk-xt-1M-1000-120-1	pgsql	1129	7766	.01	600	383188.333	65054175	3189.531
pk-xt-1M-1000-120-1	pgsql	1129	7766	.01	700	379760.667	74481283.667	3161.465
pk-xt-1M-1000-120-1	pgsql	1129	7766	.01	800	359062	82836451	2984.987
pk-xt-1M-1000-120-1	pgsql	1129	7766	.01	900	339605	92946568.333	2824.556
pk-xt-1M-1000-120-1	pgsql	1129	7766	.01	1000	359471.333	97933409.667	2989.774
pk-xt-1M-1000-120-1	pgsql	1129	7786	.01	100	457889	11831573.667	3815.158
pk-xt-1M-1000-120-1	pgsql	1129	7786	.01	200	452728	22840098	3771.519
pk-xt-1M-1000-120-1	pgsql	1129	7786	.01	300	450924.667	34001182.333	3755.317
pk-xt-1M-1000-120-1	pgsql	1129	7786	.01	400	443412	43236058	3692.565
pk-xt-1M-1000-120-1	pgsql	1129	7786	.01	500	412317.667	56285033	3432.38
pk-xt-1M-1000-120-1	pgsql	1129	7786	.01	600	403211.667	64196111.667	3356.866
pk-xt-1M-1000-120-1	pgsql	1129	7786	.01	700	387693.667	72750464.667	3225.141
pk-xt-1M-1000-120-1	pgsql	1129	7786	.01	800	374954	82270519	3119.82
pk-xt-1M-1000-120-1	pgsql	1129	7786	.01	900	366046	90759866.667	3048.083
pk-xt-1M-1000-120-1	pgsql	1129	7786	.01	1000	358422.333	106437761.333	2979.165
pk-xt-1M-1000-120-1	pgsql	1129	8126	.1	100	96972	11875629	807.82
pk-xt-1M-1000-120-1	pgsql	1129	8126	.1	200	95439.667	23468568.667	794.631
pk-xt-1M-1000-120-1	pgsql	1129	8126	.1	300	91152.667	34344992.667	758.735
pk-xt-1M-1000-120-1	pgsql	1129	8126	.1	400	91450.333	45527064.333	761.206
pk-xt-1M-1000-120-1	pgsql	1129	8126	.1	500	89817	56520526.667	746.93
pk-xt-1M-1000-120-1	pgsql	1129	8126	.1	600	88186.333	63024044.333	733.576
pk-xt-1M-1000-120-1	pgsql	1129	8126	.1	700	86907	74926186	722.459
pk-xt-1M-1000-120-1	pgsql	1129	8126	.1	800	81981.667	84787569.667	681.75
pk-xt-1M-1000-120-1	pgsql	1129	8126	.1	900	78675.333	94875173.333	653.622
pk-xt-1M-1000-120-1	pgsql	1129	8126	.1	1000	81885.667	102271265.667	678.419
pk-xt-1M-1000-120-1	pgsql	1129	8146	.1	100	96403	11891614	802.99
pk-xt-1M-1000-120-1	pgsql	1129	8146	.1	200	92709	23479167.333	771.998
pk-xt-1M-1000-120-1	pgsql	1129	8146	.1	300	91430.667	34523679	760.458
pk-xt-1M-1000-120-1	pgsql	1129	8146	.1	400	91624	44987418.333	762.229
pk-xt-1M-1000-120-1	pgsql	1129	8146	.1	500	88895	56558353.333	739.551
pk-xt-1M-1000-120-1	pgsql	1129	8146	.1	600	85185	64459653.667	708.012
pk-xt-1M-1000-120-1	pgsql	1129	8146	.1	700	86114.667	74426802.333	715.548
pk-xt-1M-1000-120-1	pgsql	1129	8146	.1	800	84103	86645268.333	698.758
pk-xt-1M-1000-120-1	pgsql	1129	8146	.1	900	81501.667	93602699.667	677.343
pk-xt-1M-1000-120-1	pgsql	1129	8146	.1	1000	77837.333	104412053	645.814
pk-xt-1M-1000-120-1	pgsql	1129	8166	.1	100	100446	11836707.667	836.7
pk-xt-1M-1000-120-1	pgsql	1129	8166	.1	200	100798.667	22993864.667	839.427
pk-xt-1M-1000-120-1	pgsql	1129	8166	.1	300	96991.333	33760608	807.534
pk-xt-1M-1000-120-1	pgsql	1129	8166	.1	400	94337	43746219.667	785.071
pk-xt-1M-1000-120-1	pgsql	1129	8166	.1	500	92387.667	54814792.333	767.829
pk-xt-1M-1000-120-1	pgsql	1129	8166	.1	600	90751.667	63804309	754.052
pk-xt-1M-1000-120-1	pgsql	1129	8166	.1	700	88801.333	75340023.333	738.27
pk-xt-1M-1000-120-1	pgsql	1129	8166	.1	800	84081.667	82061934.333	698.993
pk-xt-1M-1000-120-1	pgsql	1129	8166	.1	900	81851.667	90842241.667	679.897
pk-xt-1M-1000-120-1	pgsql	1129	8166	.1	1000	82525.667	106660341.667	683.56
pk-xt-1M-1000-120-1	pgsql	1129	8186	.1	100	105660.667	11834707.667	880.144
pk-xt-1M-1000-120-1	pgsql	1129	8186	.1	200	103659.667	22817273.667	863.133
pk-xt-1M-1000-120-1	pgsql	1129	8186	.1	300	101118	33907176.333	842.209
pk-xt-1M-1000-120-1	pgsql	1129	8186	.1	400	100591.333	44593244.667	837.254
pk-xt-1M-1000-120-1	pgsql	1129	8186	.1	500	94467	55500038.667	786.136
pk-xt-1M-1000-120-1	pgsql	1129	8186	.1	600	93691	65362547	778.696
pk-xt-1M-1000-120-1	pgsql	1129	8186	.1	700	93977	75092365.333	780.875
pk-xt-1M-1000-120-1	pgsql	1129	8186	.1	800	90758	84405433.667	752.841
pk-xt-1M-1000-120-1	pgsql	1129	8186	.1	900	87078	92897718	723.968
pk-xt-1M-1000-120-1	pgsql	1129	8186	.1	1000	83371	101585766.333	693.114
pk-xt-1M-1000-120-1	pgsql	1129	8526	1	100	11513.333	11843199	95.841
pk-xt-1M-1000-120-1	pgsql	1129	8526	1	200	11319.667	22991862.667	94.12
pk-xt-1M-1000-120-1	pgsql	1129	8526	1	300	11272.333	34321527.667	93.684
pk-xt-1M-1000-120-1	pgsql	1129	8526	1	400	11208.333	45374403	93.223
pk-xt-1M-1000-120-1	pgsql	1129	8526	1	500	11064.333	55637062	91.893
pk-xt-1M-1000-120-1	pgsql	1129	8526	1	600	10860	65298971.667	89.647
pk-xt-1M-1000-120-1	pgsql	1129	8526	1	700	10513.333	73289603	87.022
pk-xt-1M-1000-120-1	pgsql	1129	8526	1	800	9680.333	82940443.667	80.131
pk-xt-1M-1000-120-1	pgsql	1129	8526	1	900	9372.667	91078853.667	76.678
pk-xt-1M-1000-120-1	pgsql	1129	8526	1	1000	9707.333	100900887	78.734
pk-xt-1M-1000-120-1	pgsql	1129	8547	1	100	10836.333	11875404.333	90.224
pk-xt-1M-1000-120-1	pgsql	1129	8547	1	200	11493.333	23429829.333	95.5
pk-xt-1M-1000-120-1	pgsql	1129	8547	1	300	10737.333	34636259.333	89.075
pk-xt-1M-1000-120-1	pgsql	1129	8547	1	400	10466.333	45654714.333	86.731
pk-xt-1M-1000-120-1	pgsql	1129	8547	1	500	10361.333	55764417	85.82
pk-xt-1M-1000-120-1	pgsql	1129	8547	1	600	10017.667	65995067	82.151
pk-xt-1M-1000-120-1	pgsql	1129	8547	1	700	9559.333	75003927.333	78.288
pk-xt-1M-1000-120-1	pgsql	1129	8547	1	800	9066	81836252	74.462
pk-xt-1M-1000-120-1	pgsql	1129	8547	1	900	8941.333	90848960.333	72.572
pk-xt-1M-1000-120-1	pgsql	1129	8547	1	1000	8933.667	102038434.333	71.74
pk-xt-1M-1000-120-1	pgsql	1129	8567	1	100	11219.333	11864792	93.332
pk-xt-1M-1000-120-1	pgsql	1129	8567	1	200	11589.333	23441893	96.477
pk-xt-1M-1000-120-1	pgsql	1129	8567	1	300	11253	34438744.333	93.463
pk-xt-1M-1000-120-1	pgsql	1129	8567	1	400	10975.667	44873929	90.87
pk-xt-1M-1000-120-1	pgsql	1129	8567	1	500	10567	56127525	86.757
pk-xt-1M-1000-120-1	pgsql	1129	8567	1	600	10092.667	65798893.333	82.616
pk-xt-1M-1000-120-1	pgsql	1129	8567	1	700	9865.333	74497932	82.032
pk-xt-1M-1000-120-1	pgsql	1129	8567	1	800	9265.333	82995368.333	75.585
pk-xt-1M-1000-120-1	pgsql	1129	8567	1	900	9175.333	91437666.333	75.421
pk-xt-1M-1000-120-1	pgsql	1129	8567	1	1000	9239.333	100275825.667	76.382
pk-xt-1M-1000-120-1	pgsql	1129	8586	1	100	12093.333	11852002	100.688
pk-xt-1M-1000-120-1	pgsql	1129	8586	1	200	12086.333	23255036	100.336
pk-xt-1M-1000-120-1	pgsql	1129	8586	1	300	12170.667	34799152.333	101.05
pk-xt-1M-1000-120-1	pgsql	1129	8586	1	400	11635.333	45783642.667	96.246
pk-xt-1M-1000-120-1	pgsql	1129	8586	1	500	11108.667	56322373.667	91.607
pk-xt-1M-1000-120-1	pgsql	1129	8586	1	600	10576.333	66002468.667	86.756
pk-xt-1M-1000-120-1	pgsql	1129	8586	1	700	10230	75187782	84.198
pk-xt-1M-1000-120-1	pgsql	1129	8586	1	800	9909.333	82866010	80.67
pk-xt-1M-1000-120-1	pgsql	1129	8586	1	900	9724.333	92294270.333	79.832
pk-xt-1M-1000-120-1	pgsql	1129	8586	1	1000	9826	101819145.333	79.563
pk-xt-1M-1000-120-2	pgsql	1729	9341	.01	100	37963422.333	11659507	302156.347
pk-xt-1M-1000-120-2	pgsql	1729	9341	.01	200	39066250.333	23752600.667	325551.181
pk-xt-1M-1000-120-2	pgsql	1729	9341	.01	300	39075945	35735499.667	325632.032
pk-xt-1M-1000-120-2	pgsql	1729	9341	.01	400	38124270.333	48750197.667	308057.311
pk-xt-1M-1000-120-2	pgsql	1729	9341	.01	500	39355458	63512436.667	301739.656
pk-xt-1M-1000-120-2	pgsql	1729	9341	.01	600	39432716	69403970.333	311046.195
pk-xt-1M-1000-120-2	pgsql	1729	9341	.01	700	38518718.667	88966738	297265.164
pk-xt-1M-1000-120-2	pgsql	1729	9341	.01	800	38619889.333	91896210	307247.153
pk-xt-1M-1000-120-2	pgsql	1729	9341	.01	900	38007084.333	104566981.667	315744.756
pk-xt-1M-1000-120-2	pgsql	1729	9341	.01	1000	38709290	115138102	301736.823
pk-xt-1M-1000-120-2	pgsql	1729	9434	.01	100	37663022.333	11599701.333	312507.397
pk-xt-1M-1000-120-2	pgsql	1729	9434	.01	200	38701298.333	24509781	302078.088
pk-xt-1M-1000-120-2	pgsql	1729	9434	.01	300	39975700.667	36817653	333127.138
pk-xt-1M-1000-120-2	pgsql	1729	9434	.01	400	37940826.333	46912426.667	307350.512
pk-xt-1M-1000-120-2	pgsql	1729	9434	.01	500	39256644	59709807	324239.274
pk-xt-1M-1000-120-2	pgsql	1729	9434	.01	600	38687578.333	68419865	320526.611
pk-xt-1M-1000-120-2	pgsql	1729	9434	.01	700	38664357	81220314.667	318920.854
pk-xt-1M-1000-120-2	pgsql	1729	9434	.01	800	38248244.333	95686906.667	302654.864
pk-xt-1M-1000-120-2	pgsql	1729	9434	.01	900	38214945.333	103646502.667	299301.628
pk-xt-1M-1000-120-2	pgsql	1729	9434	.01	1000	37913344.667	115573427.333	297146.768
pk-xt-1M-1000-120-2	pgsql	1729	9436	.01	100	36917863.333	11404514.333	301714.725
pk-xt-1M-1000-120-2	pgsql	1729	9436	.01	200	39522666	23788370.667	329352.891
pk-xt-1M-1000-120-2	pgsql	1729	9436	.01	300	39143400	35643501	326195
pk-xt-1M-1000-120-2	pgsql	1729	9436	.01	400	38698669	46217537.667	319662.626
pk-xt-1M-1000-120-2	pgsql	1729	9436	.01	500	39256068	60072341.333	319988.499
pk-xt-1M-1000-120-2	pgsql	1729	9436	.01	600	39519445.667	70812045	304084.731
pk-xt-1M-1000-120-2	pgsql	1729	9436	.01	700	38612811.333	84524981.333	300535.519
pk-xt-1M-1000-120-2	pgsql	1729	9436	.01	800	38474758.667	96999075.667	298586.853
pk-xt-1M-1000-120-2	pgsql	1729	9436	.01	900	38204959	103412288	307316.661
pk-xt-1M-1000-120-2	pgsql	1729	9436	.01	1000	39075158	116946179.333	325623.572
pk-xt-1M-1000-120-2	pgsql	1729	9439	.01	100	37558428.667	12289150.667	303332.404
pk-xt-1M-1000-120-2	pgsql	1729	9439	.01	200	39080598	24816253	310667.038
pk-xt-1M-1000-120-2	pgsql	1729	9439	.01	300	38986510	35639998.667	324592.226
pk-xt-1M-1000-120-2	pgsql	1729	9439	.01	400	38278963.333	49642189.667	302673.156
pk-xt-1M-1000-120-2	pgsql	1729	9439	.01	500	39461060.333	59303438.667	328841.288
pk-xt-1M-1000-120-2	pgsql	1729	9439	.01	600	39285481.667	71272914.667	325367.566
pk-xt-1M-1000-120-2	pgsql	1729	9439	.01	700	38388585	81674763.333	319898.515
pk-xt-1M-1000-120-2	pgsql	1729	9439	.01	800	38289227	93966221	319076.892
pk-xt-1M-1000-120-2	pgsql	1729	9439	.01	900	38352213.667	111738853.333	303188.044
pk-xt-1M-1000-120-2	pgsql	1729	9439	.01	1000	37589483	121100740.667	300170.369
pk-xt-1M-1000-120-2	pgsql	1729	9441	.1	100	37473757.333	11932945.333	312279.487
pk-xt-1M-1000-120-2	pgsql	1729	9441	.1	200	39398882	23779532.333	328314.195
pk-xt-1M-1000-120-2	pgsql	1729	9441	.1	300	38960225	35666639.667	324668.542
pk-xt-1M-1000-120-2	pgsql	1729	9441	.1	400	38496979.667	46572123.667	319305.977
pk-xt-1M-1000-120-2	pgsql	1729	9441	.1	500	39109594	58007736	320489.293
pk-xt-1M-1000-120-2	pgsql	1729	9441	.1	600	39734596.667	70465936	331118.834
pk-xt-1M-1000-120-2	pgsql	1729	9441	.1	700	38432460.333	83669028	303275.897
pk-xt-1M-1000-120-2	pgsql	1729	9441	.1	800	38457133.667	99527455.667	312268.421
pk-xt-1M-1000-120-2	pgsql	1729	9441	.1	900	38231597	104975283.333	309130.507
pk-xt-1M-1000-120-2	pgsql	1729	9441	.1	1000	38505645.667	113765829.667	296277.028
pk-xt-1M-1000-120-2	pgsql	1729	9443	.1	100	36867696.333	12119163.667	301685.353
pk-xt-1M-1000-120-2	pgsql	1729	9443	.1	200	38967933	24853526.333	299935.379
pk-xt-1M-1000-120-2	pgsql	1729	9443	.1	300	39397757.333	36499038	320246.489
pk-xt-1M-1000-120-2	pgsql	1729	9443	.1	400	38082757	47108726.667	307205.382
pk-xt-1M-1000-120-2	pgsql	1729	9443	.1	500	39336788.667	61462001.333	301167.987
pk-xt-1M-1000-120-2	pgsql	1729	9443	.1	600	39320837	72099128.333	320586.857
pk-xt-1M-1000-120-2	pgsql	1729	9443	.1	700	38055082.333	82327504	317124.008
pk-xt-1M-1000-120-2	pgsql	1729	9443	.1	800	38168412.333	93412487.667	301996.629
pk-xt-1M-1000-120-2	pgsql	1729	9443	.1	900	37905498.333	103421450.667	297885.899
pk-xt-1M-1000-120-2	pgsql	1729	9443	.1	1000	38412842.667	121459062.667	297080.818
pk-xt-1M-1000-120-2	pgsql	1729	9445	.1	100	37610259.333	11942325.667	313414.401
pk-xt-1M-1000-120-2	pgsql	1729	9445	.1	200	39068217	24904225.333	311751.313
pk-xt-1M-1000-120-2	pgsql	1729	9445	.1	300	39380881.333	35498766.667	318719.342
pk-xt-1M-1000-120-2	pgsql	1729	9445	.1	400	39190372	50595773.667	303664.514
pk-xt-1M-1000-120-2	pgsql	1729	9445	.1	500	39393280	60413662.333	310620.137
pk-xt-1M-1000-120-2	pgsql	1729	9445	.1	600	39132992	72779605.667	317175.435
pk-xt-1M-1000-120-2	pgsql	1729	9445	.1	700	38918146	84845223.667	301989.695
pk-xt-1M-1000-120-2	pgsql	1729	9445	.1	800	38213257.667	95700103.333	310824.901
pk-xt-1M-1000-120-2	pgsql	1729	9445	.1	900	39215311.667	105085484.667	326793.347
pk-xt-1M-1000-120-2	pgsql	1729	9445	.1	1000	37780652	116750914	314833.61
pk-xt-1M-1000-120-2	pgsql	1729	9447	.1	100	697.667	11198441.667	5.814
pk-xt-1M-1000-120-2	pgsql	1729	9447	.1	200	624.667	19712744	5.205
pk-xt-1M-1000-120-2	pgsql	1729	9447	.1	300	683.333	29740169	5.694
pk-xt-1M-1000-120-2	pgsql	1729	9447	.1	400	687	38828675.667	5.725
pk-xt-1M-1000-120-2	pgsql	1729	9447	.1	500	843	48904399.333	7.024
pk-xt-1M-1000-120-2	pgsql	1729	9447	.1	600	1006.333	61145508.667	8.386
pk-xt-1M-1000-120-2	pgsql	1729	9447	.1	700	829.333	71287925.333	6.911
pk-xt-1M-1000-120-2	pgsql	1729	9447	.1	800	838.667	84152965	6.988
pk-xt-1M-1000-120-2	pgsql	1729	9447	.1	900	859	90196284.333	7.157
pk-xt-1M-1000-120-2	pgsql	1729	9447	.1	1000	853.333	86502267.333	7.111
pk-xt-1M-1000-120-2	pgsql	1729	9448	1	100	660	11373044.333	5.499
pk-xt-1M-1000-120-2	pgsql	1729	9448	1	200	709.333	21928214.333	5.91
pk-xt-1M-1000-120-2	pgsql	1729	9448	1	300	750	32042705.333	6.25
pk-xt-1M-1000-120-2	pgsql	1729	9448	1	400	713.667	40645285.667	5.947
pk-xt-1M-1000-120-2	pgsql	1729	9448	1	500	789.333	45707344.667	6.577
pk-xt-1M-1000-120-2	pgsql	1729	9448	1	600	806.667	60093862.333	6.721
pk-xt-1M-1000-120-2	pgsql	1729	9448	1	700	751.333	69012810	6.261
pk-xt-1M-1000-120-2	pgsql	1729	9448	1	800	725.333	74844390.667	5.797
pk-xt-1M-1000-120-2	pgsql	1729	9448	1	900	842.333	83466859.333	7.019
pk-xt-1M-1000-120-2	pgsql	1729	9448	1	1000	864.333	83189801.333	7.202
pk-xt-1M-1000-120-2	pgsql	1729	9450	1	100	675	11467100.333	5.625
pk-xt-1M-1000-120-2	pgsql	1729	9450	1	200	698.333	21619877	5.819
pk-xt-1M-1000-120-2	pgsql	1729	9450	1	300	800	32756888.667	6.667
pk-xt-1M-1000-120-2	pgsql	1729	9450	1	400	742.667	41997949	6.189
pk-xt-1M-1000-120-2	pgsql	1729	9450	1	500	849.667	47636358	7.078
pk-xt-1M-1000-120-2	pgsql	1729	9450	1	600	861.333	58792802	7.177
pk-xt-1M-1000-120-2	pgsql	1729	9450	1	700	789.667	76937839.667	6.58
pk-xt-1M-1000-120-2	pgsql	1729	9450	1	800	806.333	78970418.333	6.716
pk-xt-1M-1000-120-2	pgsql	1729	9450	1	900	870	102682847.667	6.404
pk-xt-1M-1000-120-2	pgsql	1729	9450	1	1000	807	127710439	4.134
pk-xt-1M-1000-120-2	pgsql	1729	9452	1	100	665.333	11253373	5.544
pk-xt-1M-1000-120-2	pgsql	1729	9452	1	200	627	20305814.333	5.22
pk-xt-1M-1000-120-2	pgsql	1729	9452	1	300	644.333	29739215.667	5.369
pk-xt-1M-1000-120-2	pgsql	1729	9452	1	400	668.667	38649876	5.572
pk-xt-1M-1000-120-2	pgsql	1729	9452	1	500	844	48695834.667	7.032
pk-xt-1M-1000-120-2	pgsql	1729	9452	1	600	928	61108839.667	7.733
pk-xt-1M-1000-120-2	pgsql	1729	9452	1	700	853.333	73302353	7.109
pk-xt-1M-1000-120-2	pgsql	1729	9452	1	800	601.333	61539043.667	4.907
pk-xt-1M-1000-120-2	pgsql	1729	9452	1	900	833.333	83517510	6.944
pk-xt-1M-1000-120-2	pgsql	1729	9452	1	1000	621.667	60471451.667	4.801
pk-xt-1M-1000-120-2	pgsql	1729	9454	1	100	703	11412601.333	5.858
pk-xt-1M-1000-120-2	pgsql	1729	9454	1	200	729.333	21810950	6.078
pk-xt-1M-1000-120-2	pgsql	1729	9454	1	300	746.667	31176419.333	6.222
pk-xt-1M-1000-120-2	pgsql	1729	9454	1	400	767.333	42564246	6.394
pk-xt-1M-1000-120-2	pgsql	1729	9454	1	500	814.333	47501667.333	6.765
pk-xt-1M-1000-120-2	pgsql	1729	9454	1	600	907.667	58812821.333	7.563
pk-xt-1M-1000-120-2	pgsql	1729	9454	1	700	791	70344138.333	6.591
pk-xt-1M-1000-120-2	pgsql	1729	9454	1	800	792.667	80538067	6.605
pk-xt-1M-1000-120-2	pgsql	1729	9454	1	900	873	101409904	6.392
pk-xt-1M-1000-120-2	pgsql	1729	9454	1	1000	692.333	74585315.333	5.768
pk-xt-1M-1000-120-4	pgsql	1472	9438	.01	100	1123944	11574161.333	7918.967
pk-xt-1M-1000-120-4	pgsql	1472	9438	.01	200	1273645	23933990	10607.79
pk-xt-1M-1000-120-4	pgsql	1472	9438	.01	300	1174336.333	35819286.333	9760.632
pk-xt-1M-1000-120-4	pgsql	1472	9438	.01	400	1126982.667	47503820.667	9346.317
pk-xt-1M-1000-120-4	pgsql	1472	9438	.01	500	1131760	58499924.333	9402.224
pk-xt-1M-1000-120-4	pgsql	1472	9438	.01	600	1151443.333	71056366.667	9566.462
pk-xt-1M-1000-120-4	pgsql	1472	9438	.01	700	896906.333	82233482.667	7456.443
pk-xt-1M-1000-120-4	pgsql	1472	9438	.01	800	852555.333	93728723.333	7082.976
pk-xt-1M-1000-120-4	pgsql	1472	9438	.01	900	102557.333	92900501.333	817.145
pk-xt-1M-1000-120-4	pgsql	1472	9438	.01	1000	566026	115995443.333	4713.907
pk-xt-1M-1000-120-4	pgsql	1472	9440	.01	100	855326	11521459	6858.875
pk-xt-1M-1000-120-4	pgsql	1472	9440	.01	200	173190.333	16193686.333	1369.792
pk-xt-1M-1000-120-4	pgsql	1472	9440	.01	300	608608.333	35683925	5070.183
pk-xt-1M-1000-120-4	pgsql	1472	9440	.01	400	719753.667	47469820.333	5997.781
pk-xt-1M-1000-120-4	pgsql	1472	9440	.01	500	694937	59342382.667	5791.033
pk-xt-1M-1000-120-4	pgsql	1472	9440	.01	600	364366	56216102.333	2186.713
pk-xt-1M-1000-120-4	pgsql	1472	9440	.01	700	39426	69183794.667	247.84
pk-xt-1M-1000-120-4	pgsql	1472	9440	.01	800	23883.667	128966538.667	155.523
pk-xt-1M-1000-120-4	pgsql	1472	9440	.01	900	68441.333	212357221.333	433.155
pk-xt-1M-1000-120-4	pgsql	1472	9440	.01	1000	132362.333	110862671	1066.95
pk-xt-1M-1000-120-4	pgsql	1472	9442	.01	100	1467241.333	11797969.333	12225.087
pk-xt-1M-1000-120-4	pgsql	1472	9442	.01	200	1517206.333	22670270	12632.424
pk-xt-1M-1000-120-4	pgsql	1472	9442	.01	300	1454906.333	31130762.333	12096.519
pk-xt-1M-1000-120-4	pgsql	1472	9442	.01	400	1578189.333	40125138.333	13126.85
pk-xt-1M-1000-120-4	pgsql	1472	9442	.01	500	1945598.333	40071225.667	14631.313
pk-xt-1M-1000-120-4	pgsql	1472	9442	.01	600	2114373.333	50639784	14916.537
pk-xt-1M-1000-120-4	pgsql	1472	9442	.01	700	1349965	59968514.667	11139.48
pk-xt-1M-1000-120-4	pgsql	1472	9442	.01	800	1464020.667	54355301	11215.559
pk-xt-1M-1000-120-4	pgsql	1472	9442	.01	900	854599.667	79035646.667	6944.421
pk-xt-1M-1000-120-4	pgsql	1472	9442	.01	1000	876437	112729157	7285.044
pk-xt-1M-1000-120-4	pgsql	1472	9444	.01	100	1321670.333	11992192.333	11011.818
pk-xt-1M-1000-120-4	pgsql	1472	9444	.01	200	1328777.333	23747109.333	11065.846
pk-xt-1M-1000-120-4	pgsql	1472	9444	.01	300	1288306.667	35091938.667	10719.307
pk-xt-1M-1000-120-4	pgsql	1472	9444	.01	400	812485	43113783	4732.665
pk-xt-1M-1000-120-4	pgsql	1472	9444	.01	500	741338.667	50859244	6159.605
pk-xt-1M-1000-120-4	pgsql	1472	9444	.01	600	1117759.667	71009787	9269.568
pk-xt-1M-1000-120-4	pgsql	1472	9444	.01	700	493107	77518475.333	4087.454
pk-xt-1M-1000-120-4	pgsql	1472	9444	.01	800	778076.667	94729151	6466.057
pk-xt-1M-1000-120-4	pgsql	1472	9444	.01	900	137684	103458059.667	349.941
pk-xt-1M-1000-120-4	pgsql	1472	9444	.01	1000	126563.333	104222176.333	965.93
pk-xt-1M-1000-120-4	pgsql	1472	9446	.1	100	363041.667	11836612	3024.698
pk-xt-1M-1000-120-4	pgsql	1472	9446	.1	200	368298	22681087.667	3066.894
pk-xt-1M-1000-120-4	pgsql	1472	9446	.1	300	364563.333	32183169	3033.583
pk-xt-1M-1000-120-4	pgsql	1472	9446	.1	400	390936	37526768.667	3255.066
pk-xt-1M-1000-120-4	pgsql	1472	9446	.1	500	388622.667	50200495.667	3230.507
pk-xt-1M-1000-120-4	pgsql	1472	9446	.1	600	445420.333	61499187	3694.017
pk-xt-1M-1000-120-4	pgsql	1472	9446	.1	700	406304	70931059	3375.164
pk-xt-1M-1000-120-4	pgsql	1472	9446	.1	800	561370.333	70211026	3754.919
pk-xt-1M-1000-120-4	pgsql	1472	9446	.1	900	706520.667	85346356.667	3599.518
pk-xt-1M-1000-120-4	pgsql	1472	9446	.1	1000	949077.333	100429193.333	4170.656
pk-xt-1M-1000-120-4	pgsql	1472	9449	.1	100	349357.667	11716572.667	2910.514
pk-xt-1M-1000-120-4	pgsql	1472	9449	.1	200	347691.333	22729580	2895.475
pk-xt-1M-1000-120-4	pgsql	1472	9449	.1	300	374367.667	33391524.333	3116.728
pk-xt-1M-1000-120-4	pgsql	1472	9449	.1	400	399403.333	41142324	3321.376
pk-xt-1M-1000-120-4	pgsql	1472	9449	.1	500	390666.333	54122181.333	3250.491
pk-xt-1M-1000-120-4	pgsql	1472	9449	.1	600	444844.667	59713727	3699.481
pk-xt-1M-1000-120-4	pgsql	1472	9449	.1	700	666712.333	66428618.333	4265.79
pk-xt-1M-1000-120-4	pgsql	1472	9449	.1	800	514535.667	58237860	3307.624
pk-xt-1M-1000-120-4	pgsql	1472	9449	.1	900	34519.333	79865686.333	283.174
pk-xt-1M-1000-120-4	pgsql	1472	9449	.1	1000	133024.667	115862655	1107.562
pk-xt-1M-1000-120-4	pgsql	1472	9451	.1	100	360330	11803226.667	3001.351
pk-xt-1M-1000-120-4	pgsql	1472	9451	.1	200	366877.333	22788355	3051.777
pk-xt-1M-1000-120-4	pgsql	1472	9451	.1	300	357243.667	34082478.333	2974.358
pk-xt-1M-1000-120-4	pgsql	1472	9451	.1	400	327720	47418120.333	2726.796
pk-xt-1M-1000-120-4	pgsql	1472	9451	.1	500	328714.333	54121907	2719.74
pk-xt-1M-1000-120-4	pgsql	1472	9451	.1	600	386626.667	68143000.667	3204.721
pk-xt-1M-1000-120-4	pgsql	1472	9451	.1	700	297368	81185744.667	2471.153
pk-xt-1M-1000-120-4	pgsql	1472	9451	.1	800	148898	89019933.667	1238.65
pk-xt-1M-1000-120-4	pgsql	1472	9451	.1	900	152079.333	103084190.667	1263.699
pk-xt-1M-1000-120-4	pgsql	1472	9451	.1	1000	24820	138129610.333	157.741
pk-xt-1M-1000-120-4	pgsql	1472	9453	.1	100	354564	11916449.333	2954.156
pk-xt-1M-1000-120-4	pgsql	1472	9453	.1	200	353777.333	23230364.333	2947.741
pk-xt-1M-1000-120-4	pgsql	1472	9453	.1	300	362085	33239729.333	3015.558
pk-xt-1M-1000-120-4	pgsql	1472	9453	.1	400	394066.667	44880970	3276.834
pk-xt-1M-1000-120-4	pgsql	1472	9453	.1	500	374037.667	50776067	3111.648
pk-xt-1M-1000-120-4	pgsql	1472	9453	.1	600	456186	59886978.333	3799.088
pk-xt-1M-1000-120-4	pgsql	1472	9453	.1	700	467847.333	69265255.333	3886.23
pk-xt-1M-1000-120-4	pgsql	1472	9453	.1	800	606093.333	83477290.333	4845.506
pk-xt-1M-1000-120-4	pgsql	1472	9453	.1	900	368726.333	85123891.333	3063.516
pk-xt-1M-1000-120-4	pgsql	1472	9453	.1	1000	849167.667	107343716	4452.752
pk-xt-1M-1000-120-4	pgsql	1472	9455	1	100	38030.333	11818692.333	316.878
pk-xt-1M-1000-120-4	pgsql	1472	9455	1	200	38085.333	23466210	317.28
pk-xt-1M-1000-120-4	pgsql	1472	9455	1	300	39159.667	34758693.667	326.312
pk-xt-1M-1000-120-4	pgsql	1472	9455	1	400	38208.667	45060862.333	318.322
pk-xt-1M-1000-120-4	pgsql	1472	9455	1	500	40685	58149759.333	338.94
pk-xt-1M-1000-120-4	pgsql	1472	9455	1	600	39292	69683987.333	327.285
pk-xt-1M-1000-120-4	pgsql	1472	9455	1	700	41317.333	80739242.667	343.646
pk-xt-1M-1000-120-4	pgsql	1472	9455	1	800	41478.667	90891247.333	345.485
pk-xt-1M-1000-120-4	pgsql	1472	9455	1	900	39315	103730301.333	325.856
pk-xt-1M-1000-120-4	pgsql	1472	9455	1	1000	21055.333	93799216.667	161.533
pk-xt-1M-1000-120-4	pgsql	1472	9456	1	100	38009.333	11873477.667	316.617
pk-xt-1M-1000-120-4	pgsql	1472	9456	1	200	40141.333	23612970	334.191
pk-xt-1M-1000-120-4	pgsql	1472	9456	1	300	40128.667	34752830.667	333.342
pk-xt-1M-1000-120-4	pgsql	1472	9456	1	400	41366.333	46366366.667	344.473
pk-xt-1M-1000-120-4	pgsql	1472	9456	1	500	44099.667	57096502.333	367.059
pk-xt-1M-1000-120-4	pgsql	1472	9456	1	600	43121.333	67934974.333	359.291
pk-xt-1M-1000-120-4	pgsql	1472	9456	1	700	42480.667	78254754.667	353.891
pk-xt-1M-1000-120-4	pgsql	1472	9456	1	800	42313.667	93836540.667	350.493
pk-xt-1M-1000-120-4	pgsql	1472	9456	1	900	5579	72230650.667	21.985
pk-xt-1M-1000-120-4	pgsql	1472	9456	1	1000	1664.667	54249455	13.435
pk-xt-1M-1000-120-4	pgsql	1472	9457	1	100	35215	11885162.667	293.356
pk-xt-1M-1000-120-4	pgsql	1472	9457	1	200	35839	23691038.333	298.648
pk-xt-1M-1000-120-4	pgsql	1472	9457	1	300	35822.667	35453809.667	298.425
pk-xt-1M-1000-120-4	pgsql	1472	9457	1	400	35537	47258716	296.119
pk-xt-1M-1000-120-4	pgsql	1472	9457	1	500	35510.333	58622141	295.857
pk-xt-1M-1000-120-4	pgsql	1472	9457	1	600	24193.333	48375321.333	195.564
pk-xt-1M-1000-120-4	pgsql	1472	9457	1	700	775.667	52641719	4.927
pk-xt-1M-1000-120-4	pgsql	1472	9457	1	800	952.667	41943510.667	7.91
pk-xt-1M-1000-120-4	pgsql	1472	9457	1	900	11402.667	100519532.667	94.239
pk-xt-1M-1000-120-4	pgsql	1472	9457	1	1000	2577	250967115.333	4.025
pk-xt-1M-1000-120-4	pgsql	1472	9458	1	100	34393.333	11966767.667	286.59
pk-xt-1M-1000-120-4	pgsql	1472	9458	1	200	36690.333	23585364.667	305.746
pk-xt-1M-1000-120-4	pgsql	1472	9458	1	300	37395.333	35538048	311.284
pk-xt-1M-1000-120-4	pgsql	1472	9458	1	400	34558.333	47363897	287.859
pk-xt-1M-1000-120-4	pgsql	1472	9458	1	500	38476	58818643.333	319.74
pk-xt-1M-1000-120-4	pgsql	1472	9458	1	600	1912.667	11961441.333	4.414
pk-xt-1M-1000-120-4	pgsql	1472	9458	1	700	3338	60799023.333	27.817
pk-xt-1M-1000-120-4	pgsql	1472	9458	1	800	1182.667	36514454.667	7.03
pk-xt-1M-1000-120-4	pgsql	1472	9458	1	900	5277.333	89028810.667	37.517
pk-xt-1M-1000-120-4	pgsql	1472	9458	1	1000	13397.333	115031004	111.289
pk-xt-1M-1000-120-8	pgsql	1749	9409	.01	100	1803.333	11782025.333	15.028
pk-xt-1M-1000-120-8	pgsql	1749	9409	.01	200	1645	22450751	13.708
pk-xt-1M-1000-120-8	pgsql	1749	9409	.01	300	1609	32614755.333	13.408
pk-xt-1M-1000-120-8	pgsql	1749	9409	.01	400	1538.667	36704789	12.806
pk-xt-1M-1000-120-8	pgsql	1749	9409	.01	500	1636.333	38474313.333	13.636
pk-xt-1M-1000-120-8	pgsql	1749	9409	.01	600	1640	38502145.333	13.667
pk-xt-1M-1000-120-8	pgsql	1749	9409	.01	700	1730.333	35790028.333	14.419
pk-xt-1M-1000-120-8	pgsql	1749	9409	.01	800	1661.333	33499231	13.844
pk-xt-1M-1000-120-8	pgsql	1749	9409	.01	900	1633.667	31422137	13.614
pk-xt-1M-1000-120-8	pgsql	1749	9409	.01	1000	1626	28739102.667	13.544
pk-xt-1M-1000-120-8	pgsql	1749	9412	.01	100	1837	11865874	15.308
pk-xt-1M-1000-120-8	pgsql	1749	9412	.01	200	1829.667	23534712	15.247
pk-xt-1M-1000-120-8	pgsql	1749	9412	.01	300	1655.667	28734650.667	13.797
pk-xt-1M-1000-120-8	pgsql	1749	9412	.01	400	1637.667	28043973.667	13.647
pk-xt-1M-1000-120-8	pgsql	1749	9412	.01	500	1682	26216557.667	14.017
pk-xt-1M-1000-120-8	pgsql	1749	9412	.01	600	1667.333	24516475	13.894
pk-xt-1M-1000-120-8	pgsql	1749	9412	.01	700	1666	22223526	13.883
pk-xt-1M-1000-120-8	pgsql	1749	9412	.01	800	1608.333	20793564.667	13.397
pk-xt-1M-1000-120-8	pgsql	1749	9412	.01	900	1629.667	19841605.667	13.581
pk-xt-1M-1000-120-8	pgsql	1749	9412	.01	1000	1644	19250620.333	13.7
pk-xt-1M-1000-120-8	pgsql	1749	9414	.01	100	1846	11602347.333	15.383
pk-xt-1M-1000-120-8	pgsql	1749	9414	.01	200	1628	19720249.667	13.567
pk-xt-1M-1000-120-8	pgsql	1749	9414	.01	300	1644.667	19460928	13.706
pk-xt-1M-1000-120-8	pgsql	1749	9414	.01	400	1601	17995621.667	13.342
pk-xt-1M-1000-120-8	pgsql	1749	9414	.01	500	1659	17547420	13.825
pk-xt-1M-1000-120-8	pgsql	1749	9414	.01	600	1633.333	16683549.667	13.599
pk-xt-1M-1000-120-8	pgsql	1749	9414	.01	700	1617.667	14374906.333	13.481
pk-xt-1M-1000-120-8	pgsql	1749	9414	.01	800	1524.667	13258247	12.706
pk-xt-1M-1000-120-8	pgsql	1749	9414	.01	900	1498.333	13274741.667	12.486
pk-xt-1M-1000-120-8	pgsql	1749	9414	.01	1000	1532.333	13313199.667	12.769
pk-xt-1M-1000-120-8	pgsql	1749	9416	.01	100	1934.667	12002753.333	16.122
pk-xt-1M-1000-120-8	pgsql	1749	9416	.01	200	1913.333	23997977	15.944
pk-xt-1M-1000-120-8	pgsql	1749	9416	.01	300	1995.667	35903245.667	16.631
pk-xt-1M-1000-120-8	pgsql	1749	9416	.01	400	1982.667	47488942	16.522
pk-xt-1M-1000-120-8	pgsql	1749	9416	.01	500	2050.333	59772175	17.086
pk-xt-1M-1000-120-8	pgsql	1749	9416	.01	600	2245.667	71957136.333	18.714
pk-xt-1M-1000-120-8	pgsql	1749	9416	.01	700	2106.667	83569626.667	17.556
pk-xt-1M-1000-120-8	pgsql	1749	9416	.01	800	2391.333	95926966.667	19.928
pk-xt-1M-1000-120-8	pgsql	1749	9416	.01	900	2502.333	107818706.333	20.853
pk-xt-1M-1000-120-8	pgsql	1749	9416	.01	1000	2206.667	120057901	18.389
pk-xt-1M-1000-120-8	pgsql	1749	9419	.1	100	1858	11940145	15.483
pk-xt-1M-1000-120-8	pgsql	1749	9419	.1	200	1850	23977700	15.417
pk-xt-1M-1000-120-8	pgsql	1749	9419	.1	300	1928.333	35977255.667	16.069
pk-xt-1M-1000-120-8	pgsql	1749	9419	.1	400	1999.333	47974043.667	16.661
pk-xt-1M-1000-120-8	pgsql	1749	9419	.1	500	2000	59971487	16.667
pk-xt-1M-1000-120-8	pgsql	1749	9419	.1	600	2141.667	72046328.333	17.847
pk-xt-1M-1000-120-8	pgsql	1749	9419	.1	700	2099.667	83960677	17.497
pk-xt-1M-1000-120-8	pgsql	1749	9419	.1	800	2393	95993865.333	19.942
pk-xt-1M-1000-120-8	pgsql	1749	9419	.1	900	2339.333	107703539	19.494
pk-xt-1M-1000-120-8	pgsql	1749	9419	.1	1000	2070.333	120053987	17.253
pk-xt-1M-1000-120-8	pgsql	1749	9421	.1	100	1903.333	11998245.667	15.861
pk-xt-1M-1000-120-8	pgsql	1749	9421	.1	200	1910.667	23997752.333	15.922
pk-xt-1M-1000-120-8	pgsql	1749	9421	.1	300	1929	35950094.333	16.075
pk-xt-1M-1000-120-8	pgsql	1749	9421	.1	400	1988.667	47828308	16.572
pk-xt-1M-1000-120-8	pgsql	1749	9421	.1	500	2004.333	59979562.333	16.703
pk-xt-1M-1000-120-8	pgsql	1749	9421	.1	600	2199	71956160.333	18.325
pk-xt-1M-1000-120-8	pgsql	1749	9421	.1	700	2099.667	83998901	17.497
pk-xt-1M-1000-120-8	pgsql	1749	9421	.1	800	2390	95901780	19.917
pk-xt-1M-1000-120-8	pgsql	1749	9421	.1	900	2377.333	107809889.333	19.811
pk-xt-1M-1000-120-8	pgsql	1749	9421	.1	1000	2100	119912896.333	17.5
pk-xt-1M-1000-120-8	pgsql	1749	9423	.1	100	1917.667	11999299	15.981
pk-xt-1M-1000-120-8	pgsql	1749	9423	.1	200	1924	23996315.667	16.033
pk-xt-1M-1000-120-8	pgsql	1749	9423	.1	300	1979.667	35963557.333	16.497
pk-xt-1M-1000-120-8	pgsql	1749	9423	.1	400	2001	47981616.333	16.675
pk-xt-1M-1000-120-8	pgsql	1749	9423	.1	500	2007.667	60033711.333	16.731
pk-xt-1M-1000-120-8	pgsql	1749	9423	.1	600	2224.333	71973594.333	18.536
pk-xt-1M-1000-120-8	pgsql	1749	9423	.1	700	2102.667	83955986	17.522
pk-xt-1M-1000-120-8	pgsql	1749	9423	.1	800	2397.333	96010974.667	19.978
pk-xt-1M-1000-120-8	pgsql	1749	9423	.1	900	2394	107887495.667	19.95
pk-xt-1M-1000-120-8	pgsql	1749	9423	.1	1000	2142	120083960.333	17.85
pk-xt-1M-1000-120-8	pgsql	1749	9425	.1	100	1921.333	12000832.667	16.011
pk-xt-1M-1000-120-8	pgsql	1749	9425	.1	200	1928	23998034.667	16.067
pk-xt-1M-1000-120-8	pgsql	1749	9425	.1	300	1995	35994337	16.625
pk-xt-1M-1000-120-8	pgsql	1749	9425	.1	400	2024.333	47985673.667	16.869
pk-xt-1M-1000-120-8	pgsql	1749	9425	.1	500	2054	59985230.667	17.117
pk-xt-1M-1000-120-8	pgsql	1749	9425	.1	600	2245.667	71980698.333	18.714
pk-xt-1M-1000-120-8	pgsql	1749	9425	.1	700	2125	84005279	17.708
pk-xt-1M-1000-120-8	pgsql	1749	9425	.1	800	2396.667	95971415.667	19.972
pk-xt-1M-1000-120-8	pgsql	1749	9425	.1	900	2464.333	108069841.333	20.536
pk-xt-1M-1000-120-8	pgsql	1749	9425	.1	1000	2232.333	119965724.333	18.603
pk-xt-1M-1000-120-8	pgsql	1749	9428	1	100	1843.667	11999794.333	15.364
pk-xt-1M-1000-120-8	pgsql	1749	9428	1	200	1819.333	23992695.333	15.161
pk-xt-1M-1000-120-8	pgsql	1749	9428	1	300	1860.667	36003615.667	15.506
pk-xt-1M-1000-120-8	pgsql	1749	9428	1	400	2000	47984916.667	16.667
pk-xt-1M-1000-120-8	pgsql	1749	9428	1	500	1998.667	59981662.333	16.656
pk-xt-1M-1000-120-8	pgsql	1749	9428	1	600	2025.667	71960042	16.881
pk-xt-1M-1000-120-8	pgsql	1749	9428	1	700	2100	84026532	17.5
pk-xt-1M-1000-120-8	pgsql	1749	9428	1	800	2388.333	95974155.667	19.903
pk-xt-1M-1000-120-8	pgsql	1749	9428	1	900	2191.333	108449437.667	18.261
pk-xt-1M-1000-120-8	pgsql	1749	9428	1	1000	2041	120070362.667	17.008
pk-xt-1M-1000-120-8	pgsql	1749	9430	1	100	1855.667	11999591.333	15.464
pk-xt-1M-1000-120-8	pgsql	1749	9430	1	200	1841.667	23993759	15.347
pk-xt-1M-1000-120-8	pgsql	1749	9430	1	300	1889	35987414.667	15.742
pk-xt-1M-1000-120-8	pgsql	1749	9430	1	400	1999.333	47986406	16.661
pk-xt-1M-1000-120-8	pgsql	1749	9430	1	500	1999.667	60009060	16.664
pk-xt-1M-1000-120-8	pgsql	1749	9430	1	600	2097.333	71976207.333	17.478
pk-xt-1M-1000-120-8	pgsql	1749	9430	1	700	2100	84025257.667	17.5
pk-xt-1M-1000-120-8	pgsql	1749	9430	1	800	2393.333	95995115.333	19.944
pk-xt-1M-1000-120-8	pgsql	1749	9430	1	900	2333.667	108403181	19.447
pk-xt-1M-1000-120-8	pgsql	1749	9430	1	1000	2067.333	120394927.333	17.226
pk-xt-1M-1000-120-8	pgsql	1749	9432	1	100	1891.333	12000852.333	15.761
pk-xt-1M-1000-120-8	pgsql	1749	9432	1	200	1883.333	23996861.333	15.694
pk-xt-1M-1000-120-8	pgsql	1749	9432	1	300	1931	35993851.333	16.092
pk-xt-1M-1000-120-8	pgsql	1749	9432	1	400	2000.667	47988863.667	16.672
pk-xt-1M-1000-120-8	pgsql	1749	9432	1	500	2012.667	59983241	16.772
pk-xt-1M-1000-120-8	pgsql	1749	9432	1	600	2169.667	71975729	18.081
pk-xt-1M-1000-120-8	pgsql	1749	9432	1	700	2100	84124177.333	17.5
pk-xt-1M-1000-120-8	pgsql	1749	9432	1	800	2383	96041875.333	19.858
pk-xt-1M-1000-120-8	pgsql	1749	9432	1	900	2352	108206181	19.6
pk-xt-1M-1000-120-8	pgsql	1749	9432	1	1000	2091.667	120299669	17.431
pk-xt-1M-1000-120-8	pgsql	1749	9437	1	100	1921.333	11999870.333	16.011
pk-xt-1M-1000-120-8	pgsql	1749	9437	1	200	1905.667	23999329	15.881
pk-xt-1M-1000-120-8	pgsql	1749	9437	1	300	1972.667	35991166.333	16.439
pk-xt-1M-1000-120-8	pgsql	1749	9437	1	400	2003	47986779.333	16.692
pk-xt-1M-1000-120-8	pgsql	1749	9437	1	500	2017.333	59979241.667	16.811
pk-xt-1M-1000-120-8	pgsql	1749	9437	1	600	2210	72059483.333	18.417
pk-xt-1M-1000-120-8	pgsql	1749	9437	1	700	2102.667	84082892.667	17.522
pk-xt-1M-1000-120-8	pgsql	1749	9437	1	800	2393	96002712.667	19.942
pk-xt-1M-1000-120-8	pgsql	1749	9437	1	900	2411	108246231.667	20.092
pk-xt-1M-1000-120-8	pgsql	1749	9437	1	1000	2162	120260413	18.017
xt-1M-1000-120-1	pgsql	969	2123	.01	100	238.333	8592719.667	1.985
xt-1M-1000-120-1	pgsql	969	2123	.01	200	340.333	16560685.333	2.832
xt-1M-1000-120-1	pgsql	969	2123	.01	300	270	16232206	2.248
xt-1M-1000-120-1	pgsql	969	2123	.01	400	406	24191405.333	3.377
xt-1M-1000-120-1	pgsql	969	2123	.01	500	342	24694776.667	2.846
xt-1M-1000-120-1	pgsql	969	2123	.01	600	465.667	33464189	3.877
xt-1M-1000-120-1	pgsql	969	2123	.01	700	423.333	29059677	3.526
xt-1M-1000-120-1	pgsql	969	2123	.01	800	354.667	17194396.667	2.949
xt-1M-1000-120-1	pgsql	969	2123	.01	900	288.667	12008701.333	2.403
xt-1M-1000-120-1	pgsql	969	2123	.01	1000	350.667	4865668.667	2.921
xt-1M-1000-120-1	pgsql	969	2142	.01	100	403.333	8639563.333	3.355
xt-1M-1000-120-1	pgsql	969	2142	.01	200	577	18160345.333	4.797
xt-1M-1000-120-1	pgsql	969	2142	.01	300	310.333	8840036.667	2.585
xt-1M-1000-120-1	pgsql	969	2142	.01	400	452	12208814.333	3.764
xt-1M-1000-120-1	pgsql	969	2142	.01	500	504	15006207.333	4.192
xt-1M-1000-120-1	pgsql	969	2142	.01	600	514.333	19834593.667	4.279
xt-1M-1000-120-1	pgsql	969	2142	.01	700	486.667	22551661	4.05
xt-1M-1000-120-1	pgsql	969	2142	.01	800	692.667	34826112.667	5.754
xt-1M-1000-120-1	pgsql	969	2142	.01	900	727.333	37260042.667	6.05
xt-1M-1000-120-1	pgsql	969	2142	.01	1000	763	40619557.333	6.352
xt-1M-1000-120-1	pgsql	969	2144	.01	100	534	11531539	4.448
xt-1M-1000-120-1	pgsql	969	2144	.01	200	519	19598010.333	4.321
xt-1M-1000-120-1	pgsql	969	2144	.01	300	433.667	21768007.667	3.613
xt-1M-1000-120-1	pgsql	969	2144	.01	400	433.667	27145562	3.612
xt-1M-1000-120-1	pgsql	969	2144	.01	500	505	29252014.667	4.201
xt-1M-1000-120-1	pgsql	969	2144	.01	600	550.333	34583599.667	4.567
xt-1M-1000-120-1	pgsql	969	2144	.01	700	629.333	35730005.333	5.227
xt-1M-1000-120-1	pgsql	969	2144	.01	800	651	38493324.333	5.421
xt-1M-1000-120-1	pgsql	969	2144	.01	900	655.667	40993295.667	5.452
xt-1M-1000-120-1	pgsql	969	2144	.01	1000	726.333	42446275	6.044
xt-1M-1000-120-1	pgsql	969	2147	.01	100	565.667	11624739	4.713
xt-1M-1000-120-1	pgsql	969	2147	.01	200	602.333	19766002.667	5.016
xt-1M-1000-120-1	pgsql	969	2147	.01	300	537.667	23351942.333	4.478
xt-1M-1000-120-1	pgsql	969	2147	.01	400	504	25131443.333	4.197
xt-1M-1000-120-1	pgsql	969	2147	.01	500	605.667	32818552.667	5.038
xt-1M-1000-120-1	pgsql	969	2147	.01	600	675.667	35396320.667	5.622
xt-1M-1000-120-1	pgsql	969	2147	.01	700	720.333	37884555	5.997
xt-1M-1000-120-1	pgsql	969	2147	.01	800	736.333	40557322.667	6.131
xt-1M-1000-120-1	pgsql	969	2147	.01	900	758.333	41697431.333	6.303
xt-1M-1000-120-1	pgsql	969	2147	.01	1000	832.667	43906066.333	6.918
xt-1M-1000-120-1	pgsql	969	2503	.1	100	493.333	11551278.667	4.108
xt-1M-1000-120-1	pgsql	969	2503	.1	200	531	19961928.667	4.422
xt-1M-1000-120-1	pgsql	969	2503	.1	300	450	22293348.333	3.746
xt-1M-1000-120-1	pgsql	969	2503	.1	400	411.333	24946538.333	3.425
xt-1M-1000-120-1	pgsql	969	2503	.1	500	491	27820249	4.084
xt-1M-1000-120-1	pgsql	969	2503	.1	600	589.333	32702922	4.908
xt-1M-1000-120-1	pgsql	969	2503	.1	700	632	35621551	5.256
xt-1M-1000-120-1	pgsql	969	2503	.1	800	656.333	37597812.667	5.463
xt-1M-1000-120-1	pgsql	969	2503	.1	900	627.333	38540824	5.215
xt-1M-1000-120-1	pgsql	969	2503	.1	1000	706.667	40992998.667	5.88
xt-1M-1000-120-1	pgsql	969	2522	.1	100	529.667	11680429.333	4.413
xt-1M-1000-120-1	pgsql	969	2522	.1	200	522.667	19730756.333	4.353
xt-1M-1000-120-1	pgsql	969	2522	.1	300	436.333	21233245.667	3.628
xt-1M-1000-120-1	pgsql	969	2522	.1	400	422.333	26080414	3.518
xt-1M-1000-120-1	pgsql	969	2522	.1	500	511.333	29229745.667	4.258
xt-1M-1000-120-1	pgsql	969	2522	.1	600	592.667	33274378.667	4.933
xt-1M-1000-120-1	pgsql	969	2522	.1	700	656	36428228	5.46
xt-1M-1000-120-1	pgsql	969	2522	.1	800	655	38488648.667	5.451
xt-1M-1000-120-1	pgsql	969	2522	.1	900	526.333	33974049	4.043
xt-1M-1000-120-1	pgsql	969	2522	.1	1000	745	41965315.667	6.189
xt-1M-1000-120-1	pgsql	969	2541	.1	100	543	11580417.667	4.522
xt-1M-1000-120-1	pgsql	969	2541	.1	200	576.333	20280958	4.802
xt-1M-1000-120-1	pgsql	969	2541	.1	300	459.333	21361755	3.823
xt-1M-1000-120-1	pgsql	969	2541	.1	400	440.667	24528332	3.666
xt-1M-1000-120-1	pgsql	969	2541	.1	500	547.667	31630870.667	4.557
xt-1M-1000-120-1	pgsql	969	2541	.1	600	633	33591336	5.269
xt-1M-1000-120-1	pgsql	969	2541	.1	700	679	36119823.333	5.642
xt-1M-1000-120-1	pgsql	969	2541	.1	800	668.667	38597326.667	5.563
xt-1M-1000-120-1	pgsql	969	2541	.1	900	707	41094929	5.885
xt-1M-1000-120-1	pgsql	969	2541	.1	1000	777.667	42032084	6.47
xt-1M-1000-120-1	pgsql	969	2561	.1	100	551.333	11515131.667	4.591
xt-1M-1000-120-1	pgsql	969	2561	.1	200	544.667	19850703.333	4.538
xt-1M-1000-120-1	pgsql	969	2561	.1	300	470	22574710.667	3.909
xt-1M-1000-120-1	pgsql	969	2561	.1	400	443	26183764.667	3.691
xt-1M-1000-120-1	pgsql	969	2561	.1	500	510	30310562.333	4.24
xt-1M-1000-120-1	pgsql	969	2561	.1	600	592.333	34406240.667	4.93
xt-1M-1000-120-1	pgsql	969	2561	.1	700	676	36744078	5.627
xt-1M-1000-120-1	pgsql	969	2561	.1	800	671.333	39093309.667	5.587
xt-1M-1000-120-1	pgsql	969	2561	.1	900	595.667	36215719.333	4.687
xt-1M-1000-120-1	pgsql	969	2561	.1	1000	746.667	43896786.667	6.22
xt-1M-1000-120-1	pgsql	969	4105	1	100	486.333	11564493	4.052
xt-1M-1000-120-1	pgsql	969	4105	1	200	474.667	18568460.333	3.926
xt-1M-1000-120-1	pgsql	969	4105	1	300	436.333	22318003.333	3.589
xt-1M-1000-120-1	pgsql	969	4105	1	400	394	25328525.333	3.126
xt-1M-1000-120-1	pgsql	969	4105	1	500	387.667	26256690.667	2.875
xt-1M-1000-120-1	pgsql	969	4105	1	600	291.333	26311165.667	1.596
xt-1M-1000-120-1	pgsql	969	4105	1	700	531.667	32574975.333	4.277
xt-1M-1000-120-1	pgsql	969	4105	1	800	438.333	29592654	3.647
xt-1M-1000-120-1	pgsql	969	4105	1	900	373.333	27913085.667	3.107
xt-1M-1000-120-1	pgsql	969	4105	1	1000	383.333	28875514.667	3.193
xt-1M-1000-120-1	pgsql	969	4124	1	100	524.667	11572550.333	4.371
xt-1M-1000-120-1	pgsql	969	4124	1	200	510	19396363.667	4.248
xt-1M-1000-120-1	pgsql	969	4124	1	300	419	21393399	3.464
xt-1M-1000-120-1	pgsql	969	4124	1	400	461	28429939	3.669
xt-1M-1000-120-1	pgsql	969	4124	1	500	504.333	30817510	4.199
xt-1M-1000-120-1	pgsql	969	4124	1	600	441	30687856.667	3.396
xt-1M-1000-120-1	pgsql	969	4124	1	700	475	31202247.667	3.567
xt-1M-1000-120-1	pgsql	969	4124	1	800	438.667	29047817.667	3.652
xt-1M-1000-120-1	pgsql	969	4124	1	900	377.333	30155278.667	3.141
xt-1M-1000-120-1	pgsql	969	4124	1	1000	423.667	32617934.333	3.529
xt-1M-1000-120-1	pgsql	969	4125	1	100	529.667	11564213	4.41
xt-1M-1000-120-1	pgsql	969	4125	1	200	525.333	19821983.333	4.376
xt-1M-1000-120-1	pgsql	969	4125	1	300	416	21064160.333	3.447
xt-1M-1000-120-1	pgsql	969	4125	1	400	439.667	26967953.333	3.508
xt-1M-1000-120-1	pgsql	969	4125	1	500	499.333	28932448.667	4.158
xt-1M-1000-120-1	pgsql	969	4125	1	600	555.667	33668307	4.549
xt-1M-1000-120-1	pgsql	969	4125	1	700	500.333	31262011.333	3.8
xt-1M-1000-120-1	pgsql	969	4125	1	800	466.667	31545984	3.883
xt-1M-1000-120-1	pgsql	969	4125	1	900	434.667	31188912	3.619
xt-1M-1000-120-1	pgsql	969	4125	1	1000	412.333	28548181.667	3.432
xt-1M-1000-120-1	pgsql	969	4144	1	100	548	11692705.667	4.564
xt-1M-1000-120-1	pgsql	969	4144	1	200	523.333	19445203.667	4.359
xt-1M-1000-120-1	pgsql	969	4144	1	300	435.667	21360614.667	3.629
xt-1M-1000-120-1	pgsql	969	4144	1	400	447.333	26944210.667	3.699
xt-1M-1000-120-1	pgsql	969	4144	1	500	448.667	30175201.667	3.538
xt-1M-1000-120-1	pgsql	969	4144	1	600	490.333	33244626.667	3.88
xt-1M-1000-120-1	pgsql	969	4144	1	700	485.667	31914643.333	3.878
xt-1M-1000-120-1	pgsql	969	4144	1	800	493	32743858	4.105
xt-1M-1000-120-1	pgsql	969	4144	1	900	393.667	29056369	3.277
xt-1M-1000-120-1	pgsql	969	4144	1	1000	431.667	31909258	3.595
xt-1M-1000-120-2	pgsql	709	902	.01	100	197.333	5712319	1.644
xt-1M-1000-120-2	pgsql	709	902	.01	200	151	11160007.667	1.258
xt-1M-1000-120-2	pgsql	709	902	.01	300	67.667	5051267.667	.564
xt-1M-1000-120-2	pgsql	709	902	.01	400	125.667	13046009.333	1.047
xt-1M-1000-120-2	pgsql	709	902	.01	500	139	15530849.333	1.158
xt-1M-1000-120-2	pgsql	709	902	.01	600	151	16763254	1.258
xt-1M-1000-120-2	pgsql	709	902	.01	700	168	18807588	1.4
xt-1M-1000-120-2	pgsql	709	902	.01	800	145.667	14631765.333	1.214
xt-1M-1000-120-2	pgsql	709	902	.01	900	140.333	15324215.667	1.169
xt-1M-1000-120-2	pgsql	709	902	.01	1000	233	23434118.333	1.942
xt-1M-1000-120-2	pgsql	709	941	.01	100	215	6187943.333	1.792
xt-1M-1000-120-2	pgsql	709	941	.01	200	172.667	8196739.667	1.439
xt-1M-1000-120-2	pgsql	709	941	.01	300	221.667	12722928.333	1.847
xt-1M-1000-120-2	pgsql	709	941	.01	400	200.667	14752658	1.672
xt-1M-1000-120-2	pgsql	709	941	.01	500	205.333	16812919.667	1.711
xt-1M-1000-120-2	pgsql	709	941	.01	600	148.667	13594074.667	1.239
xt-1M-1000-120-2	pgsql	709	941	.01	700	178	17625994	1.483
xt-1M-1000-120-2	pgsql	709	941	.01	800	179	18138362	1.492
xt-1M-1000-120-2	pgsql	709	941	.01	900	184	17264756.333	1.533
xt-1M-1000-120-2	pgsql	709	941	.01	1000	129	9859417	1.072
xt-1M-1000-120-2	pgsql	709	962	.01	100	195.667	6376440	1.631
xt-1M-1000-120-2	pgsql	709	962	.01	200	159	8172044.667	1.325
xt-1M-1000-120-2	pgsql	709	962	.01	300	147.333	9320356.667	1.228
xt-1M-1000-120-2	pgsql	709	962	.01	400	155	11575795.667	1.292
xt-1M-1000-120-2	pgsql	709	962	.01	500	153.333	12892296.333	1.278
xt-1M-1000-120-2	pgsql	709	962	.01	600	122.333	12415370.667	1.019
xt-1M-1000-120-2	pgsql	709	962	.01	700	177.333	19201937.333	1.478
xt-1M-1000-120-2	pgsql	709	962	.01	800	211.333	23998865.333	1.761
xt-1M-1000-120-2	pgsql	709	962	.01	900	238	23678967	1.983
xt-1M-1000-120-2	pgsql	709	962	.01	1000	245	24317619.667	2.042
xt-1M-1000-120-2	pgsql	709	1001	.01	100	253.667	7441639.667	2.114
xt-1M-1000-120-2	pgsql	709	1001	.01	200	160.333	7948246	1.336
xt-1M-1000-120-2	pgsql	709	1001	.01	300	154.333	9171195	1.286
xt-1M-1000-120-2	pgsql	709	1001	.01	400	161.333	12296153.333	1.344
xt-1M-1000-120-2	pgsql	709	1001	.01	500	158.333	12234052.667	1.319
xt-1M-1000-120-2	pgsql	709	1001	.01	600	121	12303011	1.008
xt-1M-1000-120-2	pgsql	709	1001	.01	700	176.333	19067773.333	1.469
xt-1M-1000-120-2	pgsql	709	1001	.01	800	164	15007940.333	1.367
xt-1M-1000-120-2	pgsql	709	1001	.01	900	163.333	15255569.667	1.361
xt-1M-1000-120-2	pgsql	709	1001	.01	1000	133	11832154.667	1.108
xt-1M-1000-120-2	pgsql	709	1441	.1	100	383	9421921	3.191
xt-1M-1000-120-2	pgsql	709	1441	.1	200	480	16633180	4
xt-1M-1000-120-2	pgsql	709	1441	.1	300	325.667	15688782.667	2.714
xt-1M-1000-120-2	pgsql	709	1441	.1	400	244.667	15052517	2.039
xt-1M-1000-120-2	pgsql	709	1441	.1	500	208	15108837	1.733
xt-1M-1000-120-2	pgsql	709	1441	.1	600	203.667	14814937.333	1.697
xt-1M-1000-120-2	pgsql	709	1441	.1	700	236.667	19686248	1.972
xt-1M-1000-120-2	pgsql	709	1441	.1	800	287.667	28168913.667	2.397
xt-1M-1000-120-2	pgsql	709	1441	.1	900	332	34437035.667	2.766
xt-1M-1000-120-2	pgsql	709	1441	.1	1000	453	45173720	3.775
xt-1M-1000-120-2	pgsql	709	1461	.1	100	437.333	9969234	3.644
xt-1M-1000-120-2	pgsql	709	1461	.1	200	412.333	16820082.667	3.436
xt-1M-1000-120-2	pgsql	709	1461	.1	300	286.333	16743687	2.386
xt-1M-1000-120-2	pgsql	709	1461	.1	400	267.333	16030065.333	2.228
xt-1M-1000-120-2	pgsql	709	1461	.1	500	184.333	14386773.667	1.536
xt-1M-1000-120-2	pgsql	709	1461	.1	600	162	14863384	1.35
xt-1M-1000-120-2	pgsql	709	1461	.1	700	181.333	18646266.667	1.511
xt-1M-1000-120-2	pgsql	709	1461	.1	800	240.333	25044081.333	2.003
xt-1M-1000-120-2	pgsql	709	1461	.1	900	295	31612134.667	2.458
xt-1M-1000-120-2	pgsql	709	1461	.1	1000	384.667	41913429.667	3.205
xt-1M-1000-120-2	pgsql	709	1482	.1	100	434	9470567	3.617
xt-1M-1000-120-2	pgsql	709	1482	.1	200	440.333	17792133	3.669
xt-1M-1000-120-2	pgsql	709	1482	.1	300	291	17114009.333	2.425
xt-1M-1000-120-2	pgsql	709	1482	.1	400	262.333	15741106.667	2.186
xt-1M-1000-120-2	pgsql	709	1482	.1	500	171	14374723.333	1.425
xt-1M-1000-120-2	pgsql	709	1482	.1	600	155	16161269	1.292
xt-1M-1000-120-2	pgsql	709	1482	.1	700	171.667	18294342	1.431
xt-1M-1000-120-2	pgsql	709	1482	.1	800	174.667	19503142.667	1.455
xt-1M-1000-120-2	pgsql	709	1482	.1	900	275	31399996.667	2.291
xt-1M-1000-120-2	pgsql	709	1482	.1	1000	313	34097119	2.608
xt-1M-1000-120-2	pgsql	709	1501	.1	100	469.333	9865719	3.911
xt-1M-1000-120-2	pgsql	709	1501	.1	200	424	17067448.333	3.533
xt-1M-1000-120-2	pgsql	709	1501	.1	300	279	16417015	2.325
xt-1M-1000-120-2	pgsql	709	1501	.1	400	253.333	14834797	2.111
xt-1M-1000-120-2	pgsql	709	1501	.1	500	207	15224634.333	1.725
xt-1M-1000-120-2	pgsql	709	1501	.1	600	155.667	16618518	1.297
xt-1M-1000-120-2	pgsql	709	1501	.1	700	161	17895724.333	1.342
xt-1M-1000-120-2	pgsql	709	1501	.1	800	191.333	20930939.667	1.594
xt-1M-1000-120-2	pgsql	709	1501	.1	900	283	29076123.667	2.358
xt-1M-1000-120-2	pgsql	709	1501	.1	1000	233.333	23383292.333	1.944
xt-1M-1000-120-2	pgsql	709	1821	1	100	427.333	10366325.667	3.561
xt-1M-1000-120-2	pgsql	709	1821	1	200	369.333	14704751	3.078
xt-1M-1000-120-2	pgsql	709	1821	1	300	250.333	14851390	2.086
xt-1M-1000-120-2	pgsql	709	1821	1	400	240.333	14496094	2.003
xt-1M-1000-120-2	pgsql	709	1821	1	500	101	8678307.333	.838
xt-1M-1000-120-2	pgsql	709	1821	1	600	134.333	14479225	1.119
xt-1M-1000-120-2	pgsql	709	1821	1	700	147.333	15423370	1.228
xt-1M-1000-120-2	pgsql	709	1821	1	800	154.667	16091508	1.289
xt-1M-1000-120-2	pgsql	709	1821	1	900	187.667	20694982	1.483
xt-1M-1000-120-2	pgsql	709	1821	1	1000	275.667	27558132.333	2.258
xt-1M-1000-120-2	pgsql	709	1841	1	100	414	9601734.333	3.45
xt-1M-1000-120-2	pgsql	709	1841	1	200	400.333	15791235	3.336
xt-1M-1000-120-2	pgsql	709	1841	1	300	270.333	15449535	2.253
xt-1M-1000-120-2	pgsql	709	1841	1	400	223.333	13393200	1.861
xt-1M-1000-120-2	pgsql	709	1841	1	500	168.333	12889568.333	1.403
xt-1M-1000-120-2	pgsql	709	1841	1	600	152.333	14337919.667	1.269
xt-1M-1000-120-2	pgsql	709	1841	1	700	138.333	15370726.333	1.069
xt-1M-1000-120-2	pgsql	709	1841	1	800	164	17246278.667	1.367
xt-1M-1000-120-2	pgsql	709	1841	1	900	167.667	17567558	1.392
xt-1M-1000-120-2	pgsql	709	1841	1	1000	288.667	30400144.333	2.405
xt-1M-1000-120-2	pgsql	709	1861	1	100	450	9897771.333	3.75
xt-1M-1000-120-2	pgsql	709	1861	1	200	396	15965243.333	3.3
xt-1M-1000-120-2	pgsql	709	1861	1	300	255	15150190.667	2.125
xt-1M-1000-120-2	pgsql	709	1861	1	400	238.333	14178442	1.986
xt-1M-1000-120-2	pgsql	709	1861	1	500	192.667	13066326.667	1.606
xt-1M-1000-120-2	pgsql	709	1861	1	600	133.333	14389788.333	1.111
xt-1M-1000-120-2	pgsql	709	1861	1	700	127.667	13781604	1.064
xt-1M-1000-120-2	pgsql	709	1861	1	800	166.667	18938788.667	1.389
xt-1M-1000-120-2	pgsql	709	1861	1	900	147.333	15893942	1.228
xt-1M-1000-120-2	pgsql	709	1861	1	1000	266	30577966.667	2.078
xt-1M-1000-120-2	pgsql	709	1881	1	100	473	10178112	3.942
xt-1M-1000-120-2	pgsql	709	1881	1	200	388.333	15573593	3.236
xt-1M-1000-120-2	pgsql	709	1881	1	300	253.333	15144295.667	2.111
xt-1M-1000-120-2	pgsql	709	1881	1	400	235	13700975.667	1.958
xt-1M-1000-120-2	pgsql	709	1881	1	500	148.667	12540645.333	1.239
xt-1M-1000-120-2	pgsql	709	1881	1	600	139.333	14373993	1.161
xt-1M-1000-120-2	pgsql	709	1881	1	700	148	16091437	1.233
xt-1M-1000-120-2	pgsql	709	1881	1	800	135.667	18404661	.971
xt-1M-1000-120-2	pgsql	709	1881	1	900	211	23039460.667	1.758
xt-1M-1000-120-2	pgsql	709	1881	1	1000	306	33089618	2.55
xt-1M-1000-120-4	pgsql	749	2362	.01	100	185.667	3777426.333	1.547
xt-1M-1000-120-4	pgsql	749	2362	.01	200	149.667	5306848.667	1.247
xt-1M-1000-120-4	pgsql	749	2362	.01	300	100.667	6109229.667	.839
xt-1M-1000-120-4	pgsql	749	2362	.01	400	51.333	3524798.333	.428
xt-1M-1000-120-4	pgsql	749	2362	.01	500	6.667	695159	.056
xt-1M-1000-120-4	pgsql	749	2362	.01	600	77.333	5922406	.644
xt-1M-1000-120-4	pgsql	749	2362	.01	700	77.667	6081169.333	.647
xt-1M-1000-120-4	pgsql	749	2362	.01	800	90.667	6903005	.756
xt-1M-1000-120-4	pgsql	749	2362	.01	900	61	5001184.667	.508
xt-1M-1000-120-4	pgsql	749	2362	.01	1000	54.667	3415328.667	.456
xt-1M-1000-120-4	pgsql	749	2382	.01	100	216.333	4086652.333	1.803
xt-1M-1000-120-4	pgsql	749	2382	.01	200	215.667	6284970.667	1.797
xt-1M-1000-120-4	pgsql	749	2382	.01	300	160.333	6944251.333	1.336
xt-1M-1000-120-4	pgsql	749	2382	.01	400	122	6449798.667	1.017
xt-1M-1000-120-4	pgsql	749	2382	.01	500	77.667	4617447.667	.647
xt-1M-1000-120-4	pgsql	749	2382	.01	600	107.667	6797586.333	.897
xt-1M-1000-120-4	pgsql	749	2382	.01	700	89.333	5091310.333	.744
xt-1M-1000-120-4	pgsql	749	2382	.01	800	141	6373001	1.175
xt-1M-1000-120-4	pgsql	749	2382	.01	900	151.333	5794759.333	1.261
xt-1M-1000-120-4	pgsql	749	2382	.01	1000	384.333	5146633.667	3.203
xt-1M-1000-120-4	pgsql	749	2384	.01	100	441.333	6914196	3.678
xt-1M-1000-120-4	pgsql	749	2384	.01	200	244	7335423.667	2.033
xt-1M-1000-120-4	pgsql	749	2384	.01	300	195	8140703	1.625
xt-1M-1000-120-4	pgsql	749	2384	.01	400	167.667	8927824	1.397
xt-1M-1000-120-4	pgsql	749	2384	.01	500	140.667	9200290.333	1.172
xt-1M-1000-120-4	pgsql	749	2384	.01	600	112	7843551.667	.933
xt-1M-1000-120-4	pgsql	749	2384	.01	700	84.667	5918397.333	.706
xt-1M-1000-120-4	pgsql	749	2384	.01	800	69.667	4840147.333	.581
xt-1M-1000-120-4	pgsql	749	2384	.01	900	92	6023880.333	.767
xt-1M-1000-120-4	pgsql	749	2384	.01	1000	86.333	5593316	.719
xt-1M-1000-120-4	pgsql	749	2387	.01	100	495	6968203.333	4.125
xt-1M-1000-120-4	pgsql	749	2387	.01	200	352.333	7582635.333	2.936
xt-1M-1000-120-4	pgsql	749	2387	.01	300	236.667	7268012	1.972
xt-1M-1000-120-4	pgsql	749	2387	.01	400	192	7298031.333	1.6
xt-1M-1000-120-4	pgsql	749	2387	.01	500	133.667	6349315	1.114
xt-1M-1000-120-4	pgsql	749	2387	.01	600	132.333	6584795.667	1.103
xt-1M-1000-120-4	pgsql	749	2387	.01	700	140.333	7995819	1.169
xt-1M-1000-120-4	pgsql	749	2387	.01	800	138.333	9335773	1.153
xt-1M-1000-120-4	pgsql	749	2387	.01	900	104	7781828.667	.867
xt-1M-1000-120-4	pgsql	749	2387	.01	1000	119	7444260	.992
xt-1M-1000-120-4	pgsql	749	3003	.1	100	552	9237620.667	4.6
xt-1M-1000-120-4	pgsql	749	3003	.1	200	353.667	10123834.333	2.947
xt-1M-1000-120-4	pgsql	749	3003	.1	300	222.333	9262894.333	1.853
xt-1M-1000-120-4	pgsql	749	3003	.1	400	154.333	8022156.333	1.286
xt-1M-1000-120-4	pgsql	749	3003	.1	500	131.333	7925846	1.094
xt-1M-1000-120-4	pgsql	749	3003	.1	600	113.333	7367130	.944
xt-1M-1000-120-4	pgsql	749	3003	.1	700	99	7079463	.825
xt-1M-1000-120-4	pgsql	749	3003	.1	800	114.333	9192517.333	.953
xt-1M-1000-120-4	pgsql	749	3003	.1	900	112	11281295.667	.933
xt-1M-1000-120-4	pgsql	749	3003	.1	1000	159.333	17294580.333	1.328
xt-1M-1000-120-4	pgsql	749	3004	.1	100	446.667	7552737.333	3.722
xt-1M-1000-120-4	pgsql	749	3004	.1	200	236.333	7186168.333	1.969
xt-1M-1000-120-4	pgsql	749	3004	.1	300	163.667	6870436	1.364
xt-1M-1000-120-4	pgsql	749	3004	.1	400	121.333	6498174.667	1.011
xt-1M-1000-120-4	pgsql	749	3004	.1	500	102.667	6332377	.855
xt-1M-1000-120-4	pgsql	749	3004	.1	600	101.333	6174488.333	.844
xt-1M-1000-120-4	pgsql	749	3004	.1	700	91.667	6268947	.764
xt-1M-1000-120-4	pgsql	749	3004	.1	800	61.333	5333567.333	.511
xt-1M-1000-120-4	pgsql	749	3004	.1	900	98	5895507.333	.817
xt-1M-1000-120-4	pgsql	749	3004	.1	1000	100.333	7518352.667	.836
xt-1M-1000-120-4	pgsql	749	3023	.1	100	491.667	7421457.667	4.097
xt-1M-1000-120-4	pgsql	749	3023	.1	200	297	8190791.667	2.475
xt-1M-1000-120-4	pgsql	749	3023	.1	300	184.333	7128953.667	1.536
xt-1M-1000-120-4	pgsql	749	3023	.1	400	145.333	6939227	1.211
xt-1M-1000-120-4	pgsql	749	3023	.1	500	105	6158547.333	.875
xt-1M-1000-120-4	pgsql	749	3023	.1	600	93.667	5771908	.781
xt-1M-1000-120-4	pgsql	749	3023	.1	700	93.667	5728355	.781
xt-1M-1000-120-4	pgsql	749	3023	.1	800	238.667	6335659.333	1.989
xt-1M-1000-120-4	pgsql	749	3023	.1	900	30.667	989335.667	.256
xt-1M-1000-120-4	pgsql	749	3023	.1	1000	270.667	3688502.667	2.256
xt-1M-1000-120-4	pgsql	749	3024	.1	100	424	6607415.667	3.533
xt-1M-1000-120-4	pgsql	749	3024	.1	200	234.667	6955738.667	1.956
xt-1M-1000-120-4	pgsql	749	3024	.1	300	150.333	6059993	1.253
xt-1M-1000-120-4	pgsql	749	3024	.1	400	133	6062707.667	1.108
xt-1M-1000-120-4	pgsql	749	3024	.1	500	93.667	5699483.667	.781
xt-1M-1000-120-4	pgsql	749	3024	.1	600	92.667	5622718.667	.772
xt-1M-1000-120-4	pgsql	749	3024	.1	700	86	5436554.667	.717
xt-1M-1000-120-4	pgsql	749	3024	.1	800	81.333	5524852.333	.678
xt-1M-1000-120-4	pgsql	749	3024	.1	900	74.333	5395754.333	.619
xt-1M-1000-120-4	pgsql	749	3024	.1	1000	299.333	5651339.667	2.494
xt-1M-1000-120-4	pgsql	749	3183	1	100	390	5008039.333	3.25
xt-1M-1000-120-4	pgsql	749	3183	1	200	205	4726009.667	1.708
xt-1M-1000-120-4	pgsql	749	3183	1	300	137.333	4409981.667	1.144
xt-1M-1000-120-4	pgsql	749	3183	1	400	98.667	4191443.333	.822
xt-1M-1000-120-4	pgsql	749	3183	1	500	87.333	4091536	.728
xt-1M-1000-120-4	pgsql	749	3183	1	600	74	3887699.333	.617
xt-1M-1000-120-4	pgsql	749	3183	1	700	65.667	3846043.667	.547
xt-1M-1000-120-4	pgsql	749	3183	1	800	51	3629584.333	.425
xt-1M-1000-120-4	pgsql	749	3183	1	900	55.667	4058858	.464
xt-1M-1000-120-4	pgsql	749	3183	1	1000	81	4209352.667	.675
xt-1M-1000-120-4	pgsql	749	3184	1	100	294	4815429.333	2.45
xt-1M-1000-120-4	pgsql	749	3184	1	200	153.333	4629216.333	1.278
xt-1M-1000-120-4	pgsql	749	3184	1	300	106	4391259.333	.883
xt-1M-1000-120-4	pgsql	749	3184	1	400	78.667	4106213	.656
xt-1M-1000-120-4	pgsql	749	3184	1	500	60.333	3660707	.503
xt-1M-1000-120-4	pgsql	749	3184	1	600	54	3425445.333	.45
xt-1M-1000-120-4	pgsql	749	3184	1	700	58.667	3706493	.489
xt-1M-1000-120-4	pgsql	749	3184	1	800	47.667	3233056.333	.397
xt-1M-1000-120-4	pgsql	749	3184	1	900	40.333	3051894.667	.336
xt-1M-1000-120-4	pgsql	749	3184	1	1000	54.333	2521992.333	.452
xt-1M-1000-120-4	pgsql	749	3203	1	100	325.667	4845328.333	2.714
xt-1M-1000-120-4	pgsql	749	3203	1	200	214.667	4775655.333	1.789
xt-1M-1000-120-4	pgsql	749	3203	1	300	151.667	4175667	1.264
xt-1M-1000-120-4	pgsql	749	3203	1	400	123.667	4101315.333	1.028
xt-1M-1000-120-4	pgsql	749	3203	1	500	89	4230323.333	.742
xt-1M-1000-120-4	pgsql	749	3203	1	600	79.333	4023510.667	.661
xt-1M-1000-120-4	pgsql	749	3203	1	700	71	3735308.333	.592
xt-1M-1000-120-4	pgsql	749	3203	1	800	68	3640108.667	.567
xt-1M-1000-120-4	pgsql	749	3203	1	900	61.333	3461940	.511
xt-1M-1000-120-4	pgsql	749	3203	1	1000	49.333	3441533.667	.411
xt-1M-1000-120-4	pgsql	749	3204	1	100	329	4632712.667	2.742
xt-1M-1000-120-4	pgsql	749	3204	1	200	195.667	4200171	1.631
xt-1M-1000-120-4	pgsql	749	3204	1	300	119.333	3841618.667	.994
xt-1M-1000-120-4	pgsql	749	3204	1	400	110.667	3738317.333	.922
xt-1M-1000-120-4	pgsql	749	3204	1	500	95.667	3687823	.787
xt-1M-1000-120-4	pgsql	749	3204	1	600	68	3272382.333	.567
xt-1M-1000-120-4	pgsql	749	3204	1	700	68	3413799.667	.567
xt-1M-1000-120-4	pgsql	749	3204	1	800	53.333	3115002	.442
xt-1M-1000-120-4	pgsql	749	3204	1	900	63	3293313	.525
xt-1M-1000-120-4	pgsql	749	3204	1	1000	47.667	3480127.333	.397
xt-1M-1000-120-8	pgsql	829	4765	.01	100	197.333	6318735.667	1.644
xt-1M-1000-120-8	pgsql	829	4765	.01	200	65.333	6046139	.544
xt-1M-1000-120-8	pgsql	829	4765	.01	300	154.333	7551846.667	1.286
xt-1M-1000-120-8	pgsql	829	4765	.01	400	354.667	16980852	2.956
xt-1M-1000-120-8	pgsql	829	4765	.01	500	69	7907075.333	.575
xt-1M-1000-120-8	pgsql	829	4765	.01	600	678.667	20181195.333	5.654
xt-1M-1000-120-8	pgsql	829	4765	.01	700	310.667	17078616.667	2.589
xt-1M-1000-120-8	pgsql	829	4765	.01	800	378.333	9573261	3.153
xt-1M-1000-120-8	pgsql	829	4765	.01	900	502	13650475.667	4.183
xt-1M-1000-120-8	pgsql	829	4765	.01	1000	315.667	5791308.667	2.63
xt-1M-1000-120-8	pgsql	829	4805	.01	100	1886.667	11851335	15.722
xt-1M-1000-120-8	pgsql	829	4805	.01	200	1930.667	23565154	16.089
xt-1M-1000-120-8	pgsql	829	4805	.01	300	1902.667	34412180	15.856
xt-1M-1000-120-8	pgsql	829	4805	.01	400	1900	45470712.667	15.833
xt-1M-1000-120-8	pgsql	829	4805	.01	500	1992	56668999	16.6
xt-1M-1000-120-8	pgsql	829	4805	.01	600	1526	64070163.333	12.716
xt-1M-1000-120-8	pgsql	829	4805	.01	700	1126.333	55522389	9.385
xt-1M-1000-120-8	pgsql	829	4805	.01	800	879.333	24246448.667	7.327
xt-1M-1000-120-8	pgsql	829	4805	.01	900	0	0	0
xt-1M-1000-120-8	pgsql	829	4805	.01	1000	567.333	36157107	4.728
xt-1M-1000-120-8	pgsql	829	4824	.01	100	1037.333	11720323.333	8.644
xt-1M-1000-120-8	pgsql	829	4824	.01	200	1167.333	23650013.333	9.728
xt-1M-1000-120-8	pgsql	829	4824	.01	300	1181	35372456.333	9.842
xt-1M-1000-120-8	pgsql	829	4824	.01	400	1175.333	46098744.333	9.794
xt-1M-1000-120-8	pgsql	829	4824	.01	500	1287	58278182	10.725
xt-1M-1000-120-8	pgsql	829	4824	.01	600	1243.333	66851424	10.361
xt-1M-1000-120-8	pgsql	829	4824	.01	700	714	68487271	5.95
xt-1M-1000-120-8	pgsql	829	4824	.01	800	626	41005710.333	5.216
xt-1M-1000-120-8	pgsql	829	4824	.01	900	540.667	30735685.667	4.505
xt-1M-1000-120-8	pgsql	829	4824	.01	1000	604	54993820.333	5.033
xt-1M-1000-120-8	pgsql	829	4844	.01	100	1113	11926389.333	9.275
xt-1M-1000-120-8	pgsql	829	4844	.01	200	1171.667	23388563	9.764
xt-1M-1000-120-8	pgsql	829	4844	.01	300	1220	35536564	10.167
xt-1M-1000-120-8	pgsql	829	4844	.01	400	1247.333	46885247.667	10.394
xt-1M-1000-120-8	pgsql	829	4844	.01	500	1477.333	59126003.667	12.311
xt-1M-1000-120-8	pgsql	829	4844	.01	600	1309	70166150.333	10.908
xt-1M-1000-120-8	pgsql	829	4844	.01	700	1392	81765297.667	11.6
xt-1M-1000-120-8	pgsql	829	4844	.01	800	1355.667	83837245.667	11.297
xt-1M-1000-120-8	pgsql	829	4844	.01	900	1698	101468371	14.15
xt-1M-1000-120-8	pgsql	829	4844	.01	1000	803	94096998.333	6.692
xt-1M-1000-120-8	pgsql	829	5205	.1	100	1829.667	11876514.333	15.247
xt-1M-1000-120-8	pgsql	829	5205	.1	200	1918	23619953.667	15.983
xt-1M-1000-120-8	pgsql	829	5205	.1	300	2013.333	35679513.333	16.778
xt-1M-1000-120-8	pgsql	829	5205	.1	400	1980	46739535.667	16.5
xt-1M-1000-120-8	pgsql	829	5205	.1	500	2026.667	57903953.333	16.889
xt-1M-1000-120-8	pgsql	829	5205	.1	600	1501.667	58960252.667	12.513
xt-1M-1000-120-8	pgsql	829	5205	.1	700	813.667	26173824.333	6.78
xt-1M-1000-120-8	pgsql	829	5205	.1	800	1209.333	43856979.333	10.078
xt-1M-1000-120-8	pgsql	829	5205	.1	900	1663	80994923.667	13.858
xt-1M-1000-120-8	pgsql	829	5205	.1	1000	1070	54843653	8.917
xt-1M-1000-120-8	pgsql	829	5245	.1	100	1069.667	11946282.667	8.914
xt-1M-1000-120-8	pgsql	829	5245	.1	200	1188.667	23953708.667	9.906
xt-1M-1000-120-8	pgsql	829	5245	.1	300	1198.333	35852066.333	9.986
xt-1M-1000-120-8	pgsql	829	5245	.1	400	1190.667	47198885.667	9.922
xt-1M-1000-120-8	pgsql	829	5245	.1	500	1327	58401065.667	11.058
xt-1M-1000-120-8	pgsql	829	5245	.1	600	1254.667	69405628.333	10.456
xt-1M-1000-120-8	pgsql	829	5245	.1	700	1395.333	81552945	11.628
xt-1M-1000-120-8	pgsql	829	5245	.1	800	1583.333	93180864.333	13.194
xt-1M-1000-120-8	pgsql	829	5245	.1	900	1199.333	94737055.333	9.994
xt-1M-1000-120-8	pgsql	829	5245	.1	1000	929	82157106	7.742
xt-1M-1000-120-8	pgsql	829	5284	.1	100	1083.667	11842809	9.031
xt-1M-1000-120-8	pgsql	829	5284	.1	200	1550	23275353.667	12.917
xt-1M-1000-120-8	pgsql	829	5284	.1	300	1634.667	35851594.667	13.622
xt-1M-1000-120-8	pgsql	829	5284	.1	400	1608.333	46764250	13.403
xt-1M-1000-120-8	pgsql	829	5284	.1	500	1702.333	57878425.667	14.186
xt-1M-1000-120-8	pgsql	829	5284	.1	600	1812.333	68231420	15.103
xt-1M-1000-120-8	pgsql	829	5284	.1	700	1868	80445904.333	15.567
xt-1M-1000-120-8	pgsql	829	5284	.1	800	892	66154325	7.423
xt-1M-1000-120-8	pgsql	829	5284	.1	900	1146.333	67807356.333	9.523
xt-1M-1000-120-8	pgsql	829	5284	.1	1000	1129	67005297	9.408
xt-1M-1000-120-8	pgsql	829	5304	.1	100	1928.667	11874364	16.072
xt-1M-1000-120-8	pgsql	829	5304	.1	200	2025.667	23734686	16.881
xt-1M-1000-120-8	pgsql	829	5304	.1	300	1932.667	34256739	16.106
xt-1M-1000-120-8	pgsql	829	5304	.1	400	2054.333	46830253.333	17.119
xt-1M-1000-120-8	pgsql	829	5304	.1	500	2073.333	56786465.333	17.278
xt-1M-1000-120-8	pgsql	829	5304	.1	600	1576.667	65363192	13.139
xt-1M-1000-120-8	pgsql	829	5304	.1	700	1109.667	49149230	9.247
xt-1M-1000-120-8	pgsql	829	5304	.1	800	1375.667	60071439.333	11.463
xt-1M-1000-120-8	pgsql	829	5304	.1	900	1145	51834645	9.541
xt-1M-1000-120-8	pgsql	829	5304	.1	1000	894	21374326.667	7.45
xt-1M-1000-120-8	pgsql	829	5606	1	100	601.667	7129153.667	5.014
xt-1M-1000-120-8	pgsql	829	5606	1	200	391.667	8488543.333	3.264
xt-1M-1000-120-8	pgsql	829	5606	1	300	261.667	7954991.333	2.181
xt-1M-1000-120-8	pgsql	829	5606	1	400	194.333	7821474	1.619
xt-1M-1000-120-8	pgsql	829	5606	1	500	150	6862315	1.25
xt-1M-1000-120-8	pgsql	829	5606	1	600	203.333	11622235.667	1.694
xt-1M-1000-120-8	pgsql	829	5606	1	700	105.667	6298683.333	.881
xt-1M-1000-120-8	pgsql	829	5606	1	800	151	13699082.667	1.258
xt-1M-1000-120-8	pgsql	829	5606	1	900	209.333	17589884.333	1.744
xt-1M-1000-120-8	pgsql	829	5606	1	1000	128.667	8584204.667	1.072
xt-1M-1000-120-8	pgsql	829	5608	1	100	512.333	6057556.667	4.269
xt-1M-1000-120-8	pgsql	829	5608	1	200	426	7449674	3.55
xt-1M-1000-120-8	pgsql	829	5608	1	300	243.667	5497975	2.031
xt-1M-1000-120-8	pgsql	829	5608	1	400	248.667	6803615	2.072
xt-1M-1000-120-8	pgsql	829	5608	1	500	176	6613158.667	1.467
xt-1M-1000-120-8	pgsql	829	5608	1	600	203.333	6503751.667	1.694
xt-1M-1000-120-8	pgsql	829	5608	1	700	248.667	11384385	2.072
xt-1M-1000-120-8	pgsql	829	5608	1	800	148	6538743	1.233
xt-1M-1000-120-8	pgsql	829	5608	1	900	284.333	12034764	2.369
xt-1M-1000-120-8	pgsql	829	5608	1	1000	332.333	14626398	2.769
xt-1M-1000-120-8	pgsql	829	5626	1	100	520.667	5743712.333	4.339
xt-1M-1000-120-8	pgsql	829	5626	1	200	269.333	5435667.667	2.244
xt-1M-1000-120-8	pgsql	829	5626	1	300	206.667	5994433.667	1.722
xt-1M-1000-120-8	pgsql	829	5626	1	400	121.667	4797768.333	1.014
xt-1M-1000-120-8	pgsql	829	5626	1	500	140	5952865.667	1.167
xt-1M-1000-120-8	pgsql	829	5626	1	600	191.667	10338933.667	1.597
xt-1M-1000-120-8	pgsql	829	5626	1	700	251.333	15817715.333	2.094
xt-1M-1000-120-8	pgsql	829	5626	1	800	263.667	15779046	1.658
xt-1M-1000-120-8	pgsql	829	5626	1	900	270.333	13215479.333	2.253
xt-1M-1000-120-8	pgsql	829	5626	1	1000	140.333	11724520.333	1.091
xt-1M-1000-120-8	pgsql	829	5628	1	100	543	5982332.333	4.525
xt-1M-1000-120-8	pgsql	829	5628	1	200	397	5987148.333	3.308
xt-1M-1000-120-8	pgsql	829	5628	1	300	307.667	6793751.333	2.564
xt-1M-1000-120-8	pgsql	829	5628	1	400	232	6327297.667	1.933
xt-1M-1000-120-8	pgsql	829	5628	1	500	278.667	7728500.333	2.322
xt-1M-1000-120-8	pgsql	829	5628	1	600	192.667	6640903.333	1.574
xt-1M-1000-120-8	pgsql	829	5628	1	700	183.667	5263170.333	1.531
xt-1M-1000-120-8	pgsql	829	5628	1	800	213.333	2455906	1.778
xt-1M-1000-120-8	pgsql	829	5628	1	900	0	0	0
xt-1M-1000-120-8	pgsql	829	5628	1	1000	0	0	0
