DBMS	EXPERIMENTNAME	RUNID	BATCHSETID	PK	NUMPROCESSORS	ACTROWPOOL	PCTREAD	PCTUPDATE	ROUND(ATP,3)	MAXMPL
db2	pk-xt-1M-1000-120-1	1351	7207	1	1	.25	0	25	64.715	1100
db2	pk-xt-1M-1000-120-1	1351	7246	1	1	.5	0	25	65.234	1100
db2	pk-xt-1M-1000-120-1	1351	7286	1	1	.75	0	25	77.581	1100
db2	pk-xt-1M-1000-120-1	1351	7306	1	1	1	0	25	78.386	1100
db2	pk-xt-1M-1000-120-1	1351	7327	1	1	.25	0	50	70.807	1100
db2	pk-xt-1M-1000-120-1	1351	7366	1	1	.5	0	50	74.974	1100
db2	pk-xt-1M-1000-120-1	1351	7406	1	1	.75	0	50	82.12	1100
db2	pk-xt-1M-1000-120-1	1351	7427	1	1	1	0	50	87.616	1100
db2	pk-xt-1M-1000-120-1	1351	7467	1	1	.25	0	75	65.922	1100
db2	pk-xt-1M-1000-120-1	1351	7506	1	1	.5	0	75	70.411	1100
db2	pk-xt-1M-1000-120-1	1351	7546	1	1	.75	0	75	75.652	1100
db2	pk-xt-1M-1000-120-1	1351	7587	1	1	1	0	75	84.945	1100
db2	pk-xt-1M-1000-120-1	1351	7627	1	1	.25	0	100	69.276	1100
db2	pk-xt-1M-1000-120-1	1351	7666	1	1	.5	0	100	57.45	1100
db2	pk-xt-1M-1000-120-1	1351	7686	1	1	.75	0	100	67.634	1100
db2	pk-xt-1M-1000-120-1	1351	7706	1	1	1	0	100	77.007	1100
db2	pk-xt-1M-1000-120-1	1351	7726	1	1	.25	.01	0	45.035	1100
db2	pk-xt-1M-1000-120-1	1351	7747	1	1	.5	.01	0	66.439	1100
db2	pk-xt-1M-1000-120-1	1351	7766	1	1	.75	.01	0	43.041	700
db2	pk-xt-1M-1000-120-1	1351	7786	1	1	1	.01	0	52.961	200
db2	pk-xt-1M-1000-120-1	1351	8126	1	1	.25	.1	0	71.903	1100
db2	pk-xt-1M-1000-120-1	1351	8146	1	1	.5	.1	0	48.452	1100
db2	pk-xt-1M-1000-120-1	1351	8166	1	1	.75	.1	0	43.127	800
db2	pk-xt-1M-1000-120-1	1351	8186	1	1	1	.1	0	66.476	1100
db2	pk-xt-1M-1000-120-1	1351	8526	1	1	.25	1	0	51.652	1100
db2	pk-xt-1M-1000-120-1	1351	8547	1	1	.5	1	0	43.683	300
db2	pk-xt-1M-1000-120-1	1351	8567	1	1	.75	1	0	50.27	200
db2	pk-xt-1M-1000-120-1	1351	8586	1	1	1	1	0	39.311	200
db2	pk-xt-1M-1000-120-2	1710	9266	1	2	.25	0	25	31.986	1100
db2	pk-xt-1M-1000-120-2	1710	9305	1	2	.5	0	25	44.731	500
db2	pk-xt-1M-1000-120-2	1710	9306	1	2	.75	0	25	40.364	800
db2	pk-xt-1M-1000-120-2	1710	9308	1	2	1	0	25	51.219	300
db2	pk-xt-1M-1000-120-2	1710	9310	1	2	.25	0	50	44.392	600
db2	pk-xt-1M-1000-120-2	1710	9312	1	2	.5	0	50	122.332	1100
db2	pk-xt-1M-1000-120-2	1710	9313	1	2	.75	0	50	168.228	1100
db2	pk-xt-1M-1000-120-2	1710	9315	1	2	1	0	50	87.242	1100
db2	pk-xt-1M-1000-120-2	1710	9317	1	2	.25	0	75	88.12	1100
db2	pk-xt-1M-1000-120-2	1710	9319	1	2	.5	0	75	88.322	1100
db2	pk-xt-1M-1000-120-2	1710	9321	1	2	.75	0	75	82.831	1100
db2	pk-xt-1M-1000-120-2	1710	9323	1	2	1	0	75	86.008	1100
db2	pk-xt-1M-1000-120-2	1710	9329	1	2	.25	0	100	87.856	1100
db2	pk-xt-1M-1000-120-2	1710	9334	1	2	.5	0	100	86.106	1100
db2	pk-xt-1M-1000-120-2	1710	9337	1	2	.75	0	100	85.326	1100
db2	pk-xt-1M-1000-120-2	1710	9340	1	2	1	0	100	82.361	1100
db2	pk-xt-1M-1000-120-2	1710	9341	1	2	.25	.01	0	34072.936	800
db2	pk-xt-1M-1000-120-2	1710	9434	1	2	.5	.01	0	120348.733	1100
db2	pk-xt-1M-1000-120-2	1710	9436	1	2	.75	.01	0	118921.255	1100
db2	pk-xt-1M-1000-120-2	1710	9439	1	2	1	.01	0	135977.852	1100
db2	pk-xt-1M-1000-120-2	1710	9441	1	2	.25	.1	0	5396.84	1100
db2	pk-xt-1M-1000-120-2	1710	9443	1	2	.5	.1	0	4241.828	500
db2	pk-xt-1M-1000-120-2	1710	9445	1	2	.75	.1	0	10312.671	200
db2	pk-xt-1M-1000-120-2	1710	9447	1	2	1	.1	0	2157.839	1100
db2	pk-xt-1M-1000-120-2	1710	9448	1	2	.25	1	0	255.084	1100
db2	pk-xt-1M-1000-120-2	1710	9450	1	2	.5	1	0	254.299	1100
db2	pk-xt-1M-1000-120-2	1710	9452	1	2	.75	1	0	4085.041	1100
db2	pk-xt-1M-1000-120-2	1710	9454	1	2	1	1	0	8437.901	300
db2	pk-xt-1M-1000-120-4	1630	8686	1	4	.25	0	25	19.078	700
db2	pk-xt-1M-1000-120-4	1630	8766	1	4	.5	0	25	14.903	800
db2	pk-xt-1M-1000-120-4	1630	8806	1	4	.75	0	25	45.665	200
db2	pk-xt-1M-1000-120-4	1630	9413	1	4	1	0	25	17.751	1100
db2	pk-xt-1M-1000-120-4	1630	9415	1	4	.25	0	50	49.45	1100
db2	pk-xt-1M-1000-120-4	1630	9417	1	4	.5	0	50	51.481	1100
db2	pk-xt-1M-1000-120-4	1630	9418	1	4	.75	0	50	54.063	1100
db2	pk-xt-1M-1000-120-4	1630	9420	1	4	1	0	50	55.808	1100
db2	pk-xt-1M-1000-120-4	1630	9422	1	4	.25	0	75	48.783	1100
db2	pk-xt-1M-1000-120-4	1630	9424	1	4	.5	0	75	48.743	1100
db2	pk-xt-1M-1000-120-4	1630	9426	1	4	.75	0	75	48.331	1100
db2	pk-xt-1M-1000-120-4	1630	9427	1	4	1	0	75	47.554	1100
db2	pk-xt-1M-1000-120-4	1630	9429	1	4	.25	0	100	48.421	1100
db2	pk-xt-1M-1000-120-4	1630	9431	1	4	.5	0	100	47.383	1100
db2	pk-xt-1M-1000-120-4	1630	9433	1	4	.75	0	100	48.994	1100
db2	pk-xt-1M-1000-120-4	1630	9435	1	4	1	0	100	50.183	1100
db2	pk-xt-1M-1000-120-4	1630	9438	1	4	.25	.01	0	28730.831	600
db2	pk-xt-1M-1000-120-4	1630	9440	1	4	.5	.01	0	98950.262	1100
db2	pk-xt-1M-1000-120-4	1630	9442	1	4	.75	.01	0	94359.123	1100
db2	pk-xt-1M-1000-120-4	1630	9444	1	4	1	.01	0	139618.964	1100
db2	pk-xt-1M-1000-120-4	1630	9446	1	4	.25	.1	0	2102.227	600
db2	pk-xt-1M-1000-120-4	1630	9449	1	4	.5	.1	0	852.172	500
db2	pk-xt-1M-1000-120-4	1630	9451	1	4	.75	.1	0	1194.222	700
db2	pk-xt-1M-1000-120-4	1630	9453	1	4	1	.1	0	11640.982	500
db2	pk-xt-1M-1000-120-4	1630	9455	1	4	.25	1	0	1139.045	1100
db2	pk-xt-1M-1000-120-4	1630	9456	1	4	.5	1	0	125.51	700
db2	pk-xt-1M-1000-120-4	1630	9457	1	4	.75	1	0	135.593	1100
db2	pk-xt-1M-1000-120-4	1630	9458	1	4	1	1	0	415.489	500
db2	pk-xt-1M-1000-120-8	1869	9295	1	8	.25	0	25	48.603	1100
db2	pk-xt-1M-1000-120-8	1869	9304	1	8	.5	0	25	50.211	1100
db2	pk-xt-1M-1000-120-8	1869	9307	1	8	.75	0	25	51.327	1100
db2	pk-xt-1M-1000-120-8	1869	9309	1	8	1	0	25	53.39	1100
db2	pk-xt-1M-1000-120-8	1869	9311	1	8	.25	0	50	50.365	1100
db2	pk-xt-1M-1000-120-8	1869	9314	1	8	.5	0	50	50.535	1100
db2	pk-xt-1M-1000-120-8	1869	9316	1	8	.75	0	50	51.55	1100
db2	pk-xt-1M-1000-120-8	1869	9318	1	8	1	0	50	52.513	1100
db2	pk-xt-1M-1000-120-8	1869	9320	1	8	.25	0	75	50.714	1100
db2	pk-xt-1M-1000-120-8	1869	9322	1	8	.5	0	75	50.454	1100
db2	pk-xt-1M-1000-120-8	1869	9328	1	8	.75	0	75	49.25	1100
db2	pk-xt-1M-1000-120-8	1869	9336	1	8	1	0	75	49.21	1100
db2	pk-xt-1M-1000-120-8	1869	9339	1	8	.25	0	100	49.234	1100
db2	pk-xt-1M-1000-120-8	1869	9348	1	8	.5	0	100	49.005	1100
db2	pk-xt-1M-1000-120-8	1869	9353	1	8	.75	0	100	41.079	800
db2	pk-xt-1M-1000-120-8	1869	9355	1	8	1	0	100	48.609	1100
db2	pk-xt-1M-1000-120-8	1869	9409	1	8	.25	.01	0	32056.169	700
db2	pk-xt-1M-1000-120-8	1869	9412	1	8	.5	.01	0	123643.629	1100
db2	pk-xt-1M-1000-120-8	1869	9414	1	8	.75	.01	0	130308.778	1100
db2	pk-xt-1M-1000-120-8	1869	9416	1	8	1	.01	0	6.056	1100
db2	pk-xt-1M-1000-120-8	1869	9419	1	8	.25	.1	0	6.032	1100
db2	pk-xt-1M-1000-120-8	1869	9421	1	8	.5	.1	0	5.769	1100
db2	pk-xt-1M-1000-120-8	1869	9423	1	8	.75	.1	0	5.758	1100
db2	pk-xt-1M-1000-120-8	1869	9425	1	8	1	.1	0	7690.357	400
db2	pk-xt-1M-1000-120-8	1869	9428	1	8	.25	1	0	450.618	700
db2	pk-xt-1M-1000-120-8	1869	9430	1	8	.5	1	0	1754.485	800
db2	pk-xt-1M-1000-120-8	1869	9432	1	8	.75	1	0	12.323	1100
db2	pk-xt-1M-1000-120-8	1869	9437	1	8	1	1	0	5.975	1100
db2	xt-1M-1000-120-1	689	1602	0	1	.25	0	25	52.844	1100
db2	xt-1M-1000-120-1	689	1623	0	1	.5	0	25	51.781	1100
db2	xt-1M-1000-120-1	689	1661	0	1	.75	0	25	119.963	1100
db2	xt-1M-1000-120-1	689	1683	0	1	1	0	25	117.808	1100
db2	xt-1M-1000-120-1	689	1723	0	1	.25	0	50	55.508	1100
db2	xt-1M-1000-120-1	689	1763	0	1	.5	0	50	50.087	1100
db2	xt-1M-1000-120-1	689	1801	0	1	.75	0	50	112.773	1100
db2	xt-1M-1000-120-1	689	1842	0	1	1	0	50	117.682	700
db2	xt-1M-1000-120-1	689	1882	0	1	.25	0	75	54.382	1100
db2	xt-1M-1000-120-1	689	1902	0	1	.5	0	75	54.209	1100
db2	xt-1M-1000-120-1	689	1923	0	1	.75	0	75	113.342	1100
db2	xt-1M-1000-120-1	689	1943	0	1	1	0	75	116.165	200
db2	xt-1M-1000-120-1	689	1983	0	1	.25	0	100	55.392	1100
db2	xt-1M-1000-120-1	689	2022	0	1	.5	0	100	53.081	1100
db2	xt-1M-1000-120-1	689	2043	0	1	.75	0	100	114.284	600
db2	xt-1M-1000-120-1	689	2083	0	1	1	0	100	107.093	1100
db2	xt-1M-1000-120-1	689	2123	0	1	.25	.01	0	42.047	500
db2	xt-1M-1000-120-1	689	2142	0	1	.5	.01	0	40.157	200
db2	xt-1M-1000-120-1	689	2144	0	1	.75	.01	0	40.142	200
db2	xt-1M-1000-120-1	689	2147	0	1	1	.01	0	46.196	200
db2	xt-1M-1000-120-1	689	2503	0	1	.25	.1	0	36.566	300
db2	xt-1M-1000-120-1	689	2522	0	1	.5	.1	0	48.974	200
db2	xt-1M-1000-120-1	689	2541	0	1	.75	.1	0	49.494	200
db2	xt-1M-1000-120-1	689	2561	0	1	1	.1	0	53.385	200
db2	xt-1M-1000-120-1	689	4105	0	1	.25	1	0	44.976	1100
db2	xt-1M-1000-120-1	689	4124	0	1	.5	1	0	39.26	200
db2	xt-1M-1000-120-1	689	4125	0	1	.75	1	0	39.603	1100
db2	xt-1M-1000-120-1	689	4144	0	1	1	1	0	41.655	200
db2	xt-1M-1000-120-2	949	401	0	2	.25	0	25	38.338	1100
db2	xt-1M-1000-120-2	949	422	0	2	.5	0	25	39.527	1100
db2	xt-1M-1000-120-2	949	462	0	2	.75	0	25	40.033	700
db2	xt-1M-1000-120-2	949	482	0	2	1	0	25	37.128	1100
db2	xt-1M-1000-120-2	949	521	0	2	.25	0	50	34.743	1100
db2	xt-1M-1000-120-2	949	542	0	2	.5	0	50	39.125	500
db2	xt-1M-1000-120-2	949	582	0	2	.75	0	50	34.517	1100
db2	xt-1M-1000-120-2	949	601	0	2	1	0	50	36.327	1100
db2	xt-1M-1000-120-2	949	641	0	2	.25	0	75	35.208	1100
db2	xt-1M-1000-120-2	949	662	0	2	.5	0	75	36.009	1100
db2	xt-1M-1000-120-2	949	702	0	2	.75	0	75	39.312	700
db2	xt-1M-1000-120-2	949	741	0	2	1	0	75	39.442	1100
db2	xt-1M-1000-120-2	949	762	0	2	.25	0	100	33.792	1100
db2	xt-1M-1000-120-2	949	802	0	2	.5	0	100	34.78	1100
db2	xt-1M-1000-120-2	949	841	0	2	.75	0	100	34.768	1100
db2	xt-1M-1000-120-2	949	862	0	2	1	0	100	37.844	600
db2	xt-1M-1000-120-2	949	902	0	2	.25	.01	0	34.255	800
db2	xt-1M-1000-120-2	949	941	0	2	.5	.01	0	35.251	700
db2	xt-1M-1000-120-2	949	962	0	2	.75	.01	0	38.426	600
db2	xt-1M-1000-120-2	949	1001	0	2	1	.01	0	29.872	1100
db2	xt-1M-1000-120-2	949	1441	0	2	.25	.1	0	26.157	1100
db2	xt-1M-1000-120-2	949	1461	0	2	.5	.1	0	30.506	800
db2	xt-1M-1000-120-2	949	1482	0	2	.75	.1	0	32.446	800
db2	xt-1M-1000-120-2	949	1501	0	2	1	.1	0	31.025	800
db2	xt-1M-1000-120-2	949	1821	0	2	.25	1	0	30.751	800
db2	xt-1M-1000-120-2	949	1841	0	2	.5	1	0	28.524	500
db2	xt-1M-1000-120-2	949	1861	0	2	.75	1	0	31.036	500
db2	xt-1M-1000-120-2	949	1881	0	2	1	1	0	30.147	1100
db2	xt-1M-1000-120-4	849	2203	0	4	.25	0	25	15.038	1100
db2	xt-1M-1000-120-4	849	2222	0	4	.5	0	25	14.679	1100
db2	xt-1M-1000-120-4	849	2224	0	4	.75	0	25	14.045	1100
db2	xt-1M-1000-120-4	849	2225	0	4	1	0	25	14.076	1100
db2	xt-1M-1000-120-4	849	2228	0	4	.25	0	50	15.403	1100
db2	xt-1M-1000-120-4	849	2242	0	4	.5	0	50	14.462	1100
db2	xt-1M-1000-120-4	849	2261	0	4	.75	0	50	14.459	1100
db2	xt-1M-1000-120-4	849	2263	0	4	1	0	50	14.452	1100
db2	xt-1M-1000-120-4	849	2283	0	4	.25	0	75	15.302	1100
db2	xt-1M-1000-120-4	849	2301	0	4	.5	0	75	15.311	1100
db2	xt-1M-1000-120-4	849	2304	0	4	.75	0	75	14.841	1100
db2	xt-1M-1000-120-4	849	2322	0	4	1	0	75	13.879	1100
db2	xt-1M-1000-120-4	849	2323	0	4	.25	0	100	14.583	1100
db2	xt-1M-1000-120-4	849	2326	0	4	.5	0	100	14.638	1100
db2	xt-1M-1000-120-4	849	2342	0	4	.75	0	100	14.592	1100
db2	xt-1M-1000-120-4	849	2344	0	4	1	0	100	13.837	1100
db2	xt-1M-1000-120-4	849	2362	0	4	.25	.01	0	13.941	1100
db2	xt-1M-1000-120-4	849	2382	0	4	.5	.01	0	14.567	1100
db2	xt-1M-1000-120-4	849	2384	0	4	.75	.01	0	13.646	600
db2	xt-1M-1000-120-4	849	2387	0	4	1	.01	0	13.396	600
db2	xt-1M-1000-120-4	849	3003	0	4	.25	.1	0	13.572	600
db2	xt-1M-1000-120-4	849	3004	0	4	.5	.1	0	14.307	600
db2	xt-1M-1000-120-4	849	3023	0	4	.75	.1	0	12.581	600
db2	xt-1M-1000-120-4	849	3024	0	4	1	.1	0	10.926	600
db2	xt-1M-1000-120-4	849	3183	0	4	.25	1	0	14.317	700
db2	xt-1M-1000-120-4	849	3184	0	4	.5	1	0	14.065	800
db2	xt-1M-1000-120-4	849	3203	0	4	.75	1	0	12.805	1100
db2	xt-1M-1000-120-4	849	3204	0	4	1	1	0	11.708	500
db2	xt-1M-1000-120-8	1870	3764	0	8	.25	0	25	47.532	1100
db2	xt-1M-1000-120-8	1870	3804	0	8	.5	0	25	50.197	1100
db2	xt-1M-1000-120-8	1870	3806	0	8	.75	0	25	51.91	1100
db2	xt-1M-1000-120-8	1870	3823	0	8	1	0	25	52.215	1100
db2	xt-1M-1000-120-8	1870	3843	0	8	.25	0	50	49.674	1100
db2	xt-1M-1000-120-8	1870	3863	0	8	.5	0	50	51.83	1100
db2	xt-1M-1000-120-8	1870	4164	0	8	.75	0	50	52.6	1100
db2	xt-1M-1000-120-8	1870	4184	0	8	1	0	50	49.156	1100
db2	xt-1M-1000-120-8	1870	4204	0	8	.25	0	75	49.158	1100
db2	xt-1M-1000-120-8	1870	4224	0	8	.5	0	75	50.375	1100
db2	xt-1M-1000-120-8	1870	4244	0	8	.75	0	75	50.788	1100
db2	xt-1M-1000-120-8	1870	4265	0	8	1	0	75	52.145	1100
db2	xt-1M-1000-120-8	1870	4384	0	8	.25	0	100	50.422	1100
db2	xt-1M-1000-120-8	1870	4604	0	8	.5	0	100	50.755	1100
db2	xt-1M-1000-120-8	1870	4625	0	8	.75	0	100	50.984	1100
db2	xt-1M-1000-120-8	1870	4724	0	8	1	0	100	51.416	1100
db2	xt-1M-1000-120-8	1870	4765	0	8	.25	.01	0	28339.167	1100
db2	xt-1M-1000-120-8	1870	4805	0	8	.5	.01	0	64437.395	600
db2	xt-1M-1000-120-8	1870	4824	0	8	.75	.01	0	119975.446	1100
db2	xt-1M-1000-120-8	1870	4844	0	8	1	.01	0	153575.149	1100
db2	xt-1M-1000-120-8	1870	5205	0	8	.25	.1	0	4582.291	1100
db2	xt-1M-1000-120-8	1870	5245	0	8	.5	.1	0	5088.696	1100
db2	xt-1M-1000-120-8	1870	5284	0	8	.75	.1	0	2139.223	600
db2	xt-1M-1000-120-8	1870	5304	0	8	1	.1	0	5521.801	800
db2	xt-1M-1000-120-8	1870	5606	0	8	.25	1	0	509.241	1100
db2	xt-1M-1000-120-8	1870	5608	0	8	.5	1	0	2465.153	1100
db2	xt-1M-1000-120-8	1870	5626	0	8	.75	1	0	4797.832	700
db2	xt-1M-1000-120-8	1870	5628	0	8	1	1	0	35.429	1100
mysql	pk-xt-1M-1000-120-1	1290	7207	1	1	.25	0	25	28005.611	1100
mysql	pk-xt-1M-1000-120-1	1290	7246	1	1	.5	0	25	10577.517	800
mysql	pk-xt-1M-1000-120-1	1290	7286	1	1	.75	0	25	15218.704	700
mysql	pk-xt-1M-1000-120-1	1290	7306	1	1	1	0	25	68197.719	800
mysql	pk-xt-1M-1000-120-1	1290	7327	1	1	.25	0	50	24118.707	1100
mysql	pk-xt-1M-1000-120-1	1290	7366	1	1	.5	0	50	10926.108	1100
mysql	pk-xt-1M-1000-120-1	1290	7406	1	1	.75	0	50	11865.979	1100
mysql	pk-xt-1M-1000-120-1	1290	7427	1	1	1	0	50	69304.326	700
mysql	pk-xt-1M-1000-120-1	1290	7467	1	1	.25	0	75	25584.665	1100
mysql	pk-xt-1M-1000-120-1	1290	7506	1	1	.5	0	75	8924.455	1100
mysql	pk-xt-1M-1000-120-1	1290	7546	1	1	.75	0	75	48318.673	800
mysql	pk-xt-1M-1000-120-1	1290	7587	1	1	1	0	75	67203.699	1100
mysql	pk-xt-1M-1000-120-1	1290	7627	1	1	.25	0	100	26379.085	1100
mysql	pk-xt-1M-1000-120-1	1290	7666	1	1	.5	0	100	6936.433	1100
mysql	pk-xt-1M-1000-120-1	1290	7686	1	1	.75	0	100	14333.137	800
mysql	pk-xt-1M-1000-120-1	1290	7706	1	1	1	0	100	69656.873	1100
mysql	pk-xt-1M-1000-120-1	1290	7726	1	1	.25	.01	0	254.699	1100
mysql	pk-xt-1M-1000-120-1	1290	7747	1	1	.5	.01	0	251.807	1100
mysql	pk-xt-1M-1000-120-1	1290	7766	1	1	.75	.01	0	253.129	1100
mysql	pk-xt-1M-1000-120-1	1290	7786	1	1	1	.01	0	251.334	1100
mysql	pk-xt-1M-1000-120-1	1290	8126	1	1	.25	.1	0	554.804	1100
mysql	pk-xt-1M-1000-120-1	1290	8146	1	1	.5	.1	0	551.544	1100
mysql	pk-xt-1M-1000-120-1	1290	8166	1	1	.75	.1	0	577.494	1100
mysql	pk-xt-1M-1000-120-1	1290	8186	1	1	1	.1	0	587.92	1100
mysql	pk-xt-1M-1000-120-1	1290	8526	1	1	.25	1	0	4717.359	1100
mysql	pk-xt-1M-1000-120-1	1290	8547	1	1	.5	1	0	4778.493	1100
mysql	pk-xt-1M-1000-120-1	1290	8567	1	1	.75	1	0	5354.35	1100
mysql	pk-xt-1M-1000-120-1	1290	8586	1	1	1	1	0	6423.7	1100
mysql	pk-xt-1M-1000-120-2	1471	9266	1	2	.25	0	25	5956.277	1100
mysql	pk-xt-1M-1000-120-2	1471	9305	1	2	.5	0	25	22580.968	100
mysql	pk-xt-1M-1000-120-2	1471	9306	1	2	.75	0	25	29183.217	100
mysql	pk-xt-1M-1000-120-2	1471	9308	1	2	1	0	25	22468.094	100
mysql	pk-xt-1M-1000-120-2	1471	9310	1	2	.25	0	50	15172.187	1100
mysql	pk-xt-1M-1000-120-2	1471	9312	1	2	.5	0	50	10598.156	800
mysql	pk-xt-1M-1000-120-2	1471	9313	1	2	.75	0	50	30661.82	1100
mysql	pk-xt-1M-1000-120-2	1471	9315	1	2	1	0	50	47427.149	100
mysql	pk-xt-1M-1000-120-2	1471	9317	1	2	.25	0	75	11615.497	1100
mysql	pk-xt-1M-1000-120-2	1471	9319	1	2	.5	0	75	1241.53	700
mysql	pk-xt-1M-1000-120-2	1471	9321	1	2	.75	0	75	33717.327	800
mysql	pk-xt-1M-1000-120-2	1471	9323	1	2	1	0	75	69525.168	1100
mysql	pk-xt-1M-1000-120-2	1471	9329	1	2	.25	0	100	9779.615	1100
mysql	pk-xt-1M-1000-120-2	1471	9334	1	2	.5	0	100	10792.309	800
mysql	pk-xt-1M-1000-120-2	1471	9337	1	2	.75	0	100	33350.681	600
mysql	pk-xt-1M-1000-120-2	1471	9340	1	2	1	0	100	70946.776	1100
mysql	pk-xt-1M-1000-120-2	1471	9341	1	2	.25	.01	0	94.657	1100
mysql	pk-xt-1M-1000-120-2	1471	9434	1	2	.5	.01	0	64.678	1100
mysql	pk-xt-1M-1000-120-2	1471	9436	1	2	.75	.01	0	71.978	500
mysql	pk-xt-1M-1000-120-2	1471	9439	1	2	1	.01	0	95.839	1100
mysql	pk-xt-1M-1000-120-2	1471	9441	1	2	.25	.1	0	263.096	800
mysql	pk-xt-1M-1000-120-2	1471	9443	1	2	.5	.1	0	262.102	1100
mysql	pk-xt-1M-1000-120-2	1471	9445	1	2	.75	.1	0	358.803	1100
mysql	pk-xt-1M-1000-120-2	1471	9447	1	2	1	.1	0	357.779	800
mysql	pk-xt-1M-1000-120-2	1471	9448	1	2	.25	1	0	3124.658	1100
mysql	pk-xt-1M-1000-120-2	1471	9450	1	2	.5	1	0	3837.945	700
mysql	pk-xt-1M-1000-120-2	1471	9452	1	2	.75	1	0	5813.102	1100
mysql	pk-xt-1M-1000-120-2	1471	9454	1	2	1	1	0	6289.336	300
mysql	pk-xt-1M-1000-120-4	1473	8686	1	4	.25	0	25	17642.679	1100
mysql	pk-xt-1M-1000-120-4	1473	8766	1	4	.5	0	25	5322.282	700
mysql	pk-xt-1M-1000-120-4	1473	8806	1	4	.75	0	25	39883.41	200
mysql	pk-xt-1M-1000-120-4	1473	9413	1	4	1	0	25	22459.375	100
mysql	pk-xt-1M-1000-120-4	1473	9415	1	4	.25	0	50	11087.77	700
mysql	pk-xt-1M-1000-120-4	1473	9417	1	4	.5	0	50	12698.522	1100
mysql	pk-xt-1M-1000-120-4	1473	9418	1	4	.75	0	50	55511.859	100
mysql	pk-xt-1M-1000-120-4	1473	9420	1	4	1	0	50	48234.153	100
mysql	pk-xt-1M-1000-120-4	1473	9422	1	4	.25	0	75	12791.256	1100
mysql	pk-xt-1M-1000-120-4	1473	9424	1	4	.5	0	75	4805.535	1100
mysql	pk-xt-1M-1000-120-4	1473	9426	1	4	.75	0	75	67532.67	800
mysql	pk-xt-1M-1000-120-4	1473	9427	1	4	1	0	75	64418.814	1100
mysql	pk-xt-1M-1000-120-4	1473	9429	1	4	.25	0	100	8169.908	600
mysql	pk-xt-1M-1000-120-4	1473	9431	1	4	.5	0	100	5040.469	1100
mysql	pk-xt-1M-1000-120-4	1473	9433	1	4	.75	0	100	70245.645	1100
mysql	pk-xt-1M-1000-120-4	1473	9435	1	4	1	0	100	65950.099	1100
mysql	pk-xt-1M-1000-120-4	1473	9438	1	4	.25	.01	0	71.152	1100
mysql	pk-xt-1M-1000-120-4	1473	9440	1	4	.5	.01	0	70.477	1100
mysql	pk-xt-1M-1000-120-4	1473	9442	1	4	.75	.01	0	62.524	1100
mysql	pk-xt-1M-1000-120-4	1473	9444	1	4	1	.01	0	62.864	1100
mysql	pk-xt-1M-1000-120-4	1473	9446	1	4	.25	.1	0	205.303	1100
mysql	pk-xt-1M-1000-120-4	1473	9449	1	4	.5	.1	0	205.482	1100
mysql	pk-xt-1M-1000-120-4	1473	9451	1	4	.75	.1	0	200.384	1100
mysql	pk-xt-1M-1000-120-4	1473	9453	1	4	1	.1	0	197.972	1100
mysql	pk-xt-1M-1000-120-4	1473	9455	1	4	.25	1	0	2283.763	1100
mysql	pk-xt-1M-1000-120-4	1473	9456	1	4	.5	1	0	2619.257	1100
mysql	pk-xt-1M-1000-120-4	1473	9457	1	4	.75	1	0	3814.856	200
mysql	pk-xt-1M-1000-120-4	1473	9458	1	4	1	1	0	4153.422	200
mysql	pk-xt-1M-1000-120-8	1470	9295	1	8	.25	0	25	6884.38	1100
mysql	pk-xt-1M-1000-120-8	1470	9304	1	8	.5	0	25	25520.888	100
mysql	pk-xt-1M-1000-120-8	1470	9307	1	8	.75	0	25	30167.651	100
mysql	pk-xt-1M-1000-120-8	1470	9309	1	8	1	0	25	20254.401	100
mysql	pk-xt-1M-1000-120-8	1470	9311	1	8	.25	0	50	7575.302	1100
mysql	pk-xt-1M-1000-120-8	1470	9314	1	8	.5	0	50	7233.536	1100
mysql	pk-xt-1M-1000-120-8	1470	9316	1	8	.75	0	50	52909.049	100
mysql	pk-xt-1M-1000-120-8	1470	9318	1	8	1	0	50	42153.114	100
mysql	pk-xt-1M-1000-120-8	1470	9320	1	8	.25	0	75	9453.725	800
mysql	pk-xt-1M-1000-120-8	1470	9322	1	8	.5	0	75	4812.565	1100
mysql	pk-xt-1M-1000-120-8	1470	9328	1	8	.75	0	75	65577.05	700
mysql	pk-xt-1M-1000-120-8	1470	9336	1	8	1	0	75	67046.256	1100
mysql	pk-xt-1M-1000-120-8	1470	9339	1	8	.25	0	100	6499.439	1100
mysql	pk-xt-1M-1000-120-8	1470	9348	1	8	.5	0	100	6461.633	800
mysql	pk-xt-1M-1000-120-8	1470	9353	1	8	.75	0	100	69603.794	1100
mysql	pk-xt-1M-1000-120-8	1470	9355	1	8	1	0	100	66695.863	1100
mysql	pk-xt-1M-1000-120-8	1470	9409	1	8	.25	.01	0	45.11	1100
mysql	pk-xt-1M-1000-120-8	1470	9412	1	8	.5	.01	0	45.183	1100
mysql	pk-xt-1M-1000-120-8	1470	9414	1	8	.75	.01	0	43.686	1100
mysql	pk-xt-1M-1000-120-8	1470	9416	1	8	1	.01	0	42.617	1100
mysql	pk-xt-1M-1000-120-8	1470	9419	1	8	.25	.1	0	117.018	1100
mysql	pk-xt-1M-1000-120-8	1470	9421	1	8	.5	.1	0	119.457	1100
mysql	pk-xt-1M-1000-120-8	1470	9423	1	8	.75	.1	0	110.158	1100
mysql	pk-xt-1M-1000-120-8	1470	9425	1	8	1	.1	0	118.977	1100
mysql	pk-xt-1M-1000-120-8	1470	9428	1	8	.25	1	0	1312.705	1100
mysql	pk-xt-1M-1000-120-8	1470	9430	1	8	.5	1	0	1352.455	200
mysql	pk-xt-1M-1000-120-8	1470	9432	1	8	.75	1	0	1381.357	1100
mysql	pk-xt-1M-1000-120-8	1470	9437	1	8	1	1	0	1526.587	1100
mysql	xt-1M-1000-120-1	1289	1602	0	1	.25	0	25	50620.273	1100
mysql	xt-1M-1000-120-1	1289	1623	0	1	.5	0	25	50613.603	1100
mysql	xt-1M-1000-120-1	1289	1661	0	1	.75	0	25	50650.077	1100
mysql	xt-1M-1000-120-1	1289	1683	0	1	1	0	25	50599.506	1100
mysql	xt-1M-1000-120-1	1289	1723	0	1	.25	0	50	50600.522	1100
mysql	xt-1M-1000-120-1	1289	1763	0	1	.5	0	50	50632.335	1100
mysql	xt-1M-1000-120-1	1289	1801	0	1	.75	0	50	50622.136	1100
mysql	xt-1M-1000-120-1	1289	1842	0	1	1	0	50	50610.663	1100
mysql	xt-1M-1000-120-1	1289	1882	0	1	.25	0	75	50652.33	1100
mysql	xt-1M-1000-120-1	1289	1902	0	1	.5	0	75	50619.604	1100
mysql	xt-1M-1000-120-1	1289	1923	0	1	.75	0	75	50601.468	1100
mysql	xt-1M-1000-120-1	1289	1943	0	1	1	0	75	50591.987	1100
mysql	xt-1M-1000-120-1	1289	1983	0	1	.25	0	100	50620.583	1100
mysql	xt-1M-1000-120-1	1289	2022	0	1	.5	0	100	50583.896	1100
mysql	xt-1M-1000-120-1	1289	2043	0	1	.75	0	100	50640.987	1100
mysql	xt-1M-1000-120-1	1289	2083	0	1	1	0	100	50593.408	1100
mysql	xt-1M-1000-120-1	1289	2123	0	1	.25	.01	0	73617.636	200
mysql	xt-1M-1000-120-1	1289	2142	0	1	.5	.01	0	71205.446	200
mysql	xt-1M-1000-120-1	1289	2144	0	1	.75	.01	0	73600.493	200
mysql	xt-1M-1000-120-1	1289	2147	0	1	1	.01	0	70680.803	200
mysql	xt-1M-1000-120-1	1289	2503	0	1	.25	.1	0	75318.853	200
mysql	xt-1M-1000-120-1	1289	2522	0	1	.5	.1	0	73173.418	200
mysql	xt-1M-1000-120-1	1289	2541	0	1	.75	.1	0	72944.91	200
mysql	xt-1M-1000-120-1	1289	2561	0	1	1	.1	0	71881.011	200
mysql	xt-1M-1000-120-1	1289	4105	0	1	.25	1	0	121913.34	100
mysql	xt-1M-1000-120-1	1289	4124	0	1	.5	1	0	125863.473	200
mysql	xt-1M-1000-120-1	1289	4125	0	1	.75	1	0	145692.529	200
mysql	xt-1M-1000-120-1	1289	4144	0	1	1	1	0	116068.534	200
mysql	xt-1M-1000-120-2	1291	401	0	2	.25	0	25	50561.049	1100
mysql	xt-1M-1000-120-2	1291	422	0	2	.5	0	25	50579.557	1100
mysql	xt-1M-1000-120-2	1291	462	0	2	.75	0	25	50576.262	1100
mysql	xt-1M-1000-120-2	1291	482	0	2	1	0	25	50553.499	1100
mysql	xt-1M-1000-120-2	1291	521	0	2	.25	0	50	50524.822	1100
mysql	xt-1M-1000-120-2	1291	542	0	2	.5	0	50	50516.567	1100
mysql	xt-1M-1000-120-2	1291	582	0	2	.75	0	50	50524.045	1100
mysql	xt-1M-1000-120-2	1291	601	0	2	1	0	50	50503.558	1100
mysql	xt-1M-1000-120-2	1291	641	0	2	.25	0	75	50638.372	1100
mysql	xt-1M-1000-120-2	1291	662	0	2	.5	0	75	50549.318	1100
mysql	xt-1M-1000-120-2	1291	702	0	2	.75	0	75	50549.959	1100
mysql	xt-1M-1000-120-2	1291	741	0	2	1	0	75	50544.083	1100
mysql	xt-1M-1000-120-2	1291	762	0	2	.25	0	100	50525.228	1100
mysql	xt-1M-1000-120-2	1291	802	0	2	.5	0	100	50498.681	1100
mysql	xt-1M-1000-120-2	1291	841	0	2	.75	0	100	50538.405	1100
mysql	xt-1M-1000-120-2	1291	862	0	2	1	0	100	50545.872	1100
mysql	xt-1M-1000-120-2	1291	902	0	2	.25	.01	0	73346.106	200
mysql	xt-1M-1000-120-2	1291	941	0	2	.5	.01	0	77180.743	200
mysql	xt-1M-1000-120-2	1291	962	0	2	.75	.01	0	71656.559	200
mysql	xt-1M-1000-120-2	1291	1001	0	2	1	.01	0	71590.389	200
mysql	xt-1M-1000-120-2	1291	1441	0	2	.25	.1	0	77357.873	200
mysql	xt-1M-1000-120-2	1291	1461	0	2	.5	.1	0	72002.521	200
mysql	xt-1M-1000-120-2	1291	1482	0	2	.75	.1	0	73119.035	200
mysql	xt-1M-1000-120-2	1291	1501	0	2	1	.1	0	73972.685	200
mysql	xt-1M-1000-120-2	1291	1821	0	2	.25	1	0	201201.753	700
mysql	xt-1M-1000-120-2	1291	1841	0	2	.5	1	0	170621.373	200
mysql	xt-1M-1000-120-2	1291	1861	0	2	.75	1	0	126918.049	200
mysql	xt-1M-1000-120-2	1291	1881	0	2	1	1	0	76717.239	200
mysql	xt-1M-1000-120-4	1270	2203	0	4	.25	0	25	50266.931	1100
mysql	xt-1M-1000-120-4	1270	2222	0	4	.5	0	25	50172.035	1100
mysql	xt-1M-1000-120-4	1270	2224	0	4	.75	0	25	50140.571	1100
mysql	xt-1M-1000-120-4	1270	2225	0	4	1	0	25	50211.45	1100
mysql	xt-1M-1000-120-4	1270	2228	0	4	.25	0	50	50191.897	1100
mysql	xt-1M-1000-120-4	1270	2242	0	4	.5	0	50	50166.652	1100
mysql	xt-1M-1000-120-4	1270	2261	0	4	.75	0	50	50093.662	1100
mysql	xt-1M-1000-120-4	1270	2263	0	4	1	0	50	50127.785	1100
mysql	xt-1M-1000-120-4	1270	2283	0	4	.25	0	75	50185.396	1100
mysql	xt-1M-1000-120-4	1270	2301	0	4	.5	0	75	50170.809	1100
mysql	xt-1M-1000-120-4	1270	2304	0	4	.75	0	75	50214.487	1100
mysql	xt-1M-1000-120-4	1270	2322	0	4	1	0	75	50121.598	1100
mysql	xt-1M-1000-120-4	1270	2323	0	4	.25	0	100	50163.933	1100
mysql	xt-1M-1000-120-4	1270	2326	0	4	.5	0	100	50155.43	1100
mysql	xt-1M-1000-120-4	1270	2342	0	4	.75	0	100	50168.614	1100
mysql	xt-1M-1000-120-4	1270	2344	0	4	1	0	100	50207.516	1100
mysql	xt-1M-1000-120-4	1270	2362	0	4	.25	.01	0	70819.458	400
mysql	xt-1M-1000-120-4	1270	2382	0	4	.5	.01	0	65636.141	400
mysql	xt-1M-1000-120-4	1270	2384	0	4	.75	.01	0	69669.073	400
mysql	xt-1M-1000-120-4	1270	2387	0	4	1	.01	0	66210.553	400
mysql	xt-1M-1000-120-4	1270	3003	0	4	.25	.1	0	69439.403	400
mysql	xt-1M-1000-120-4	1270	3004	0	4	.5	.1	0	70591.356	400
mysql	xt-1M-1000-120-4	1270	3023	0	4	.75	.1	0	68589.744	400
mysql	xt-1M-1000-120-4	1270	3024	0	4	1	.1	0	72664.897	400
mysql	xt-1M-1000-120-4	1270	3183	0	4	.25	1	0	73480.965	400
mysql	xt-1M-1000-120-4	1270	3184	0	4	.5	1	0	105386.987	400
mysql	xt-1M-1000-120-4	1270	3203	0	4	.75	1	0	108253.366	400
mysql	xt-1M-1000-120-4	1270	3204	0	4	1	1	0	90864.84	400
mysql	xt-1M-1000-120-8	1369	3764	0	8	.25	0	25	49950.872	1100
mysql	xt-1M-1000-120-8	1369	3804	0	8	.5	0	25	50027.394	1100
mysql	xt-1M-1000-120-8	1369	3806	0	8	.75	0	25	50002.274	1100
mysql	xt-1M-1000-120-8	1369	3823	0	8	1	0	25	49995.728	1100
mysql	xt-1M-1000-120-8	1369	3843	0	8	.25	0	50	49942.665	1100
mysql	xt-1M-1000-120-8	1369	3863	0	8	.5	0	50	49943.877	1100
mysql	xt-1M-1000-120-8	1369	4164	0	8	.75	0	50	49958.331	1100
mysql	xt-1M-1000-120-8	1369	4184	0	8	1	0	50	49925.086	1100
mysql	xt-1M-1000-120-8	1369	4204	0	8	.25	0	75	49976.382	1100
mysql	xt-1M-1000-120-8	1369	4224	0	8	.5	0	75	49962.706	1100
mysql	xt-1M-1000-120-8	1369	4244	0	8	.75	0	75	49980.069	1100
mysql	xt-1M-1000-120-8	1369	4265	0	8	1	0	75	50005.96	1100
mysql	xt-1M-1000-120-8	1369	4384	0	8	.25	0	100	49935.859	1100
mysql	xt-1M-1000-120-8	1369	4604	0	8	.5	0	100	50008.891	1100
mysql	xt-1M-1000-120-8	1369	4625	0	8	.75	0	100	49985.416	1100
mysql	xt-1M-1000-120-8	1369	4724	0	8	1	0	100	49916.325	1100
mysql	xt-1M-1000-120-8	1369	4765	0	8	.25	.01	0	62563.253	200
mysql	xt-1M-1000-120-8	1369	4805	0	8	.5	.01	0	63304.55	400
mysql	xt-1M-1000-120-8	1369	4824	0	8	.75	.01	0	60972.212	400
mysql	xt-1M-1000-120-8	1369	4844	0	8	1	.01	0	59838.77	200
mysql	xt-1M-1000-120-8	1369	5205	0	8	.25	.1	0	59749.42	400
mysql	xt-1M-1000-120-8	1369	5245	0	8	.5	.1	0	65740.404	200
mysql	xt-1M-1000-120-8	1369	5284	0	8	.75	.1	0	62921.137	400
mysql	xt-1M-1000-120-8	1369	5304	0	8	1	.1	0	60064.791	400
mysql	xt-1M-1000-120-8	1369	5606	0	8	.25	1	0	59597.679	400
mysql	xt-1M-1000-120-8	1369	5608	0	8	.5	1	0	61458.001	200
mysql	xt-1M-1000-120-8	1369	5626	0	8	.75	1	0	63745.219	400
mysql	xt-1M-1000-120-8	1369	5628	0	8	1	1	0	63024.819	400
oracle	pk-xt-1M-1000-120-1	1329	7207	1	1	.25	0	25	77.545	800
oracle	pk-xt-1M-1000-120-1	1329	7246	1	1	.5	0	25	84.587	600
oracle	pk-xt-1M-1000-120-1	1329	7286	1	1	.75	0	25	90.593	700
oracle	pk-xt-1M-1000-120-1	1329	7306	1	1	1	0	25	114.761	500
oracle	pk-xt-1M-1000-120-1	1329	7327	1	1	.25	0	50	109.875	1100
oracle	pk-xt-1M-1000-120-1	1329	7366	1	1	.5	0	50	139.14	100
oracle	pk-xt-1M-1000-120-1	1329	7406	1	1	.75	0	50	146.066	300
oracle	pk-xt-1M-1000-120-1	1329	7427	1	1	1	0	50	107.547	1100
oracle	pk-xt-1M-1000-120-1	1329	7467	1	1	.25	0	75	89.744	100
oracle	pk-xt-1M-1000-120-1	1329	7506	1	1	.5	0	75	101.328	1100
oracle	pk-xt-1M-1000-120-1	1329	7546	1	1	.75	0	75	92.252	700
oracle	pk-xt-1M-1000-120-1	1329	7587	1	1	1	0	75	84.059	600
oracle	pk-xt-1M-1000-120-1	1329	7627	1	1	.25	0	100	89.767	800
oracle	pk-xt-1M-1000-120-1	1329	7666	1	1	.5	0	100	101.352	1100
oracle	pk-xt-1M-1000-120-1	1329	7686	1	1	.75	0	100	134.712	300
oracle	pk-xt-1M-1000-120-1	1329	7706	1	1	1	0	100	89.753	1100
oracle	pk-xt-1M-1000-120-1	1329	7726	1	1	.25	.01	0	96.686	1100
oracle	pk-xt-1M-1000-120-1	1329	7747	1	1	.5	.01	0	97.176	1100
oracle	pk-xt-1M-1000-120-1	1329	7766	1	1	.75	.01	0	94.97	1100
oracle	pk-xt-1M-1000-120-1	1329	7786	1	1	1	.01	0	96.569	1100
oracle	pk-xt-1M-1000-120-1	1329	8126	1	1	.25	.1	0	98.996	1100
oracle	pk-xt-1M-1000-120-1	1329	8146	1	1	.5	.1	0	93.951	1100
oracle	pk-xt-1M-1000-120-1	1329	8166	1	1	.75	.1	0	93.83	1100
oracle	pk-xt-1M-1000-120-1	1329	8186	1	1	1	.1	0	104.375	1100
oracle	pk-xt-1M-1000-120-1	1329	8526	1	1	.25	1	0	130.569	1100
oracle	pk-xt-1M-1000-120-1	1329	8547	1	1	.5	1	0	114.228	1100
oracle	pk-xt-1M-1000-120-1	1329	8567	1	1	.75	1	0	98.798	1100
oracle	pk-xt-1M-1000-120-1	1329	8586	1	1	1	1	0	96.222	1100
oracle	pk-xt-1M-1000-120-2	1610	9266	1	2	.25	0	25	23.085	1100
oracle	pk-xt-1M-1000-120-2	1610	9305	1	2	.5	0	25	22.546	1100
oracle	pk-xt-1M-1000-120-2	1610	9306	1	2	.75	0	25	24.777	1100
oracle	pk-xt-1M-1000-120-2	1610	9308	1	2	1	0	25	25.244	1100
oracle	pk-xt-1M-1000-120-2	1610	9310	1	2	.25	0	50	20.194	1100
oracle	pk-xt-1M-1000-120-2	1610	9312	1	2	.5	0	50	20.149	1100
oracle	pk-xt-1M-1000-120-2	1610	9313	1	2	.75	0	50	21.249	1100
oracle	pk-xt-1M-1000-120-2	1610	9315	1	2	1	0	50	14.535	1100
oracle	pk-xt-1M-1000-120-2	1610	9317	1	2	.25	0	75	14.043	1100
oracle	pk-xt-1M-1000-120-2	1610	9319	1	2	.5	0	75	9.779	1100
oracle	pk-xt-1M-1000-120-2	1610	9321	1	2	.75	0	75	12.648	1100
oracle	pk-xt-1M-1000-120-2	1610	9323	1	2	1	0	75	9.014	1100
oracle	pk-xt-1M-1000-120-2	1610	9329	1	2	.25	0	100	13.017	1100
oracle	pk-xt-1M-1000-120-2	1610	9334	1	2	.5	0	100	8.782	200
oracle	pk-xt-1M-1000-120-2	1610	9337	1	2	.75	0	100	13.314	500
oracle	pk-xt-1M-1000-120-2	1610	9340	1	2	1	0	100	8.534	1100
oracle	pk-xt-1M-1000-120-2	1610	9341	1	2	.25	.01	0	5.831	700
oracle	pk-xt-1M-1000-120-2	1610	9434	1	2	.5	.01	0	13.105	400
oracle	pk-xt-1M-1000-120-2	1610	9436	1	2	.75	.01	0	9.319	300
oracle	pk-xt-1M-1000-120-2	1610	9439	1	2	1	.01	0	11.055	200
oracle	pk-xt-1M-1000-120-2	1610	9441	1	2	.25	.1	0	13.25	400
oracle	pk-xt-1M-1000-120-2	1610	9443	1	2	.5	.1	0	35.609	1100
oracle	pk-xt-1M-1000-120-2	1610	9445	1	2	.75	.1	0	28.709	1100
oracle	pk-xt-1M-1000-120-2	1610	9447	1	2	1	.1	0	16.961	600
oracle	pk-xt-1M-1000-120-2	1610	9448	1	2	.25	1	0	13.559	600
oracle	pk-xt-1M-1000-120-2	1610	9450	1	2	.5	1	0	13.107	200
oracle	pk-xt-1M-1000-120-2	1610	9452	1	2	.75	1	0	13.217	300
oracle	pk-xt-1M-1000-120-2	1610	9454	1	2	1	1	0	44.267	100
oracle	pk-xt-1M-1000-120-4	1709	8686	1	4	.25	0	25	41.81	1100
oracle	pk-xt-1M-1000-120-4	1709	8766	1	4	.5	0	25	41.129	1100
oracle	pk-xt-1M-1000-120-4	1709	8806	1	4	.75	0	25	51.764	1100
oracle	pk-xt-1M-1000-120-4	1709	9413	1	4	1	0	25	50.509	1100
oracle	pk-xt-1M-1000-120-4	1709	9415	1	4	.25	0	50	44.69	1100
oracle	pk-xt-1M-1000-120-4	1709	9417	1	4	.5	0	50	45.037	1100
oracle	pk-xt-1M-1000-120-4	1709	9418	1	4	.75	0	50	42.829	1100
oracle	pk-xt-1M-1000-120-4	1709	9420	1	4	1	0	50	42.833	1100
oracle	pk-xt-1M-1000-120-4	1709	9422	1	4	.25	0	75	53.577	600
oracle	pk-xt-1M-1000-120-4	1709	9424	1	4	.5	0	75	88.478	200
oracle	pk-xt-1M-1000-120-4	1709	9426	1	4	.75	0	75	65.69	200
oracle	pk-xt-1M-1000-120-4	1709	9427	1	4	1	0	75	71.357	300
oracle	pk-xt-1M-1000-120-4	1709	9429	1	4	.25	0	100	151.98	100
oracle	pk-xt-1M-1000-120-4	1709	9431	1	4	.5	0	100	84.773	100
oracle	pk-xt-1M-1000-120-4	1709	9433	1	4	.75	0	100	109.851	100
oracle	pk-xt-1M-1000-120-4	1709	9435	1	4	1	0	100	67.477	200
oracle	pk-xt-1M-1000-120-4	1709	9438	1	4	.25	.01	0	19.697	1100
oracle	pk-xt-1M-1000-120-4	1709	9440	1	4	.5	.01	0	21.376	1100
oracle	pk-xt-1M-1000-120-4	1709	9442	1	4	.75	.01	0	24.209	1100
oracle	pk-xt-1M-1000-120-4	1709	9444	1	4	1	.01	0	23.472	1100
oracle	pk-xt-1M-1000-120-4	1709	9446	1	4	.25	.1	0	24.797	1100
oracle	pk-xt-1M-1000-120-4	1709	9449	1	4	.5	.1	0	25.556	1100
oracle	pk-xt-1M-1000-120-4	1709	9451	1	4	.75	.1	0	23.996	1100
oracle	pk-xt-1M-1000-120-4	1709	9453	1	4	1	.1	0	27.414	1100
oracle	pk-xt-1M-1000-120-4	1709	9455	1	4	.25	1	0	32.528	1100
oracle	pk-xt-1M-1000-120-4	1709	9456	1	4	.5	1	0	23.66	1100
oracle	pk-xt-1M-1000-120-4	1709	9457	1	4	.75	1	0	24.378	1100
oracle	pk-xt-1M-1000-120-4	1709	9458	1	4	1	1	0	20.206	1100
oracle	pk-xt-1M-1000-120-8	1609	9295	1	8	.25	0	25	42.764	100
oracle	pk-xt-1M-1000-120-8	1609	9304	1	8	.5	0	25	44.655	100
oracle	pk-xt-1M-1000-120-8	1609	9307	1	8	.75	0	25	42.077	100
oracle	pk-xt-1M-1000-120-8	1609	9309	1	8	1	0	25	38.537	100
oracle	pk-xt-1M-1000-120-8	1609	9311	1	8	.25	0	50	47.709	100
oracle	pk-xt-1M-1000-120-8	1609	9314	1	8	.5	0	50	37.225	100
oracle	pk-xt-1M-1000-120-8	1609	9316	1	8	.75	0	50	48.951	100
oracle	pk-xt-1M-1000-120-8	1609	9318	1	8	1	0	50	36.504	100
oracle	pk-xt-1M-1000-120-8	1609	9320	1	8	.25	0	75	36.228	100
oracle	pk-xt-1M-1000-120-8	1609	9322	1	8	.5	0	75	36.15	100
oracle	pk-xt-1M-1000-120-8	1609	9328	1	8	.75	0	75	34.344	100
oracle	pk-xt-1M-1000-120-8	1609	9336	1	8	1	0	75	33.077	100
oracle	pk-xt-1M-1000-120-8	1609	9339	1	8	.25	0	100	37.34	100
oracle	pk-xt-1M-1000-120-8	1609	9348	1	8	.5	0	100	36.173	100
oracle	pk-xt-1M-1000-120-8	1609	9353	1	8	.75	0	100	33.196	100
oracle	pk-xt-1M-1000-120-8	1609	9355	1	8	1	0	100	54.764	100
oracle	pk-xt-1M-1000-120-8	1609	9409	1	8	.25	.01	0	13.026	1100
oracle	pk-xt-1M-1000-120-8	1609	9412	1	8	.5	.01	0	15.968	1100
oracle	pk-xt-1M-1000-120-8	1609	9414	1	8	.75	.01	0	20.048	1100
oracle	pk-xt-1M-1000-120-8	1609	9416	1	8	1	.01	0	21.805	1100
oracle	pk-xt-1M-1000-120-8	1609	9419	1	8	.25	.1	0	19.903	1100
oracle	pk-xt-1M-1000-120-8	1609	9421	1	8	.5	.1	0	19.44	1100
oracle	pk-xt-1M-1000-120-8	1609	9423	1	8	.75	.1	0	19.18	1100
oracle	pk-xt-1M-1000-120-8	1609	9425	1	8	1	.1	0	18.514	1100
oracle	pk-xt-1M-1000-120-8	1609	9428	1	8	.25	1	0	20.315	1100
oracle	pk-xt-1M-1000-120-8	1609	9430	1	8	.5	1	0	14.908	1100
oracle	pk-xt-1M-1000-120-8	1609	9432	1	8	.75	1	0	15.481	1100
oracle	pk-xt-1M-1000-120-8	1609	9437	1	8	1	1	0	19.372	1100
oracle	xt-1M-1000-120-1	889	1602	0	1	.25	0	25	16.726	1100
oracle	xt-1M-1000-120-1	889	1623	0	1	.5	0	25	25.944	1100
oracle	xt-1M-1000-120-1	889	1661	0	1	.75	0	25	31.653	1100
oracle	xt-1M-1000-120-1	889	1683	0	1	1	0	25	28.391	1100
oracle	xt-1M-1000-120-1	889	1723	0	1	.25	0	50	18.368	1100
oracle	xt-1M-1000-120-1	889	1763	0	1	.5	0	50	27.304	1100
oracle	xt-1M-1000-120-1	889	1801	0	1	.75	0	50	31.032	1100
oracle	xt-1M-1000-120-1	889	1842	0	1	1	0	50	25.128	1100
oracle	xt-1M-1000-120-1	889	1882	0	1	.25	0	75	18.221	1100
oracle	xt-1M-1000-120-1	889	1902	0	1	.5	0	75	27.309	1100
oracle	xt-1M-1000-120-1	889	1923	0	1	.75	0	75	32.017	1100
oracle	xt-1M-1000-120-1	889	1943	0	1	1	0	75	26.161	1100
oracle	xt-1M-1000-120-1	889	1983	0	1	.25	0	100	17.327	1100
oracle	xt-1M-1000-120-1	889	2022	0	1	.5	0	100	27.292	1100
oracle	xt-1M-1000-120-1	889	2043	0	1	.75	0	100	32.339	1100
oracle	xt-1M-1000-120-1	889	2083	0	1	1	0	100	24.917	1100
oracle	xt-1M-1000-120-1	889	2123	0	1	.25	.01	0	1012.541	1100
oracle	xt-1M-1000-120-1	889	2142	0	1	.5	.01	0	1181.978	200
oracle	xt-1M-1000-120-1	889	2144	0	1	.75	.01	0	1113.797	100
oracle	xt-1M-1000-120-1	889	2147	0	1	1	.01	0	1634.309	1100
oracle	xt-1M-1000-120-1	889	2503	0	1	.25	.1	0	609.374	1100
oracle	xt-1M-1000-120-1	889	2522	0	1	.5	.1	0	1275.552	1100
oracle	xt-1M-1000-120-1	889	2541	0	1	.75	.1	0	736.798	1100
oracle	xt-1M-1000-120-1	889	2561	0	1	1	.1	0	1679.265	400
oracle	xt-1M-1000-120-1	889	4105	0	1	.25	1	0	385.034	1100
oracle	xt-1M-1000-120-1	889	4124	0	1	.5	1	0	1188.262	500
oracle	xt-1M-1000-120-1	889	4125	0	1	.75	1	0	951.103	1100
oracle	xt-1M-1000-120-1	889	4144	0	1	1	1	0	805.461	1100
oracle	xt-1M-1000-120-2	610	401	0	2	.25	0	25	13.158	1100
oracle	xt-1M-1000-120-2	610	422	0	2	.5	0	25	18.566	1100
oracle	xt-1M-1000-120-2	610	462	0	2	.75	0	25	22.851	1100
oracle	xt-1M-1000-120-2	610	482	0	2	1	0	25	21.385	1100
oracle	xt-1M-1000-120-2	610	521	0	2	.25	0	50	12.659	1100
oracle	xt-1M-1000-120-2	610	542	0	2	.5	0	50	18.405	1100
oracle	xt-1M-1000-120-2	610	582	0	2	.75	0	50	21.066	1100
oracle	xt-1M-1000-120-2	610	601	0	2	1	0	50	23.17	1100
oracle	xt-1M-1000-120-2	610	641	0	2	.25	0	75	56.001	100
oracle	xt-1M-1000-120-2	610	662	0	2	.5	0	75	26.49	1100
oracle	xt-1M-1000-120-2	610	702	0	2	.75	0	75	22.458	1100
oracle	xt-1M-1000-120-2	610	741	0	2	1	0	75	23.812	1100
oracle	xt-1M-1000-120-2	610	762	0	2	.25	0	100	13.603	1100
oracle	xt-1M-1000-120-2	610	802	0	2	.5	0	100	20.287	1100
oracle	xt-1M-1000-120-2	610	841	0	2	.75	0	100	23.371	1100
oracle	xt-1M-1000-120-2	610	862	0	2	1	0	100	22.826	1100
oracle	xt-1M-1000-120-2	610	902	0	2	.25	.01	0	669.501	700
oracle	xt-1M-1000-120-2	610	941	0	2	.5	.01	0	1142.167	1100
oracle	xt-1M-1000-120-2	610	962	0	2	.75	.01	0	1137.23	100
oracle	xt-1M-1000-120-2	610	1001	0	2	1	.01	0	1610.682	200
oracle	xt-1M-1000-120-2	610	1441	0	2	.25	.1	0	565.955	800
oracle	xt-1M-1000-120-2	610	1461	0	2	.5	.1	0	188.844	100
oracle	xt-1M-1000-120-2	610	1482	0	2	.75	.1	0	1563.428	300
oracle	xt-1M-1000-120-2	610	1501	0	2	1	.1	0	1213.321	100
oracle	xt-1M-1000-120-2	610	1821	0	2	.25	1	0	610.559	300
oracle	xt-1M-1000-120-2	610	1841	0	2	.5	1	0	2157.939	300
oracle	xt-1M-1000-120-2	610	1861	0	2	.75	1	0	1694.884	500
oracle	xt-1M-1000-120-2	610	1881	0	2	1	1	0	618.375	800
oracle	xt-1M-1000-120-4	809	2203	0	4	.25	0	25	38.546	700
oracle	xt-1M-1000-120-4	809	2222	0	4	.5	0	25	97.656	200
oracle	xt-1M-1000-120-4	809	2224	0	4	.75	0	25	40.951	600
oracle	xt-1M-1000-120-4	809	2225	0	4	1	0	25	43.025	500
oracle	xt-1M-1000-120-4	809	2228	0	4	.25	0	50	42.483	300
oracle	xt-1M-1000-120-4	809	2242	0	4	.5	0	50	84.857	200
oracle	xt-1M-1000-120-4	809	2261	0	4	.75	0	50	46.775	500
oracle	xt-1M-1000-120-4	809	2263	0	4	1	0	50	46.573	500
oracle	xt-1M-1000-120-4	809	2283	0	4	.25	0	75	41.886	300
oracle	xt-1M-1000-120-4	809	2301	0	4	.5	0	75	44.499	700
oracle	xt-1M-1000-120-4	809	2304	0	4	.75	0	75	47.058	500
oracle	xt-1M-1000-120-4	809	2322	0	4	1	0	75	45.426	600
oracle	xt-1M-1000-120-4	809	2323	0	4	.25	0	100	106.902	100
oracle	xt-1M-1000-120-4	809	2326	0	4	.5	0	100	40.793	700
oracle	xt-1M-1000-120-4	809	2342	0	4	.75	0	100	45.486	600
oracle	xt-1M-1000-120-4	809	2344	0	4	1	0	100	43.475	500
oracle	xt-1M-1000-120-4	809	2362	0	4	.25	.01	0	1076.036	700
oracle	xt-1M-1000-120-4	809	2382	0	4	.5	.01	0	6507.83	200
oracle	xt-1M-1000-120-4	809	2384	0	4	.75	.01	0	2708.085	1100
oracle	xt-1M-1000-120-4	809	2387	0	4	1	.01	0	3794.708	500
oracle	xt-1M-1000-120-4	809	3003	0	4	.25	.1	0	1301.136	1100
oracle	xt-1M-1000-120-4	809	3004	0	4	.5	.1	0	1156.064	1100
oracle	xt-1M-1000-120-4	809	3023	0	4	.75	.1	0	3031.736	1100
oracle	xt-1M-1000-120-4	809	3024	0	4	1	.1	0	2292.814	800
oracle	xt-1M-1000-120-4	809	3183	0	4	.25	1	0	756.925	700
oracle	xt-1M-1000-120-4	809	3184	0	4	.5	1	0	1354.452	1100
oracle	xt-1M-1000-120-4	809	3203	0	4	.75	1	0	2073.512	1100
oracle	xt-1M-1000-120-4	809	3204	0	4	1	1	0	6619.327	200
oracle	xt-1M-1000-120-8	1109	3764	0	8	.25	0	25	34.846	100
oracle	xt-1M-1000-120-8	1109	3804	0	8	.5	0	25	71.402	100
oracle	xt-1M-1000-120-8	1109	3806	0	8	.75	0	25	33.746	100
oracle	xt-1M-1000-120-8	1109	3823	0	8	1	0	25	37.355	100
oracle	xt-1M-1000-120-8	1109	3843	0	8	.25	0	50	35.529	100
oracle	xt-1M-1000-120-8	1109	3863	0	8	.5	0	50	36.581	100
oracle	xt-1M-1000-120-8	1109	4164	0	8	.75	0	50	35.876	100
oracle	xt-1M-1000-120-8	1109	4184	0	8	1	0	50	37.089	100
oracle	xt-1M-1000-120-8	1109	4204	0	8	.25	0	75	34.134	100
oracle	xt-1M-1000-120-8	1109	4224	0	8	.5	0	75	36.7	100
oracle	xt-1M-1000-120-8	1109	4244	0	8	.75	0	75	54.754	100
oracle	xt-1M-1000-120-8	1109	4265	0	8	1	0	75	52.21	100
oracle	xt-1M-1000-120-8	1109	4384	0	8	.25	0	100	86.778	100
oracle	xt-1M-1000-120-8	1109	4604	0	8	.5	0	100	42.782	100
oracle	xt-1M-1000-120-8	1109	4625	0	8	.75	0	100	56.77	100
oracle	xt-1M-1000-120-8	1109	4724	0	8	1	0	100	49.822	100
oracle	xt-1M-1000-120-8	1109	4765	0	8	.25	.01	0	985.686	500
oracle	xt-1M-1000-120-8	1109	4805	0	8	.5	.01	0	2365.956	600
oracle	xt-1M-1000-120-8	1109	4824	0	8	.75	.01	0	1785.797	1100
oracle	xt-1M-1000-120-8	1109	4844	0	8	1	.01	0	4902.28	600
oracle	xt-1M-1000-120-8	1109	5205	0	8	.25	.1	0	1009.217	400
oracle	xt-1M-1000-120-8	1109	5245	0	8	.5	.1	0	3591.282	200
oracle	xt-1M-1000-120-8	1109	5284	0	8	.75	.1	0	3055.065	500
oracle	xt-1M-1000-120-8	1109	5304	0	8	1	.1	0	2354.99	600
oracle	xt-1M-1000-120-8	1109	5606	0	8	.25	1	0	1096.88	500
oracle	xt-1M-1000-120-8	1109	5608	0	8	.5	1	0	3354.004	1100
oracle	xt-1M-1000-120-8	1109	5626	0	8	.75	1	0	4109.784	1100
oracle	xt-1M-1000-120-8	1109	5628	0	8	1	1	0	2545.301	300
pgsql	pk-xt-1M-1000-120-1	1129	7207	1	1	.25	0	25	86.03	1100
pgsql	pk-xt-1M-1000-120-1	1129	7246	1	1	.5	0	25	76.988	1100
pgsql	pk-xt-1M-1000-120-1	1129	7286	1	1	.75	0	25	73.903	1100
pgsql	pk-xt-1M-1000-120-1	1129	7306	1	1	1	0	25	84.367	1100
pgsql	pk-xt-1M-1000-120-1	1129	7327	1	1	.25	0	50	70.633	1100
pgsql	pk-xt-1M-1000-120-1	1129	7366	1	1	.5	0	50	63.801	1100
pgsql	pk-xt-1M-1000-120-1	1129	7406	1	1	.75	0	50	58.816	1100
pgsql	pk-xt-1M-1000-120-1	1129	7427	1	1	1	0	50	64.924	1100
pgsql	pk-xt-1M-1000-120-1	1129	7467	1	1	.25	0	75	70.575	1100
pgsql	pk-xt-1M-1000-120-1	1129	7506	1	1	.5	0	75	73.112	1100
pgsql	pk-xt-1M-1000-120-1	1129	7546	1	1	.75	0	75	64.313	1100
pgsql	pk-xt-1M-1000-120-1	1129	7587	1	1	1	0	75	64.567	1100
pgsql	pk-xt-1M-1000-120-1	1129	7627	1	1	.25	0	100	63.21	1100
pgsql	pk-xt-1M-1000-120-1	1129	7666	1	1	.5	0	100	79.895	1100
pgsql	pk-xt-1M-1000-120-1	1129	7686	1	1	.75	0	100	81.216	1100
pgsql	pk-xt-1M-1000-120-1	1129	7706	1	1	1	0	100	76.46	1100
pgsql	pk-xt-1M-1000-120-1	1129	7726	1	1	.25	.01	0	145.078	1100
pgsql	pk-xt-1M-1000-120-1	1129	7747	1	1	.5	.01	0	147.947	1100
pgsql	pk-xt-1M-1000-120-1	1129	7766	1	1	.75	.01	0	145.993	1100
pgsql	pk-xt-1M-1000-120-1	1129	7786	1	1	1	.01	0	142.324	1100
pgsql	pk-xt-1M-1000-120-1	1129	8126	1	1	.25	.1	0	670.417	1100
pgsql	pk-xt-1M-1000-120-1	1129	8146	1	1	.5	.1	0	679.361	1100
pgsql	pk-xt-1M-1000-120-1	1129	8166	1	1	.75	.1	0	641.707	1100
pgsql	pk-xt-1M-1000-120-1	1129	8186	1	1	1	.1	0	616.108	1100
pgsql	pk-xt-1M-1000-120-1	1129	8526	1	1	.25	1	0	5479.933	1100
pgsql	pk-xt-1M-1000-120-1	1129	8547	1	1	.5	1	0	5846.705	1100
pgsql	pk-xt-1M-1000-120-1	1129	8567	1	1	.75	1	0	5673.57	1100
pgsql	pk-xt-1M-1000-120-1	1129	8586	1	1	1	1	0	5396.672	1100
pgsql	pk-xt-1M-1000-120-2	1729	9266	1	2	.25	0	25	67.891	1100
pgsql	pk-xt-1M-1000-120-2	1729	9305	1	2	.5	0	25	90.308	500
pgsql	pk-xt-1M-1000-120-2	1729	9306	1	2	.75	0	25	67.114	1100
pgsql	pk-xt-1M-1000-120-2	1729	9308	1	2	1	0	25	84.309	600
pgsql	pk-xt-1M-1000-120-2	1729	9310	1	2	.25	0	50	63.521	1100
pgsql	pk-xt-1M-1000-120-2	1729	9312	1	2	.5	0	50	79.21	500
pgsql	pk-xt-1M-1000-120-2	1729	9313	1	2	.75	0	50	1.771	1100
pgsql	pk-xt-1M-1000-120-2	1729	9315	1	2	1	0	50	1.723	1100
pgsql	pk-xt-1M-1000-120-2	1729	9317	1	2	.25	0	75	1.711	1100
pgsql	pk-xt-1M-1000-120-2	1729	9319	1	2	.5	0	75	1.696	1100
pgsql	pk-xt-1M-1000-120-2	1729	9321	1	2	.75	0	75	1.665	1100
pgsql	pk-xt-1M-1000-120-2	1729	9323	1	2	1	0	75	1.702	1100
pgsql	pk-xt-1M-1000-120-2	1729	9329	1	2	.25	0	100	1.66	1100
pgsql	pk-xt-1M-1000-120-2	1729	9334	1	2	.5	0	100	1.701	1100
pgsql	pk-xt-1M-1000-120-2	1729	9337	1	2	.75	0	100	1.667	1100
pgsql	pk-xt-1M-1000-120-2	1729	9340	1	2	1	0	100	1.669	1100
pgsql	pk-xt-1M-1000-120-2	1729	9341	1	2	.25	.01	0	1.689	1100
pgsql	pk-xt-1M-1000-120-2	1729	9434	1	2	.5	.01	0	1.672	1100
pgsql	pk-xt-1M-1000-120-2	1729	9436	1	2	.75	.01	0	1.677	1100
pgsql	pk-xt-1M-1000-120-2	1729	9439	1	2	1	.01	0	1.717	1100
pgsql	pk-xt-1M-1000-120-2	1729	9441	1	2	.25	.1	0	1.676	1100
pgsql	pk-xt-1M-1000-120-2	1729	9443	1	2	.5	.1	0	1.703	1100
pgsql	pk-xt-1M-1000-120-2	1729	9445	1	2	.75	.1	0	1.698	1100
pgsql	pk-xt-1M-1000-120-2	1729	9447	1	2	1	.1	0	68372.455	1100
pgsql	pk-xt-1M-1000-120-2	1729	9448	1	2	.25	1	0	68612.907	1100
pgsql	pk-xt-1M-1000-120-2	1729	9450	1	2	.5	1	0	76021.838	1100
pgsql	pk-xt-1M-1000-120-2	1729	9452	1	2	.75	1	0	67048.622	700
pgsql	pk-xt-1M-1000-120-2	1729	9454	1	2	1	1	0	69097.236	1100
pgsql	pk-xt-1M-1000-120-4	1472	8686	1	4	.25	0	25	13.977	1100
pgsql	pk-xt-1M-1000-120-4	1472	8766	1	4	.5	0	25	12.67	700
pgsql	pk-xt-1M-1000-120-4	1472	8806	1	4	.75	0	25	17.868	1100
pgsql	pk-xt-1M-1000-120-4	1472	9413	1	4	1	0	25	17.443	1100
pgsql	pk-xt-1M-1000-120-4	1472	9415	1	4	.25	0	50	11.679	1100
pgsql	pk-xt-1M-1000-120-4	1472	9417	1	4	.5	0	50	14.387	1100
pgsql	pk-xt-1M-1000-120-4	1472	9418	1	4	.75	0	50	15.386	1100
pgsql	pk-xt-1M-1000-120-4	1472	9420	1	4	1	0	50	11.999	1100
pgsql	pk-xt-1M-1000-120-4	1472	9422	1	4	.25	0	75	10.766	1100
pgsql	pk-xt-1M-1000-120-4	1472	9424	1	4	.5	0	75	14.524	1100
pgsql	pk-xt-1M-1000-120-4	1472	9426	1	4	.75	0	75	11.005	600
pgsql	pk-xt-1M-1000-120-4	1472	9427	1	4	1	0	75	18.617	700
pgsql	pk-xt-1M-1000-120-4	1472	9429	1	4	.25	0	100	47.103	100
pgsql	pk-xt-1M-1000-120-4	1472	9431	1	4	.5	0	100	21.814	700
pgsql	pk-xt-1M-1000-120-4	1472	9433	1	4	.75	0	100	39.403	100
pgsql	pk-xt-1M-1000-120-4	1472	9435	1	4	1	0	100	18.06	500
pgsql	pk-xt-1M-1000-120-4	1472	9438	1	4	.25	.01	0	67.365	600
pgsql	pk-xt-1M-1000-120-4	1472	9440	1	4	.5	.01	0	203.19	100
pgsql	pk-xt-1M-1000-120-4	1472	9442	1	4	.75	.01	0	34.366	600
pgsql	pk-xt-1M-1000-120-4	1472	9444	1	4	1	.01	0	75.59	300
pgsql	pk-xt-1M-1000-120-4	1472	9446	1	4	.25	.1	0	109.795	1100
pgsql	pk-xt-1M-1000-120-4	1472	9449	1	4	.5	.1	0	148.616	700
pgsql	pk-xt-1M-1000-120-4	1472	9451	1	4	.75	.1	0	236.224	600
pgsql	pk-xt-1M-1000-120-4	1472	9453	1	4	1	.1	0	124.089	800
pgsql	pk-xt-1M-1000-120-4	1472	9455	1	4	.25	1	0	1625.209	1100
pgsql	pk-xt-1M-1000-120-4	1472	9456	1	4	.5	1	0	1593.984	800
pgsql	pk-xt-1M-1000-120-4	1472	9457	1	4	.75	1	0	3082.094	500
pgsql	pk-xt-1M-1000-120-4	1472	9458	1	4	1	1	0	2374.428	500
pgsql	pk-xt-1M-1000-120-8	1749	9295	1	8	.25	0	25	18.404	400
pgsql	pk-xt-1M-1000-120-8	1749	9304	1	8	.5	0	25	96.39	300
pgsql	pk-xt-1M-1000-120-8	1749	9307	1	8	.75	0	25	12.971	400
pgsql	pk-xt-1M-1000-120-8	1749	9309	1	8	1	0	25	72.259	100
pgsql	pk-xt-1M-1000-120-8	1749	9311	1	8	.25	0	50	14.209	400
pgsql	pk-xt-1M-1000-120-8	1749	9314	1	8	.5	0	50	87.257	500
pgsql	pk-xt-1M-1000-120-8	1749	9316	1	8	.75	0	50	137.294	100
pgsql	pk-xt-1M-1000-120-8	1749	9318	1	8	1	0	50	11.382	400
pgsql	pk-xt-1M-1000-120-8	1749	9320	1	8	.25	0	75	10.992	500
pgsql	pk-xt-1M-1000-120-8	1749	9322	1	8	.5	0	75	17.592	200
pgsql	pk-xt-1M-1000-120-8	1749	9328	1	8	.75	0	75	53.323	200
pgsql	pk-xt-1M-1000-120-8	1749	9336	1	8	1	0	75	152.563	100
pgsql	pk-xt-1M-1000-120-8	1749	9339	1	8	.25	0	100	116.372	500
pgsql	pk-xt-1M-1000-120-8	1749	9348	1	8	.5	0	100	157.306	400
pgsql	pk-xt-1M-1000-120-8	1749	9353	1	8	.75	0	100	948.386	100
pgsql	pk-xt-1M-1000-120-8	1749	9355	1	8	1	0	100	14.02	500
pgsql	pk-xt-1M-1000-120-8	1749	9409	1	8	.25	.01	0	18759.715	1100
pgsql	pk-xt-1M-1000-120-8	1749	9412	1	8	.5	.01	0	13348.586	1100
pgsql	pk-xt-1M-1000-120-8	1749	9414	1	8	.75	.01	0	9714.625	1100
pgsql	pk-xt-1M-1000-120-8	1749	9416	1	8	1	.01	0	30872.762	1100
pgsql	pk-xt-1M-1000-120-8	1749	9419	1	8	.25	.1	0	31896.018	1100
pgsql	pk-xt-1M-1000-120-8	1749	9421	1	8	.5	.1	0	31544.043	1100
pgsql	pk-xt-1M-1000-120-8	1749	9423	1	8	.75	.1	0	31288.577	1100
pgsql	pk-xt-1M-1000-120-8	1749	9425	1	8	1	.1	0	30858.342	1100
pgsql	pk-xt-1M-1000-120-8	1749	9428	1	8	.25	1	0	32584.443	1100
pgsql	pk-xt-1M-1000-120-8	1749	9430	1	8	.5	1	0	32112.112	1100
pgsql	pk-xt-1M-1000-120-8	1749	9432	1	8	.75	1	0	31736.763	1100
pgsql	pk-xt-1M-1000-120-8	1749	9437	1	8	1	1	0	31310.42	1100
pgsql	xt-1M-1000-120-1	969	1602	0	1	.25	0	25	86.855	600
pgsql	xt-1M-1000-120-1	969	1623	0	1	.5	0	25	89.887	200
pgsql	xt-1M-1000-120-1	969	1661	0	1	.75	0	25	104.067	100
pgsql	xt-1M-1000-120-1	969	1683	0	1	1	0	25	95.38	200
pgsql	xt-1M-1000-120-1	969	1723	0	1	.25	0	50	73.437	100
pgsql	xt-1M-1000-120-1	969	1763	0	1	.5	0	50	54.758	100
pgsql	xt-1M-1000-120-1	969	1801	0	1	.75	0	50	110.607	100
pgsql	xt-1M-1000-120-1	969	1842	0	1	1	0	50	106.371	100
pgsql	xt-1M-1000-120-1	969	1882	0	1	.25	0	75	71.357	100
pgsql	xt-1M-1000-120-1	969	1902	0	1	.5	0	75	39.266	100
pgsql	xt-1M-1000-120-1	969	1923	0	1	.75	0	75	75.868	100
pgsql	xt-1M-1000-120-1	969	1943	0	1	1	0	75	59	100
pgsql	xt-1M-1000-120-1	969	1983	0	1	.25	0	100	112.57	400
pgsql	xt-1M-1000-120-1	969	2022	0	1	.5	0	100	89.898	200
pgsql	xt-1M-1000-120-1	969	2043	0	1	.75	0	100	129.794	100
pgsql	xt-1M-1000-120-1	969	2083	0	1	1	0	100	39.824	100
pgsql	xt-1M-1000-120-1	969	2123	0	1	.25	.01	0	53701.818	1100
pgsql	xt-1M-1000-120-1	969	2142	0	1	.5	.01	0	40132.63	1100
pgsql	xt-1M-1000-120-1	969	2144	0	1	.75	.01	0	53483.795	1100
pgsql	xt-1M-1000-120-1	969	2147	0	1	1	.01	0	47736.701	1100
pgsql	xt-1M-1000-120-1	969	2503	0	1	.25	.1	0	52256.985	1100
pgsql	xt-1M-1000-120-1	969	2522	0	1	.5	.1	0	52182.922	1100
pgsql	xt-1M-1000-120-1	969	2541	0	1	.75	.1	0	49867.575	1100
pgsql	xt-1M-1000-120-1	969	2561	0	1	1	.1	0	51851.579	1100
pgsql	xt-1M-1000-120-1	969	4105	0	1	.25	1	0	59400.421	1100
pgsql	xt-1M-1000-120-1	969	4124	0	1	.5	1	0	57997.864	1100
pgsql	xt-1M-1000-120-1	969	4125	0	1	.75	1	0	55352.009	1100
pgsql	xt-1M-1000-120-1	969	4144	0	1	1	1	0	57157.258	800
pgsql	xt-1M-1000-120-2	709	401	0	2	.25	0	25	39.937	200
pgsql	xt-1M-1000-120-2	709	422	0	2	.5	0	25	34.664	200
pgsql	xt-1M-1000-120-2	709	462	0	2	.75	0	25	31.39	200
pgsql	xt-1M-1000-120-2	709	482	0	2	1	0	25	26.175	400
pgsql	xt-1M-1000-120-2	709	521	0	2	.25	0	50	27.529	200
pgsql	xt-1M-1000-120-2	709	542	0	2	.5	0	50	39.31	300
pgsql	xt-1M-1000-120-2	709	582	0	2	.75	0	50	46.789	400
pgsql	xt-1M-1000-120-2	709	601	0	2	1	0	50	24.413	600
pgsql	xt-1M-1000-120-2	709	641	0	2	.25	0	75	32.431	400
pgsql	xt-1M-1000-120-2	709	662	0	2	.5	0	75	8.166	1100
pgsql	xt-1M-1000-120-2	709	702	0	2	.75	0	75	31.734	200
pgsql	xt-1M-1000-120-2	709	741	0	2	1	0	75	39.612	200
pgsql	xt-1M-1000-120-2	709	762	0	2	.25	0	100	25.15	300
pgsql	xt-1M-1000-120-2	709	802	0	2	.5	0	100	22.415	200
pgsql	xt-1M-1000-120-2	709	841	0	2	.75	0	100	33.823	300
pgsql	xt-1M-1000-120-2	709	862	0	2	1	0	100	41.531	200
pgsql	xt-1M-1000-120-2	709	902	0	2	.25	.01	0	91831.471	1100
pgsql	xt-1M-1000-120-2	709	941	0	2	.5	.01	0	73694.544	500
pgsql	xt-1M-1000-120-2	709	962	0	2	.75	.01	0	84213.759	1100
pgsql	xt-1M-1000-120-2	709	1001	0	2	1	.01	0	74473.001	100
pgsql	xt-1M-1000-120-2	709	1441	0	2	.25	.1	0	67902.174	200
pgsql	xt-1M-1000-120-2	709	1461	0	2	.5	.1	0	72265.57	200
pgsql	xt-1M-1000-120-2	709	1482	0	2	.75	.1	0	72153.426	200
pgsql	xt-1M-1000-120-2	709	1501	0	2	1	.1	0	68240.2	200
pgsql	xt-1M-1000-120-2	709	1821	0	2	.25	1	0	68769.268	200
pgsql	xt-1M-1000-120-2	709	1841	0	2	.5	1	0	67878.204	200
pgsql	xt-1M-1000-120-2	709	1861	0	2	.75	1	0	68200.617	200
pgsql	xt-1M-1000-120-2	709	1881	0	2	1	1	0	70596.087	200
pgsql	xt-1M-1000-120-4	749	2203	0	4	.25	0	25	14.596	700
pgsql	xt-1M-1000-120-4	749	2222	0	4	.5	0	25	14.45	1100
pgsql	xt-1M-1000-120-4	749	2224	0	4	.75	0	25	12.722	200
pgsql	xt-1M-1000-120-4	749	2225	0	4	1	0	25	11.283	100
pgsql	xt-1M-1000-120-4	749	2228	0	4	.25	0	50	8.147	100
pgsql	xt-1M-1000-120-4	749	2242	0	4	.5	0	50	6.871	100
pgsql	xt-1M-1000-120-4	749	2261	0	4	.75	0	50	12.148	200
pgsql	xt-1M-1000-120-4	749	2263	0	4	1	0	50	7.062	100
pgsql	xt-1M-1000-120-4	749	2283	0	4	.25	0	75	7.528	300
pgsql	xt-1M-1000-120-4	749	2301	0	4	.5	0	75	6.371	200
pgsql	xt-1M-1000-120-4	749	2304	0	4	.75	0	75	8.848	600
pgsql	xt-1M-1000-120-4	749	2322	0	4	1	0	75	5.843	300
pgsql	xt-1M-1000-120-4	749	2323	0	4	.25	0	100	4.633	100
pgsql	xt-1M-1000-120-4	749	2326	0	4	.5	0	100	6.143	100
pgsql	xt-1M-1000-120-4	749	2342	0	4	.75	0	100	5.064	100
pgsql	xt-1M-1000-120-4	749	2344	0	4	1	0	100	3.757	800
pgsql	xt-1M-1000-120-4	749	2362	0	4	.25	.01	0	54641.336	200
pgsql	xt-1M-1000-120-4	749	2382	0	4	.5	.01	0	34572.59	1100
pgsql	xt-1M-1000-120-4	749	2384	0	4	.75	.01	0	43308.814	100
pgsql	xt-1M-1000-120-4	749	2387	0	4	1	.01	0	36507.261	100
pgsql	xt-1M-1000-120-4	749	3003	0	4	.25	.1	0	48113.01	100
pgsql	xt-1M-1000-120-4	749	3004	0	4	.5	.1	0	43083.647	100
pgsql	xt-1M-1000-120-4	749	3023	0	4	.75	.1	0	29914.254	100
pgsql	xt-1M-1000-120-4	749	3024	0	4	1	.1	0	35353.37	100
pgsql	xt-1M-1000-120-4	749	3183	0	4	.25	1	0	33763.887	100
pgsql	xt-1M-1000-120-4	749	3184	0	4	.5	1	0	39628.825	100
pgsql	xt-1M-1000-120-4	749	3203	0	4	.75	1	0	32772.784	100
pgsql	xt-1M-1000-120-4	749	3204	0	4	1	1	0	31882.295	100
pgsql	xt-1M-1000-120-8	829	3764	0	8	.25	0	25	5.036	200
pgsql	xt-1M-1000-120-8	829	3804	0	8	.5	0	25	6.284	400
pgsql	xt-1M-1000-120-8	829	3806	0	8	.75	0	25	3.635	600
pgsql	xt-1M-1000-120-8	829	3823	0	8	1	0	25	4.474	200
pgsql	xt-1M-1000-120-8	829	3843	0	8	.25	0	50	4.397	200
pgsql	xt-1M-1000-120-8	829	3863	0	8	.5	0	50	9.698	400
pgsql	xt-1M-1000-120-8	829	4164	0	8	.75	0	50	7.631	200
pgsql	xt-1M-1000-120-8	829	4184	0	8	1	0	50	7.036	200
pgsql	xt-1M-1000-120-8	829	4204	0	8	.25	0	75	5.801	200
pgsql	xt-1M-1000-120-8	829	4224	0	8	.5	0	75	4.77	200
pgsql	xt-1M-1000-120-8	829	4244	0	8	.75	0	75	6.292	100
pgsql	xt-1M-1000-120-8	829	4265	0	8	1	0	75	6.592	200
pgsql	xt-1M-1000-120-8	829	4384	0	8	.25	0	100	8.863	1100
pgsql	xt-1M-1000-120-8	829	4604	0	8	.5	0	100	13.003	1100
pgsql	xt-1M-1000-120-8	829	4625	0	8	.75	0	100	7.58	200
pgsql	xt-1M-1000-120-8	829	4724	0	8	1	0	100	15.533	400
pgsql	xt-1M-1000-120-8	829	4765	0	8	.25	.01	0	36708.363	600
pgsql	xt-1M-1000-120-8	829	4805	0	8	.5	.01	0	25670.227	500
pgsql	xt-1M-1000-120-8	829	4824	0	8	.75	.01	0	45655.141	600
pgsql	xt-1M-1000-120-8	829	4844	0	8	1	.01	0	47563.684	1100
pgsql	xt-1M-1000-120-8	829	5205	0	8	.25	.1	0	27497.032	500
pgsql	xt-1M-1000-120-8	829	5245	0	8	.5	.1	0	48507.264	800
pgsql	xt-1M-1000-120-8	829	5284	0	8	.75	.1	0	36408.739	700
pgsql	xt-1M-1000-120-8	829	5304	0	8	1	.1	0	26140.733	500
pgsql	xt-1M-1000-120-8	829	5606	0	8	.25	1	0	40065.587	100
pgsql	xt-1M-1000-120-8	829	5608	0	8	.5	1	0	29578.52	200
pgsql	xt-1M-1000-120-8	829	5626	0	8	.75	1	0	39904.648	100
pgsql	xt-1M-1000-120-8	829	5628	0	8	1	1	0	20093.275	100
sqlserver	pk-xt-30K-1000-120-1	869	4425	1	1	.25	0	25	33998.574	600
sqlserver	pk-xt-30K-1000-120-1	869	4426	1	1	.5	0	25	35449.852	600
sqlserver	pk-xt-30K-1000-120-1	869	4444	1	1	.75	0	25	37336.09	600
sqlserver	pk-xt-30K-1000-120-1	869	4445	1	1	1	0	25	36596.864	600
sqlserver	pk-xt-30K-1000-120-1	869	4464	1	1	.25	0	50	36728.205	600
sqlserver	pk-xt-30K-1000-120-1	869	4465	1	1	.5	0	50	34579.072	600
sqlserver	pk-xt-30K-1000-120-1	869	4484	1	1	.75	0	50	35802.125	600
sqlserver	pk-xt-30K-1000-120-1	869	4486	1	1	1	0	50	35860.093	600
sqlserver	pk-xt-30K-1000-120-1	869	4504	1	1	.25	0	75	36952.935	600
sqlserver	pk-xt-30K-1000-120-1	869	4505	1	1	.5	0	75	35240.282	700
sqlserver	pk-xt-30K-1000-120-1	869	4524	1	1	.75	0	75	37151.829	600
sqlserver	pk-xt-30K-1000-120-1	869	4525	1	1	1	0	75	38746.472	600
sqlserver	pk-xt-30K-1000-120-1	869	4544	1	1	.25	0	100	37299.426	600
sqlserver	pk-xt-30K-1000-120-1	869	4545	1	1	.5	0	100	35748.977	600
sqlserver	pk-xt-30K-1000-120-1	869	4564	1	1	.75	0	100	36919.689	600
sqlserver	pk-xt-30K-1000-120-1	869	4565	1	1	1	0	100	37238.135	600
sqlserver	pk-xt-30K-1000-120-1	869	4584	1	1	.25	.01	0	14603.641	700
sqlserver	pk-xt-30K-1000-120-1	869	4585	1	1	.5	.01	0	15960.756	700
sqlserver	pk-xt-30K-1000-120-1	869	4624	1	1	.75	.01	0	11555.812	600
sqlserver	pk-xt-30K-1000-120-1	869	4626	1	1	1	.01	0	9299.981	1100
sqlserver	pk-xt-30K-1000-120-1	869	4804	1	1	.25	.1	0	15599.728	600
sqlserver	pk-xt-30K-1000-120-1	869	4806	1	1	.5	.1	0	13105.043	600
sqlserver	pk-xt-30K-1000-120-1	869	4825	1	1	.75	.1	0	17825.285	600
sqlserver	pk-xt-30K-1000-120-1	869	4845	1	1	1	.1	0	13791.328	800
sqlserver	pk-xt-30K-1000-120-1	869	5066	1	1	.25	1	0	15960.818	600
sqlserver	pk-xt-30K-1000-120-1	869	5085	1	1	.5	1	0	16005.223	600
sqlserver	pk-xt-30K-1000-120-1	869	5105	1	1	.75	1	0	14040.899	600
sqlserver	pk-xt-30K-1000-120-1	869	5125	1	1	1	1	0	14211.938	600
sqlserver	pk-xt-30K-1000-120-2	1110	7026	1	2	.25	0	25	221.925	700
sqlserver	pk-xt-30K-1000-120-2	1110	7046	1	2	.5	0	25	206.757	700
sqlserver	pk-xt-30K-1000-120-2	1110	7066	1	2	.75	0	25	236.568	700
sqlserver	pk-xt-30K-1000-120-2	1110	7086	1	2	1	0	25	214.919	700
sqlserver	pk-xt-30K-1000-120-2	1110	7106	1	2	.25	0	50	145.72	600
sqlserver	pk-xt-30K-1000-120-2	1110	7126	1	2	.5	0	50	105.553	400
sqlserver	pk-xt-30K-1000-120-2	1110	7146	1	2	.75	0	50	118.216	700
sqlserver	pk-xt-30K-1000-120-2	1110	7166	1	2	1	0	50	130.353	200
sqlserver	pk-xt-30K-1000-120-2	1110	7186	1	2	.25	0	75	97.43	100
sqlserver	pk-xt-30K-1000-120-2	1110	7206	1	2	.5	0	75	99.389	100
sqlserver	pk-xt-30K-1000-120-2	1110	7226	1	2	.75	0	75	111.569	300
sqlserver	pk-xt-30K-1000-120-2	1110	7266	1	2	1	0	75	156.971	100
sqlserver	pk-xt-30K-1000-120-2	1110	7287	1	2	.25	0	100	92.707	600
sqlserver	pk-xt-30K-1000-120-2	1110	7307	1	2	.5	0	100	92.114	400
sqlserver	pk-xt-30K-1000-120-2	1110	7326	1	2	.75	0	100	105.512	600
sqlserver	pk-xt-30K-1000-120-2	1110	7346	1	2	1	0	100	100.378	400
sqlserver	pk-xt-30K-1000-120-2	1110	7386	1	2	.25	.01	0	109.197	100
sqlserver	pk-xt-30K-1000-120-2	1110	7407	1	2	.5	.01	0	119.696	100
sqlserver	pk-xt-30K-1000-120-2	1110	7426	1	2	.75	.01	0	114.898	100
sqlserver	pk-xt-30K-1000-120-2	1110	7446	1	2	1	.01	0	109.1	100
sqlserver	pk-xt-30K-1000-120-4	1232	8347	1	4	.25	0	25	42.611	700
sqlserver	pk-xt-30K-1000-120-4	1232	8446	1	4	.5	0	25	56.297	700
sqlserver	pk-xt-30K-1000-120-4	1232	8467	1	4	.75	0	25	48.737	700
sqlserver	pk-xt-30K-1000-120-4	1232	8506	1	4	1	0	25	66.287	700
sqlserver	pk-xt-30K-1000-120-4	1232	8546	1	4	.25	0	50	52.428	700
sqlserver	pk-xt-30K-1000-120-4	1232	8566	1	4	.5	0	50	73.97	700
sqlserver	pk-xt-30K-1000-120-4	1232	8587	1	4	.75	0	50	86.02	700
sqlserver	pk-xt-30K-1000-120-4	1232	8626	1	4	1	0	50	79.241	700
sqlserver	pk-xt-30K-1000-120-4	1232	8666	1	4	.25	0	75	75.912	700
sqlserver	pk-xt-30K-1000-120-4	1232	8826	1	4	.5	0	75	90.697	700
sqlserver	pk-xt-30K-1000-120-4	1232	8846	1	4	.75	0	75	88.275	700
sqlserver	pk-xt-30K-1000-120-4	1232	8866	1	4	1	0	75	97.061	700
sqlserver	pk-xt-30K-1000-120-4	1232	8886	1	4	.25	0	100	85.113	700
sqlserver	pk-xt-30K-1000-120-4	1232	8906	1	4	.5	0	100	85.533	700
sqlserver	pk-xt-30K-1000-120-4	1232	8926	1	4	.75	0	100	85.485	700
sqlserver	pk-xt-30K-1000-120-4	1232	8946	1	4	1	0	100	93.296	700
sqlserver	pk-xt-30K-1000-120-4	1232	8966	1	4	.25	.01	0	55.409	1100
sqlserver	pk-xt-30K-1000-120-4	1232	8986	1	4	.5	.01	0	55.661	1100
sqlserver	pk-xt-30K-1000-120-4	1232	9006	1	4	.75	.01	0	55.744	1100
sqlserver	pk-xt-30K-1000-120-4	1232	9026	1	4	1	.01	0	56.847	1100
sqlserver	pk-xt-30K-1000-120-4	1232	9046	1	4	.25	.1	0	57.394	1100
sqlserver	pk-xt-30K-1000-120-4	1232	9067	1	4	.5	.1	0	55.917	1100
sqlserver	pk-xt-30K-1000-120-4	1232	9086	1	4	.75	.1	0	55.815	1100
sqlserver	pk-xt-30K-1000-120-4	1232	9106	1	4	1	.1	0	55.69	1100
sqlserver	pk-xt-30K-1000-120-4	1232	9126	1	4	.25	1	0	55.571	1100
sqlserver	pk-xt-30K-1000-120-4	1232	9146	1	4	.5	1	0	55.471	1100
sqlserver	pk-xt-30K-1000-120-4	1232	9166	1	4	.75	1	0	55.591	1100
sqlserver	pk-xt-30K-1000-120-4	1232	9186	1	4	1	1	0	55.588	1100
sqlserver	pk-xt-30K-1000-120-8	1649	9398	1	8	.25	0	25	40.301	1100
sqlserver	pk-xt-30K-1000-120-8	1649	9399	1	8	.5	0	25	38.943	1100
sqlserver	pk-xt-30K-1000-120-8	1649	9400	1	8	.75	0	25	36.863	1100
sqlserver	pk-xt-30K-1000-120-8	1649	9401	1	8	1	0	25	66.653	1100
sqlserver	pk-xt-30K-1000-120-8	1649	9402	1	8	.25	0	50	39.527	1100
sqlserver	pk-xt-30K-1000-120-8	1649	9403	1	8	.5	0	50	43.744	500
sqlserver	pk-xt-30K-1000-120-8	1649	9404	1	8	.75	0	50	56.383	1100
sqlserver	pk-xt-30K-1000-120-8	1649	9405	1	8	1	0	50	68.446	800
sqlserver	pk-xt-30K-1000-120-8	1649	9406	1	8	.25	0	75	40.47	800
sqlserver	pk-xt-30K-1000-120-8	1649	9407	1	8	.5	0	75	44.284	800
sqlserver	pk-xt-30K-1000-120-8	1649	9408	1	8	.75	0	75	49.201	1100
sqlserver	pk-xt-30K-1000-120-8	1649	9410	1	8	1	0	75	56.885	800
sqlserver	pk-xt-30K-1000-120-8	1649	9411	1	8	.25	0	100	33.479	500
sqlserver	pk-xt-30K-1000-120-8	1649	9459	1	8	.5	0	100	42.365	800
sqlserver	pk-xt-30K-1000-120-8	1649	9460	1	8	.75	0	100	47.119	800
sqlserver	pk-xt-30K-1000-120-8	1649	9461	1	8	1	0	100	51.937	800
sqlserver	pk-xt-30K-1000-120-8	1649	9462	1	8	.25	.01	0	83.87	1100
sqlserver	pk-xt-30K-1000-120-8	1649	9463	1	8	.5	.01	0	83.355	1100
sqlserver	pk-xt-30K-1000-120-8	1649	9464	1	8	.75	.01	0	83.557	1100
sqlserver	pk-xt-30K-1000-120-8	1649	9465	1	8	1	.01	0	83.881	1100
sqlserver	pk-xt-30K-1000-120-8	1649	9466	1	8	.25	.1	0	84.5	1100
sqlserver	pk-xt-30K-1000-120-8	1649	9467	1	8	.5	.1	0	83.986	1100
sqlserver	pk-xt-30K-1000-120-8	1649	9468	1	8	.75	.1	0	84.335	400
sqlserver	pk-xt-30K-1000-120-8	1649	9469	1	8	1	.1	0	83.376	1100
sqlserver	pk-xt-30K-1000-120-8	1649	9470	1	8	.25	1	0	84.139	1100
sqlserver	pk-xt-30K-1000-120-8	1649	9471	1	8	.5	1	0	77.668	1100
sqlserver	pk-xt-30K-1000-120-8	1649	9472	1	8	.75	1	0	84.79	1100
sqlserver	pk-xt-30K-1000-120-8	1649	9473	1	8	1	1	0	85.25	1100
sqlserver	xt-30K-1000-120-1	611	41	0	1	.25	0	25	31747.49	700
sqlserver	xt-30K-1000-120-1	611	42	0	1	.5	0	25	33148.78	600
sqlserver	xt-30K-1000-120-1	611	61	0	1	.75	0	25	35891.665	600
sqlserver	xt-30K-1000-120-1	611	62	0	1	1	0	25	33440.01	600
sqlserver	xt-30K-1000-120-1	611	81	0	1	.25	0	50	33067.382	600
sqlserver	xt-30K-1000-120-1	611	101	0	1	.5	0	50	36787.584	600
sqlserver	xt-30K-1000-120-1	611	121	0	1	.75	0	50	36229.681	600
sqlserver	xt-30K-1000-120-1	611	141	0	1	1	0	50	39633.945	600
sqlserver	xt-30K-1000-120-1	611	142	0	1	.25	0	75	35401.351	600
sqlserver	xt-30K-1000-120-1	611	143	0	1	.5	0	75	34347.565	600
sqlserver	xt-30K-1000-120-1	611	161	0	1	.75	0	75	35888.16	600
sqlserver	xt-30K-1000-120-1	611	162	0	1	1	0	75	40724.447	600
sqlserver	xt-30K-1000-120-1	611	181	0	1	.25	0	100	34564.907	600
sqlserver	xt-30K-1000-120-1	611	182	0	1	.5	0	100	35179.185	600
sqlserver	xt-30K-1000-120-1	611	201	0	1	.75	0	100	35952.872	600
sqlserver	xt-30K-1000-120-1	611	221	0	1	1	0	100	35763.526	600
sqlserver	xt-30K-1000-120-1	611	222	0	1	.25	.01	0	14178.856	700
sqlserver	xt-30K-1000-120-1	611	241	0	1	.5	.01	0	12699.893	700
sqlserver	xt-30K-1000-120-1	611	261	0	1	.75	.01	0	13056.254	600
sqlserver	xt-30K-1000-120-1	611	281	0	1	1	.01	0	12511.124	600
sqlserver	xt-30K-1000-120-1	611	583	0	1	.25	.1	0	16723.191	700
sqlserver	xt-30K-1000-120-1	611	602	0	1	.5	.1	0	13051.51	700
sqlserver	xt-30K-1000-120-1	611	621	0	1	.75	.1	0	10201.627	700
sqlserver	xt-30K-1000-120-1	611	642	0	1	1	.1	0	15759.882	600
sqlserver	xt-30K-1000-120-1	611	981	0	1	.25	1	0	13536.982	600
sqlserver	xt-30K-1000-120-1	611	1002	0	1	.5	1	0	14970.409	600
sqlserver	xt-30K-1000-120-1	611	1022	0	1	.75	1	0	14649.729	700
sqlserver	xt-30K-1000-120-1	611	1041	0	1	1	1	0	14490.885	700
sqlserver	xt-30K-1000-120-2	989	6066	0	2	.25	0	25	146.603	700
sqlserver	xt-30K-1000-120-2	989	6086	0	2	.5	0	25	97.831	700
sqlserver	xt-30K-1000-120-2	989	6106	0	2	.75	0	25	108.022	300
sqlserver	xt-30K-1000-120-2	989	6107	0	2	1	0	25	110.182	700
sqlserver	xt-30K-1000-120-2	989	6126	0	2	.25	0	50	103.436	600
sqlserver	xt-30K-1000-120-2	989	6146	0	2	.5	0	50	176.456	700
sqlserver	xt-30K-1000-120-2	989	6166	0	2	.75	0	50	208.785	700
sqlserver	xt-30K-1000-120-2	989	6167	0	2	1	0	50	210.074	700
sqlserver	xt-30K-1000-120-2	989	6186	0	2	.25	0	75	188.155	700
sqlserver	xt-30K-1000-120-2	989	6188	0	2	.5	0	75	196.075	700
sqlserver	xt-30K-1000-120-2	989	6206	0	2	.75	0	75	185.539	700
sqlserver	xt-30K-1000-120-2	989	6226	0	2	1	0	75	192.55	700
sqlserver	xt-30K-1000-120-2	989	6246	0	2	.25	0	100	171.829	800
sqlserver	xt-30K-1000-120-2	989	6247	0	2	.5	0	100	115.29	300
sqlserver	xt-30K-1000-120-2	989	6266	0	2	.75	0	100	117.028	700
sqlserver	xt-30K-1000-120-2	989	6267	0	2	1	0	100	134.098	100
sqlserver	xt-30K-1000-120-2	989	6286	0	2	.25	.01	0	111.532	200
sqlserver	xt-30K-1000-120-2	989	6287	0	2	.5	.01	0	111.572	200
sqlserver	xt-30K-1000-120-2	989	6306	0	2	.75	.01	0	108.606	100
sqlserver	xt-30K-1000-120-2	989	6307	0	2	1	.01	0	107.375	100
sqlserver	xt-30K-1000-120-2	989	6486	0	2	.25	.1	0	107.6	200
sqlserver	xt-30K-1000-120-2	989	6487	0	2	.5	.1	0	107.531	1100
sqlserver	xt-30K-1000-120-2	989	6506	0	2	.75	.1	0	109.451	200
sqlserver	xt-30K-1000-120-2	989	6507	0	2	1	.1	0	108.079	100
sqlserver	xt-30K-1000-120-2	989	6726	0	2	.25	1	0	108.866	100
sqlserver	xt-30K-1000-120-2	989	6727	0	2	.5	1	0	109.327	200
sqlserver	xt-30K-1000-120-2	989	6728	0	2	.75	1	0	97.743	300
sqlserver	xt-30K-1000-120-2	989	6746	0	2	1	1	0	105.248	1100
sqlserver	xt-30K-1000-120-4	1469	7746	0	4	.25	0	25	71.405	700
sqlserver	xt-30K-1000-120-4	1469	9345	0	4	.5	0	25	79.122	700
sqlserver	xt-30K-1000-120-4	1469	9346	0	4	.75	0	25	84.07	600
sqlserver	xt-30K-1000-120-4	1469	9347	0	4	1	0	25	81.636	700
sqlserver	xt-30K-1000-120-4	1469	9349	0	4	.25	0	50	73.437	700
sqlserver	xt-30K-1000-120-4	1469	9350	0	4	.5	0	50	75.73	800
sqlserver	xt-30K-1000-120-4	1469	9351	0	4	.75	0	50	73.533	700
sqlserver	xt-30K-1000-120-4	1469	9352	0	4	1	0	50	82.559	700
sqlserver	xt-30K-1000-120-4	1469	9354	0	4	.25	0	75	77.728	700
sqlserver	xt-30K-1000-120-4	1469	9356	0	4	.5	0	75	72.658	700
sqlserver	xt-30K-1000-120-4	1469	9366	0	4	.75	0	75	74.008	700
sqlserver	xt-30K-1000-120-4	1469	9367	0	4	1	0	75	74.783	700
sqlserver	xt-30K-1000-120-4	1469	9368	0	4	.25	0	100	73.692	600
sqlserver	xt-30K-1000-120-4	1469	9369	0	4	.5	0	100	78.605	700
sqlserver	xt-30K-1000-120-4	1469	9370	0	4	.75	0	100	73.443	700
sqlserver	xt-30K-1000-120-4	1469	9371	0	4	1	0	100	79.389	700
sqlserver	xt-30K-1000-120-4	1469	9372	0	4	.25	.01	0	59.332	1100
sqlserver	xt-30K-1000-120-4	1469	9387	0	4	.5	.01	0	58.291	1100
sqlserver	xt-30K-1000-120-4	1469	9388	0	4	.75	.01	0	59.044	1100
sqlserver	xt-30K-1000-120-4	1469	9389	0	4	1	.01	0	59.012	1100
sqlserver	xt-30K-1000-120-4	1469	9390	0	4	.25	.1	0	59.684	1100
sqlserver	xt-30K-1000-120-4	1469	9391	0	4	.5	.1	0	58.237	1100
sqlserver	xt-30K-1000-120-4	1469	9392	0	4	.75	.1	0	58.843	1100
sqlserver	xt-30K-1000-120-4	1469	9393	0	4	1	.1	0	58.765	1100
sqlserver	xt-30K-1000-120-4	1469	9394	0	4	.25	1	0	59.311	1100
sqlserver	xt-30K-1000-120-4	1469	9395	0	4	.5	1	0	58.907	1100
sqlserver	xt-30K-1000-120-4	1469	9396	0	4	.75	1	0	58.799	1100
sqlserver	xt-30K-1000-120-4	1469	9397	0	4	1	1	0	61.022	1100
sqlserver	xt-30K-1000-120-8	1769	9286	0	8	.25	0	25	62.15	800
sqlserver	xt-30K-1000-120-8	1769	9287	0	8	.5	0	25	71.036	800
sqlserver	xt-30K-1000-120-8	1769	9288	0	8	.75	0	25	68.293	800
sqlserver	xt-30K-1000-120-8	1769	9289	0	8	1	0	25	68.92	1100
sqlserver	xt-30K-1000-120-8	1769	9290	0	8	.25	0	50	61.498	1100
sqlserver	xt-30K-1000-120-8	1769	9291	0	8	.5	0	50	68.113	1100
sqlserver	xt-30K-1000-120-8	1769	9292	0	8	.75	0	50	68.019	1100
sqlserver	xt-30K-1000-120-8	1769	9293	0	8	1	0	50	66.956	800
sqlserver	xt-30K-1000-120-8	1769	9294	0	8	.25	0	75	65.012	800
sqlserver	xt-30K-1000-120-8	1769	9296	0	8	.5	0	75	67.973	1100
sqlserver	xt-30K-1000-120-8	1769	9297	0	8	.75	0	75	67.478	800
sqlserver	xt-30K-1000-120-8	1769	9298	0	8	1	0	75	73.204	800
sqlserver	xt-30K-1000-120-8	1769	9299	0	8	.25	0	100	69.996	800
sqlserver	xt-30K-1000-120-8	1769	9300	0	8	.5	0	100	68.928	800
sqlserver	xt-30K-1000-120-8	1769	9301	0	8	.75	0	100	69.18	1100
sqlserver	xt-30K-1000-120-8	1769	9302	0	8	1	0	100	64.49	1100
sqlserver	xt-30K-1000-120-8	1769	9303	0	8	.25	.01	0	430.398	1100
sqlserver	xt-30K-1000-120-8	1769	9324	0	8	.5	.01	0	422.042	1100
sqlserver	xt-30K-1000-120-8	1769	9325	0	8	.75	.01	0	413.917	1100
sqlserver	xt-30K-1000-120-8	1769	9326	0	8	1	.01	0	405.468	1100
sqlserver	xt-30K-1000-120-8	1769	9327	0	8	.25	.1	0	431.88	1100
sqlserver	xt-30K-1000-120-8	1769	9330	0	8	.5	.1	0	423.991	1100
sqlserver	xt-30K-1000-120-8	1769	9331	0	8	.75	.1	0	414.796	1100
sqlserver	xt-30K-1000-120-8	1769	9332	0	8	1	.1	0	406.521	1100
sqlserver	xt-30K-1000-120-8	1769	9333	0	8	.25	1	0	443.644	1100
sqlserver	xt-30K-1000-120-8	1769	9335	0	8	.5	1	0	449.189	1100
sqlserver	xt-30K-1000-120-8	1769	9338	0	8	.75	1	0	428.468	1100
sqlserver	xt-30K-1000-120-8	1769	9386	0	8	1	1	0	419.27	1100
