EXPERIMENTNAME	DBMS	RUNID	BATCHSETID	PCTREAD	MPL	NUMEXTS		PROCTIME	TPS
pk-xt-30K-1000-120-1	sqlserver	869	4584	.01	100	177.333	7204235.667	1.478
pk-xt-30K-1000-120-1	sqlserver	869	4584	.01	200	294.667	16242875.333	2.455
pk-xt-30K-1000-120-1	sqlserver	869	4584	.01	300	1294.333	26779675	10.785
pk-xt-30K-1000-120-1	sqlserver	869	4584	.01	400	1159	31724632.667	9.658
pk-xt-30K-1000-120-1	sqlserver	869	4584	.01	500	3033.333	3211508	25.276
pk-xt-30K-1000-120-1	sqlserver	869	4584	.01	600	4653	22093304	38.772
pk-xt-30K-1000-120-1	sqlserver	869	4584	.01	700	4619	31827349	38.488
pk-xt-30K-1000-120-1	sqlserver	869	4584	.01	800	1267.667	34719923	10.563
pk-xt-30K-1000-120-1	sqlserver	869	4584	.01	900	1704	53736057.667	14.199
pk-xt-30K-1000-120-1	sqlserver	869	4584	.01	1000	1481.667	59918510.333	12.346
pk-xt-30K-1000-120-1	sqlserver	869	4585	.01	100	161.333	7040665	1.344
pk-xt-30K-1000-120-1	sqlserver	869	4585	.01	200	509.667	17244150	4.247
pk-xt-30K-1000-120-1	sqlserver	869	4585	.01	300	1528.333	26802647	12.735
pk-xt-30K-1000-120-1	sqlserver	869	4585	.01	400	863.333	21198959.667	7.194
pk-xt-30K-1000-120-1	sqlserver	869	4585	.01	500	2784	1384286.333	23.198
pk-xt-30K-1000-120-1	sqlserver	869	4585	.01	600	3135.333	19456087	26.126
pk-xt-30K-1000-120-1	sqlserver	869	4585	.01	700	3870	34060071	32.247
pk-xt-30K-1000-120-1	sqlserver	869	4585	.01	800	1460.333	47015904.333	12.168
pk-xt-30K-1000-120-1	sqlserver	869	4585	.01	900	1275.333	48833412.667	10.627
pk-xt-30K-1000-120-1	sqlserver	869	4585	.01	1000	2240.667	61517501	18.671
pk-xt-30K-1000-120-1	sqlserver	869	4624	.01	100	1692.667	11249221.333	14.104
pk-xt-30K-1000-120-1	sqlserver	869	4624	.01	200	1412.333	16817705.333	11.768
pk-xt-30K-1000-120-1	sqlserver	869	4624	.01	300	1535.667	18489852.667	12.796
pk-xt-30K-1000-120-1	sqlserver	869	4624	.01	400	2384.667	32361479	19.871
pk-xt-30K-1000-120-1	sqlserver	869	4624	.01	500	2713.333	5354023.667	22.609
pk-xt-30K-1000-120-1	sqlserver	869	4624	.01	600	5687.333	20685089	47.39
pk-xt-30K-1000-120-1	sqlserver	869	4624	.01	700	3688	38021308	30.731
pk-xt-30K-1000-120-1	sqlserver	869	4624	.01	800	1895	38793145.333	15.79
pk-xt-30K-1000-120-1	sqlserver	869	4624	.01	900	2898	52792245.667	24.148
pk-xt-30K-1000-120-1	sqlserver	869	4624	.01	1000	996	53210327.667	8.299
pk-xt-30K-1000-120-1	sqlserver	869	4626	.01	100	195.333	8413785.667	1.628
pk-xt-30K-1000-120-1	sqlserver	869	4626	.01	200	359	19273945.333	2.991
pk-xt-30K-1000-120-1	sqlserver	869	4626	.01	300	1566.333	26650756	13.052
pk-xt-30K-1000-120-1	sqlserver	869	4626	.01	400	1084	31594337.667	9.032
pk-xt-30K-1000-120-1	sqlserver	869	4626	.01	500	2696	1492297.667	22.465
pk-xt-30K-1000-120-1	sqlserver	869	4626	.01	600	4547	21004949.667	37.889
pk-xt-30K-1000-120-1	sqlserver	869	4626	.01	700	4010.667	25242726	33.414
pk-xt-30K-1000-120-1	sqlserver	869	4626	.01	800	4021.333	41841430.667	33.508
pk-xt-30K-1000-120-1	sqlserver	869	4626	.01	900	4890.667	49749223.667	40.752
pk-xt-30K-1000-120-1	sqlserver	869	4626	.01	1000	7700.333	63693164.333	64.164
pk-xt-30K-1000-120-1	sqlserver	869	4804	.1	100	225	10317330.333	1.875
pk-xt-30K-1000-120-1	sqlserver	869	4804	.1	200	341	17495127.333	2.841
pk-xt-30K-1000-120-1	sqlserver	869	4804	.1	300	1415.333	26599576	11.793
pk-xt-30K-1000-120-1	sqlserver	869	4804	.1	400	1660.333	31658678.667	13.835
pk-xt-30K-1000-120-1	sqlserver	869	4804	.1	500	3664.333	10288728.667	30.534
pk-xt-30K-1000-120-1	sqlserver	869	4804	.1	600	4833.667	24838844.333	40.277
pk-xt-30K-1000-120-1	sqlserver	869	4804	.1	700	2186.333	29475493.333	18.218
pk-xt-30K-1000-120-1	sqlserver	869	4804	.1	800	2813.667	44946067.667	23.445
pk-xt-30K-1000-120-1	sqlserver	869	4804	.1	900	1459.667	56767848.333	12.163
pk-xt-30K-1000-120-1	sqlserver	869	4804	.1	1000	1564.333	62160021	13.035
pk-xt-30K-1000-120-1	sqlserver	869	4806	.1	100	178.333	7230256.667	1.486
pk-xt-30K-1000-120-1	sqlserver	869	4806	.1	200	337	17356494.333	2.808
pk-xt-30K-1000-120-1	sqlserver	869	4806	.1	300	1493	26728523	12.441
pk-xt-30K-1000-120-1	sqlserver	869	4806	.1	400	1784	31763128.333	14.865
pk-xt-30K-1000-120-1	sqlserver	869	4806	.1	500	3026	3906558	25.215
pk-xt-30K-1000-120-1	sqlserver	869	4806	.1	600	6464	24886998.333	53.862
pk-xt-30K-1000-120-1	sqlserver	869	4806	.1	700	4385.667	34403744.333	36.544
pk-xt-30K-1000-120-1	sqlserver	869	4806	.1	800	2321	42965933.667	19.34
pk-xt-30K-1000-120-1	sqlserver	869	4806	.1	900	1514.333	52555748	12.618
pk-xt-30K-1000-120-1	sqlserver	869	4806	.1	1000	1699.667	62278926	14.163
pk-xt-30K-1000-120-1	sqlserver	869	4825	.1	100	168.667	7246122.333	1.405
pk-xt-30K-1000-120-1	sqlserver	869	4825	.1	200	339.667	17463778	2.83
pk-xt-30K-1000-120-1	sqlserver	869	4825	.1	300	1642.333	26778970.667	13.685
pk-xt-30K-1000-120-1	sqlserver	869	4825	.1	400	1225.667	31641288.667	10.213
pk-xt-30K-1000-120-1	sqlserver	869	4825	.1	500	3101	1443151	25.84
pk-xt-30K-1000-120-1	sqlserver	869	4825	.1	600	3792.667	19978180.333	31.603
pk-xt-30K-1000-120-1	sqlserver	869	4825	.1	700	2075.333	36434494.667	17.293
pk-xt-30K-1000-120-1	sqlserver	869	4825	.1	800	1335.333	41176458.333	11.127
pk-xt-30K-1000-120-1	sqlserver	869	4825	.1	900	1720	55558617	14.332
pk-xt-30K-1000-120-1	sqlserver	869	4825	.1	1000	945	53645105.667	7.874
pk-xt-30K-1000-120-1	sqlserver	869	4845	.1	100	166.333	6859844.333	1.386
pk-xt-30K-1000-120-1	sqlserver	869	4845	.1	200	341.667	17525486	2.847
pk-xt-30K-1000-120-1	sqlserver	869	4845	.1	300	1465.667	26554103.333	12.213
pk-xt-30K-1000-120-1	sqlserver	869	4845	.1	400	1564.667	31725981	13.038
pk-xt-30K-1000-120-1	sqlserver	869	4845	.1	500	2658	1439301.333	22.148
pk-xt-30K-1000-120-1	sqlserver	869	4845	.1	600	4510	22727716.667	37.58
pk-xt-30K-1000-120-1	sqlserver	869	4845	.1	700	4173.333	34064506	34.775
pk-xt-30K-1000-120-1	sqlserver	869	4845	.1	800	4498	47699112	37.48
pk-xt-30K-1000-120-1	sqlserver	869	4845	.1	900	1246	55382321.667	10.382
pk-xt-30K-1000-120-1	sqlserver	869	4845	.1	1000	1834	65742667.667	15.282
pk-xt-30K-1000-120-1	sqlserver	869	5066	1	100	171.333	6991943.667	1.428
pk-xt-30K-1000-120-1	sqlserver	869	5066	1	200	307	16673695.667	2.558
pk-xt-30K-1000-120-1	sqlserver	869	5066	1	300	2096	26641102.333	17.465
pk-xt-30K-1000-120-1	sqlserver	869	5066	1	400	1610.667	31756151.333	13.421
pk-xt-30K-1000-120-1	sqlserver	869	5066	1	500	3068.333	1771749.667	25.567
pk-xt-30K-1000-120-1	sqlserver	869	5066	1	600	4892.333	20047264	40.766
pk-xt-30K-1000-120-1	sqlserver	869	5066	1	700	1957	33179172.333	16.307
pk-xt-30K-1000-120-1	sqlserver	869	5066	1	800	1384	42939788.333	11.532
pk-xt-30K-1000-120-1	sqlserver	869	5066	1	900	1169	47707480.333	9.741
pk-xt-30K-1000-120-1	sqlserver	869	5066	1	1000	1181.667	56990080.667	9.846
pk-xt-30K-1000-120-1	sqlserver	869	5085	1	100	175	7146263	1.458
pk-xt-30K-1000-120-1	sqlserver	869	5085	1	200	334.333	17225101.333	2.786
pk-xt-30K-1000-120-1	sqlserver	869	5085	1	300	1715	26695990.667	14.29
pk-xt-30K-1000-120-1	sqlserver	869	5085	1	400	1600.667	31734115.667	13.338
pk-xt-30K-1000-120-1	sqlserver	869	5085	1	500	2553.333	1654765.667	21.276
pk-xt-30K-1000-120-1	sqlserver	869	5085	1	600	5296.333	25927715.667	44.132
pk-xt-30K-1000-120-1	sqlserver	869	5085	1	700	1833.333	30230368	15.276
pk-xt-30K-1000-120-1	sqlserver	869	5085	1	800	1186	40540130.333	9.883
pk-xt-30K-1000-120-1	sqlserver	869	5085	1	900	1737.333	48933505	14.477
pk-xt-30K-1000-120-1	sqlserver	869	5085	1	1000	1540	57547245.667	12.832
pk-xt-30K-1000-120-1	sqlserver	869	5105	1	100	174.333	7100913.667	1.453
pk-xt-30K-1000-120-1	sqlserver	869	5105	1	200	340.333	17504599	2.836
pk-xt-30K-1000-120-1	sqlserver	869	5105	1	300	1644	26565749.667	13.699
pk-xt-30K-1000-120-1	sqlserver	869	5105	1	400	1475.333	31811751	12.293
pk-xt-30K-1000-120-1	sqlserver	869	5105	1	500	3358.667	10260671	27.987
pk-xt-30K-1000-120-1	sqlserver	869	5105	1	600	5546	21675666	46.213
pk-xt-30K-1000-120-1	sqlserver	869	5105	1	700	2521.333	31469600.667	21.01
pk-xt-30K-1000-120-1	sqlserver	869	5105	1	800	3075.667	44748662.333	25.628
pk-xt-30K-1000-120-1	sqlserver	869	5105	1	900	1129	46439273.667	9.408
pk-xt-30K-1000-120-1	sqlserver	869	5105	1	1000	1177.333	49447162.333	9.81
pk-xt-30K-1000-120-1	sqlserver	869	5125	1	100	171	7017190.667	1.425
pk-xt-30K-1000-120-1	sqlserver	869	5125	1	200	337	17343798	2.808
pk-xt-30K-1000-120-1	sqlserver	869	5125	1	300	1592	26780220	13.266
pk-xt-30K-1000-120-1	sqlserver	869	5125	1	400	1349.667	31745230	11.246
pk-xt-30K-1000-120-1	sqlserver	869	5125	1	500	2775.333	2964517.667	23.126
pk-xt-30K-1000-120-1	sqlserver	869	5125	1	600	4849	20126278	40.405
pk-xt-30K-1000-120-1	sqlserver	869	5125	1	700	2441.667	37510003	20.346
pk-xt-30K-1000-120-1	sqlserver	869	5125	1	800	2107.667	50404885.333	17.562
pk-xt-30K-1000-120-1	sqlserver	869	5125	1	900	4671.667	53816455	38.927
pk-xt-30K-1000-120-1	sqlserver	869	5125	1	1000	1247.333	58449730	10.394
pk-xt-30K-1000-120-2	sqlserver	1110	7386	.01	100	217573.667	6292976.667	1812.942
pk-xt-30K-1000-120-2	sqlserver	1110	7386	.01	200	160877	9517318.333	1340.519
pk-xt-30K-1000-120-2	sqlserver	1110	7386	.01	300	142572	9329952.667	1187.981
pk-xt-30K-1000-120-2	sqlserver	1110	7386	.01	400	80822.333	7511102.667	673.456
pk-xt-30K-1000-120-2	sqlserver	1110	7386	.01	500	99622	9801991.667	830.102
pk-xt-30K-1000-120-2	sqlserver	1110	7386	.01	600	89833	9192820.333	748.537
pk-xt-30K-1000-120-2	sqlserver	1110	7386	.01	700	66003	11851907.667	549.971
pk-xt-30K-1000-120-2	sqlserver	1110	7386	.01	800	111017	21683478	925.057
pk-xt-30K-1000-120-2	sqlserver	1110	7386	.01	900	90127	19124590.333	750.987
pk-xt-30K-1000-120-2	sqlserver	1110	7386	.01	1000	53032.333	17064134.333	441.892
pk-xt-30K-1000-120-2	sqlserver	1110	7407	.01	100	237972.333	6687329.667	1982.916
pk-xt-30K-1000-120-2	sqlserver	1110	7407	.01	200	126498.333	8187120.333	1054.05
pk-xt-30K-1000-120-2	sqlserver	1110	7407	.01	300	149977	11458874.333	1249.686
pk-xt-30K-1000-120-2	sqlserver	1110	7407	.01	400	126762.667	11746906.667	1056.255
pk-xt-30K-1000-120-2	sqlserver	1110	7407	.01	500	121506.667	16043587	1012.455
pk-xt-30K-1000-120-2	sqlserver	1110	7407	.01	600	109060	15183885.667	908.746
pk-xt-30K-1000-120-2	sqlserver	1110	7407	.01	700	84727.333	15129718	705.991
pk-xt-30K-1000-120-2	sqlserver	1110	7407	.01	800	91302	20418257	760.776
pk-xt-30K-1000-120-2	sqlserver	1110	7407	.01	900	60189.667	13947872.667	501.532
pk-xt-30K-1000-120-2	sqlserver	1110	7407	.01	1000	101538	25972231.333	846.071
pk-xt-30K-1000-120-2	sqlserver	1110	7426	.01	100	235944.667	6253361	1966.014
pk-xt-30K-1000-120-2	sqlserver	1110	7426	.01	200	159587	8653405	1329.761
pk-xt-30K-1000-120-2	sqlserver	1110	7426	.01	300	123383.667	10109425.667	1028.099
pk-xt-30K-1000-120-2	sqlserver	1110	7426	.01	400	84340.333	7190509	702.77
pk-xt-30K-1000-120-2	sqlserver	1110	7426	.01	500	77614.333	10534601.333	646.726
pk-xt-30K-1000-120-2	sqlserver	1110	7426	.01	600	99681.667	13287852.667	830.603
pk-xt-30K-1000-120-2	sqlserver	1110	7426	.01	700	84209	15099543	701.676
pk-xt-30K-1000-120-2	sqlserver	1110	7426	.01	800	127360.333	23191504.333	1061.234
pk-xt-30K-1000-120-2	sqlserver	1110	7426	.01	900	80595.667	17210851.667	671.568
pk-xt-30K-1000-120-2	sqlserver	1110	7426	.01	1000	106141.333	23917580	884.427
pk-xt-30K-1000-120-2	sqlserver	1110	7446	.01	100	236583.333	6259787.667	1971.341
pk-xt-30K-1000-120-2	sqlserver	1110	7446	.01	200	173205	9205293.333	1443.24
pk-xt-30K-1000-120-2	sqlserver	1110	7446	.01	300	142936.333	9296455.333	1191.018
pk-xt-30K-1000-120-2	sqlserver	1110	7446	.01	400	139208	12795242.667	1159.952
pk-xt-30K-1000-120-2	sqlserver	1110	7446	.01	500	82890	10085301	690.681
pk-xt-30K-1000-120-2	sqlserver	1110	7446	.01	600	93889.667	11632037.333	782.336
pk-xt-30K-1000-120-2	sqlserver	1110	7446	.01	700	63952.667	10525940.333	532.887
pk-xt-30K-1000-120-2	sqlserver	1110	7446	.01	800	102340	20632631.333	852.751
pk-xt-30K-1000-120-2	sqlserver	1110	7446	.01	900	70091.667	15167798.333	584.04
pk-xt-30K-1000-120-2	sqlserver	1110	7446	.01	1000	76411.667	23301770.667	636.702
pk-xt-30K-1000-120-4	sqlserver	1232	8966	.01	100	1272513.333	11976584.333	10603.248
pk-xt-30K-1000-120-4	sqlserver	1232	8966	.01	200	1150782.333	23974546.333	9588.947
pk-xt-30K-1000-120-4	sqlserver	1232	8966	.01	300	1125144	35934226.333	9375.262
pk-xt-30K-1000-120-4	sqlserver	1232	8966	.01	400	1116380.333	47891692	9302.239
pk-xt-30K-1000-120-4	sqlserver	1232	8966	.01	500	1154805.333	59419541.667	9622.47
pk-xt-30K-1000-120-4	sqlserver	1232	8966	.01	600	1264241.667	71499481.667	10534.352
pk-xt-30K-1000-120-4	sqlserver	1232	8966	.01	700	1217091.667	82989261.667	10141.473
pk-xt-30K-1000-120-4	sqlserver	1232	8966	.01	800	1174838.333	95021289	9789.367
pk-xt-30K-1000-120-4	sqlserver	1232	8966	.01	900	1166276	106956780	9717.995
pk-xt-30K-1000-120-4	sqlserver	1232	8966	.01	1000	1157959.667	118170191.333	9648.726
pk-xt-30K-1000-120-4	sqlserver	1232	8986	.01	100	1271566.667	11983120.333	10595.418
pk-xt-30K-1000-120-4	sqlserver	1232	8986	.01	200	1145041.333	23975661.667	9541.083
pk-xt-30K-1000-120-4	sqlserver	1232	8986	.01	300	1123402	35914932.667	9360.799
pk-xt-30K-1000-120-4	sqlserver	1232	8986	.01	400	1117441.667	47912559.667	9311.109
pk-xt-30K-1000-120-4	sqlserver	1232	8986	.01	500	1122549.667	59273609.333	9353.671
pk-xt-30K-1000-120-4	sqlserver	1232	8986	.01	600	1265084.333	71255337.333	10541.643
pk-xt-30K-1000-120-4	sqlserver	1232	8986	.01	700	1216458.333	83276827	10136.421
pk-xt-30K-1000-120-4	sqlserver	1232	8986	.01	800	1170925	95081088.667	9756.733
pk-xt-30K-1000-120-4	sqlserver	1232	8986	.01	900	1160064.667	106848886.333	9666.292
pk-xt-30K-1000-120-4	sqlserver	1232	8986	.01	1000	1154877.667	118352882	9623.072
pk-xt-30K-1000-120-4	sqlserver	1232	9006	.01	100	1281842.667	11982418	10680.984
pk-xt-30K-1000-120-4	sqlserver	1232	9006	.01	200	1148177.667	23987829	9567.191
pk-xt-30K-1000-120-4	sqlserver	1232	9006	.01	300	1120991	35962920.333	9340.683
pk-xt-30K-1000-120-4	sqlserver	1232	9006	.01	400	1116869.333	47947575	9306.366
pk-xt-30K-1000-120-4	sqlserver	1232	9006	.01	500	1103320.667	59588352.667	9193.445
pk-xt-30K-1000-120-4	sqlserver	1232	9006	.01	600	1262428.333	71301927.667	10519.214
pk-xt-30K-1000-120-4	sqlserver	1232	9006	.01	700	1212123	83422893	10100.015
pk-xt-30K-1000-120-4	sqlserver	1232	9006	.01	800	1175899.333	95071297.333	9798.236
pk-xt-30K-1000-120-4	sqlserver	1232	9006	.01	900	1165953	106831080.667	9715.331
pk-xt-30K-1000-120-4	sqlserver	1232	9006	.01	1000	1158714.667	118689123	9654.99
pk-xt-30K-1000-120-4	sqlserver	1232	9026	.01	100	1262817	11985202.667	10522.423
pk-xt-30K-1000-120-4	sqlserver	1232	9026	.01	200	1148832	23981968.667	9572.723
pk-xt-30K-1000-120-4	sqlserver	1232	9026	.01	300	1119397.333	35953737.667	9327.43
pk-xt-30K-1000-120-4	sqlserver	1232	9026	.01	400	1116188.667	47907833.333	9300.642
pk-xt-30K-1000-120-4	sqlserver	1232	9026	.01	500	1123836.333	59449143	9364.418
pk-xt-30K-1000-120-4	sqlserver	1232	9026	.01	600	1271903	71376354.333	10598.132
pk-xt-30K-1000-120-4	sqlserver	1232	9026	.01	700	1196926.667	83476220.667	9973.447
pk-xt-30K-1000-120-4	sqlserver	1232	9026	.01	800	1174542.333	95224765	9786.874
pk-xt-30K-1000-120-4	sqlserver	1232	9026	.01	900	1113193.333	106865500.667	9275.734
pk-xt-30K-1000-120-4	sqlserver	1232	9026	.01	1000	999659	119068648	8329.682
pk-xt-30K-1000-120-4	sqlserver	1232	9046	.1	100	1065245.667	11992427.667	8876.209
pk-xt-30K-1000-120-4	sqlserver	1232	9046	.1	200	1079941.333	23981625	8998.636
pk-xt-30K-1000-120-4	sqlserver	1232	9046	.1	300	1055439.333	35820309.333	8794.474
pk-xt-30K-1000-120-4	sqlserver	1232	9046	.1	400	1118899.667	47900162	9323.412
pk-xt-30K-1000-120-4	sqlserver	1232	9046	.1	500	1116411.333	59323318.333	9302.91
pk-xt-30K-1000-120-4	sqlserver	1232	9046	.1	600	1274300	71281183	10618.252
pk-xt-30K-1000-120-4	sqlserver	1232	9046	.1	700	1196831	83220899	9972.65
pk-xt-30K-1000-120-4	sqlserver	1232	9046	.1	800	1167177.333	95078960	9725.505
pk-xt-30K-1000-120-4	sqlserver	1232	9046	.1	900	1163238.333	106869291.667	9692.738
pk-xt-30K-1000-120-4	sqlserver	1232	9046	.1	1000	1156970.333	118502340	9640.509
pk-xt-30K-1000-120-4	sqlserver	1232	9067	.1	100	1264476.667	11974535.667	10536.31
pk-xt-30K-1000-120-4	sqlserver	1232	9067	.1	200	1142288	23987317	9518.194
pk-xt-30K-1000-120-4	sqlserver	1232	9067	.1	300	1123109.333	35962546	9358.334
pk-xt-30K-1000-120-4	sqlserver	1232	9067	.1	400	1114353.333	47935317.667	9285.375
pk-xt-30K-1000-120-4	sqlserver	1232	9067	.1	500	1119770	59371550.667	9330.51
pk-xt-30K-1000-120-4	sqlserver	1232	9067	.1	600	1252596.333	71289751.667	10437.318
pk-xt-30K-1000-120-4	sqlserver	1232	9067	.1	700	1203417.333	83052109	10027.503
pk-xt-30K-1000-120-4	sqlserver	1232	9067	.1	800	1164513.667	95191737.333	9703.31
pk-xt-30K-1000-120-4	sqlserver	1232	9067	.1	900	1159315	106886676	9660.019
pk-xt-30K-1000-120-4	sqlserver	1232	9067	.1	1000	1162765.333	118950645.333	9688.796
pk-xt-30K-1000-120-4	sqlserver	1232	9086	.1	100	1257185.667	11978812.667	10475.558
pk-xt-30K-1000-120-4	sqlserver	1232	9086	.1	200	1142188	23931733	9517.334
pk-xt-30K-1000-120-4	sqlserver	1232	9086	.1	300	1118747.333	35941645.333	9321.988
pk-xt-30K-1000-120-4	sqlserver	1232	9086	.1	400	1121387.333	47835042.333	9343.986
pk-xt-30K-1000-120-4	sqlserver	1232	9086	.1	500	1119853	59487573.667	9331.253
pk-xt-30K-1000-120-4	sqlserver	1232	9086	.1	600	1256686.333	71305595.333	10471.367
pk-xt-30K-1000-120-4	sqlserver	1232	9086	.1	700	1218143.333	83111783.667	10150.179
pk-xt-30K-1000-120-4	sqlserver	1232	9086	.1	800	1168334.667	95266425.333	9735.202
pk-xt-30K-1000-120-4	sqlserver	1232	9086	.1	900	1166569.667	107103446.333	9720.496
pk-xt-30K-1000-120-4	sqlserver	1232	9086	.1	1000	1158684.333	118628980.667	9654.764
pk-xt-30K-1000-120-4	sqlserver	1232	9106	.1	100	1267311.667	11989534	10559.875
pk-xt-30K-1000-120-4	sqlserver	1232	9106	.1	200	1139875.333	23983099.333	9498.406
pk-xt-30K-1000-120-4	sqlserver	1232	9106	.1	300	1117687	35963251.667	9313.387
pk-xt-30K-1000-120-4	sqlserver	1232	9106	.1	400	1104765.333	47906582	9205.483
pk-xt-30K-1000-120-4	sqlserver	1232	9106	.1	500	1169268.667	59545571.667	9742.958
pk-xt-30K-1000-120-4	sqlserver	1232	9106	.1	600	1263087.333	71514066.333	10524.704
pk-xt-30K-1000-120-4	sqlserver	1232	9106	.1	700	1215081.333	83341097	10124.694
pk-xt-30K-1000-120-4	sqlserver	1232	9106	.1	800	1166173.333	94940383.667	9717.166
pk-xt-30K-1000-120-4	sqlserver	1232	9106	.1	900	1160273.333	106658592.333	9667.978
pk-xt-30K-1000-120-4	sqlserver	1232	9106	.1	1000	1156116.333	119049998	9633.393
pk-xt-30K-1000-120-4	sqlserver	1232	9126	1	100	1269008	11977021.667	10574.039
pk-xt-30K-1000-120-4	sqlserver	1232	9126	1	200	1151994	23939951	9599.017
pk-xt-30K-1000-120-4	sqlserver	1232	9126	1	300	1122681	35936651	9354.792
pk-xt-30K-1000-120-4	sqlserver	1232	9126	1	400	1120711.333	47880023	9338.353
pk-xt-30K-1000-120-4	sqlserver	1232	9126	1	500	1119259.667	59446167	9326.309
pk-xt-30K-1000-120-4	sqlserver	1232	9126	1	600	1275300	71483077	10626.497
pk-xt-30K-1000-120-4	sqlserver	1232	9126	1	700	1209872	83310376	10081.259
pk-xt-30K-1000-120-4	sqlserver	1232	9126	1	800	1172596.667	95138113.333	9770.716
pk-xt-30K-1000-120-4	sqlserver	1232	9126	1	900	1159743	106074032.667	9663.612
pk-xt-30K-1000-120-4	sqlserver	1232	9126	1	1000	1158008.333	118281112.333	9649.131
pk-xt-30K-1000-120-4	sqlserver	1232	9146	1	100	1275761.667	11972615.333	10630.343
pk-xt-30K-1000-120-4	sqlserver	1232	9146	1	200	1148089.333	23968885.667	9566.481
pk-xt-30K-1000-120-4	sqlserver	1232	9146	1	300	1123902.667	35950462	9364.971
pk-xt-30K-1000-120-4	sqlserver	1232	9146	1	400	1122647.667	47904629.333	9354.488
pk-xt-30K-1000-120-4	sqlserver	1232	9146	1	500	1168288.667	59437338.333	9734.821
pk-xt-30K-1000-120-4	sqlserver	1232	9146	1	600	1281694.667	71459335.333	10679.721
pk-xt-30K-1000-120-4	sqlserver	1232	9146	1	700	1204398	83255924	10035.675
pk-xt-30K-1000-120-4	sqlserver	1232	9146	1	800	1167062.667	95270065.667	9724.55
pk-xt-30K-1000-120-4	sqlserver	1232	9146	1	900	1160698.667	106907301	9671.549
pk-xt-30K-1000-120-4	sqlserver	1232	9146	1	1000	1157284.667	118970602.333	9643.423
pk-xt-30K-1000-120-4	sqlserver	1232	9166	1	100	1265447	11988061.667	10544.425
pk-xt-30K-1000-120-4	sqlserver	1232	9166	1	200	1144729.333	23954229	9538.484
pk-xt-30K-1000-120-4	sqlserver	1232	9166	1	300	1123805.333	35895179.333	9364.134
pk-xt-30K-1000-120-4	sqlserver	1232	9166	1	400	1117808.333	47795457	9314.164
pk-xt-30K-1000-120-4	sqlserver	1232	9166	1	500	1146881	59686942.333	9556.44
pk-xt-30K-1000-120-4	sqlserver	1232	9166	1	600	1271756.667	71299859.667	10596.913
pk-xt-30K-1000-120-4	sqlserver	1232	9166	1	700	1206688.333	83122576.333	10054.759
pk-xt-30K-1000-120-4	sqlserver	1232	9166	1	800	1172201	94986330.667	9767.365
pk-xt-30K-1000-120-4	sqlserver	1232	9166	1	900	1160442	107388008.667	9669.41
pk-xt-30K-1000-120-4	sqlserver	1232	9166	1	1000	1159592	118153735.667	9662.327
pk-xt-30K-1000-120-4	sqlserver	1232	9186	1	100	1260198.667	11981089.333	10500.663
pk-xt-30K-1000-120-4	sqlserver	1232	9186	1	200	1146724.333	23981349.667	9555.081
pk-xt-30K-1000-120-4	sqlserver	1232	9186	1	300	1114638	35924274.333	9287.747
pk-xt-30K-1000-120-4	sqlserver	1232	9186	1	400	1117789.333	47868114.333	9314.005
pk-xt-30K-1000-120-4	sqlserver	1232	9186	1	500	1136825.333	59551282	9472.65
pk-xt-30K-1000-120-4	sqlserver	1232	9186	1	600	1280904.333	71439074.667	10673.135
pk-xt-30K-1000-120-4	sqlserver	1232	9186	1	700	1219145	83205335.333	10158.554
pk-xt-30K-1000-120-4	sqlserver	1232	9186	1	800	1173588.667	95033055.333	9778.928
pk-xt-30K-1000-120-4	sqlserver	1232	9186	1	900	1161978	106959367.667	9682.182
pk-xt-30K-1000-120-4	sqlserver	1232	9186	1	1000	1157995.667	118316228.333	9649.026
pk-xt-30K-1000-120-8	sqlserver	1649	9462	.01	100	1145536	11996113.667	9545.258
pk-xt-30K-1000-120-8	sqlserver	1649	9462	.01	200	1090079	23990812	9083.184
pk-xt-30K-1000-120-8	sqlserver	1649	9462	.01	300	1036827.667	35983113	8639.462
pk-xt-30K-1000-120-8	sqlserver	1649	9462	.01	400	915850.333	47966397.333	7631.387
pk-xt-30K-1000-120-8	sqlserver	1649	9462	.01	500	736268.667	59949556	6135.01
pk-xt-30K-1000-120-8	sqlserver	1649	9462	.01	600	701198	71924887	5842.797
pk-xt-30K-1000-120-8	sqlserver	1649	9462	.01	700	595066	83891687.667	4957.349
pk-xt-30K-1000-120-8	sqlserver	1649	9462	.01	800	553066	95849192.667	4608.461
pk-xt-30K-1000-120-8	sqlserver	1649	9462	.01	900	533934.333	107816035	4449.045
pk-xt-30K-1000-120-8	sqlserver	1649	9462	.01	1000	551206.333	119771222.333	4592.965
pk-xt-30K-1000-120-8	sqlserver	1649	9463	.01	100	1142752.667	11995991.667	9522.092
pk-xt-30K-1000-120-8	sqlserver	1649	9463	.01	200	1094261.667	23991253	9118.037
pk-xt-30K-1000-120-8	sqlserver	1649	9463	.01	300	1030797	35982635.333	8589.188
pk-xt-30K-1000-120-8	sqlserver	1649	9463	.01	400	911997	47969857.333	7599.32
pk-xt-30K-1000-120-8	sqlserver	1649	9463	.01	500	756763	59951267.667	6305.798
pk-xt-30K-1000-120-8	sqlserver	1649	9463	.01	600	675057	71923428.333	5624.959
pk-xt-30K-1000-120-8	sqlserver	1649	9463	.01	700	601265.333	83889142.667	5010.113
pk-xt-30K-1000-120-8	sqlserver	1649	9463	.01	800	605958	95854871.333	5049.187
pk-xt-30K-1000-120-8	sqlserver	1649	9463	.01	900	540047	107808685	4499.979
pk-xt-30K-1000-120-8	sqlserver	1649	9463	.01	1000	548780.667	119774719	4572.753
pk-xt-30K-1000-120-8	sqlserver	1649	9464	.01	100	1141802.333	11996119	9514.147
pk-xt-30K-1000-120-8	sqlserver	1649	9464	.01	200	1091395	23991448	9094.15
pk-xt-30K-1000-120-8	sqlserver	1649	9464	.01	300	1038293.333	35982210.333	8651.651
pk-xt-30K-1000-120-8	sqlserver	1649	9464	.01	400	921649.333	47970338	7679.729
pk-xt-30K-1000-120-8	sqlserver	1649	9464	.01	500	777217.667	59949377.333	6476.257
pk-xt-30K-1000-120-8	sqlserver	1649	9464	.01	600	652835.333	71919225.667	5439.811
pk-xt-30K-1000-120-8	sqlserver	1649	9464	.01	700	601035.333	83891080	5008.169
pk-xt-30K-1000-120-8	sqlserver	1649	9464	.01	800	573168.333	95857053.667	4775.965
pk-xt-30K-1000-120-8	sqlserver	1649	9464	.01	900	540043	107813396.667	4498.007
pk-xt-30K-1000-120-8	sqlserver	1649	9464	.01	1000	551187	119778177	4592.829
pk-xt-30K-1000-120-8	sqlserver	1649	9465	.01	100	1144684	11996197	9538.159
pk-xt-30K-1000-120-8	sqlserver	1649	9465	.01	200	1092002	23989327.667	9099.208
pk-xt-30K-1000-120-8	sqlserver	1649	9465	.01	300	1029189	35982756.667	8575.836
pk-xt-30K-1000-120-8	sqlserver	1649	9465	.01	400	904646.667	47969859.667	7538.052
pk-xt-30K-1000-120-8	sqlserver	1649	9465	.01	500	742186.667	59950777.667	6184.338
pk-xt-30K-1000-120-8	sqlserver	1649	9465	.01	600	672831.333	71925121.333	5606.414
pk-xt-30K-1000-120-8	sqlserver	1649	9465	.01	700	625842.333	83896789.333	5214.875
pk-xt-30K-1000-120-8	sqlserver	1649	9465	.01	800	546780	95857317.333	4556.095
pk-xt-30K-1000-120-8	sqlserver	1649	9465	.01	900	547652.667	107813076.333	4563.354
pk-xt-30K-1000-120-8	sqlserver	1649	9465	.01	1000	552320.333	119769358.333	4602.26
pk-xt-30K-1000-120-8	sqlserver	1649	9466	.1	100	1139253.333	11996082.333	9492.908
pk-xt-30K-1000-120-8	sqlserver	1649	9466	.1	200	1090595.667	23990539.333	9087.489
pk-xt-30K-1000-120-8	sqlserver	1649	9466	.1	300	1031196.333	35981792.667	8592.539
pk-xt-30K-1000-120-8	sqlserver	1649	9466	.1	400	918568.333	47970664.667	7654.142
pk-xt-30K-1000-120-8	sqlserver	1649	9466	.1	500	742586.667	59947317.667	6187.979
pk-xt-30K-1000-120-8	sqlserver	1649	9466	.1	600	674127.667	71923480.667	5617.2
pk-xt-30K-1000-120-8	sqlserver	1649	9466	.1	700	558961	83894152.667	4657.581
pk-xt-30K-1000-120-8	sqlserver	1649	9466	.1	800	557953.667	95855848	4649.188
pk-xt-30K-1000-120-8	sqlserver	1649	9466	.1	900	550244.667	107815592	4584.965
pk-xt-30K-1000-120-8	sqlserver	1649	9466	.1	1000	537046.667	119767583.667	4474.979
pk-xt-30K-1000-120-8	sqlserver	1649	9467	.1	100	1142014.667	11996472.667	9515.917
pk-xt-30K-1000-120-8	sqlserver	1649	9467	.1	200	1090897.667	23990408.667	9089.981
pk-xt-30K-1000-120-8	sqlserver	1649	9467	.1	300	1040861.667	35983383.667	8673.076
pk-xt-30K-1000-120-8	sqlserver	1649	9467	.1	400	884856.667	47968972.333	7373.13
pk-xt-30K-1000-120-8	sqlserver	1649	9467	.1	500	784017.333	59949254	6531.433
pk-xt-30K-1000-120-8	sqlserver	1649	9467	.1	600	674319.667	71925207.667	5618.831
pk-xt-30K-1000-120-8	sqlserver	1649	9467	.1	700	592843.333	83891989	4939.908
pk-xt-30K-1000-120-8	sqlserver	1649	9467	.1	800	554020.667	95858211.333	4616.429
pk-xt-30K-1000-120-8	sqlserver	1649	9467	.1	900	542576.667	107815517.333	4521.058
pk-xt-30K-1000-120-8	sqlserver	1649	9467	.1	1000	541939.333	119769159	4515.747
pk-xt-30K-1000-120-8	sqlserver	1649	9468	.1	100	1141293	11995946	9509.903
pk-xt-30K-1000-120-8	sqlserver	1649	9468	.1	200	1093393	23990380.667	9110.773
pk-xt-30K-1000-120-8	sqlserver	1649	9468	.1	300	1037505.667	35982078.333	8645.088
pk-xt-30K-1000-120-8	sqlserver	1649	9468	.1	400	920629	47969858.667	7671.205
pk-xt-30K-1000-120-8	sqlserver	1649	9468	.1	500	708052.667	59951362.333	5899.364
pk-xt-30K-1000-120-8	sqlserver	1649	9468	.1	600	667747.333	71926484	5564.051
pk-xt-30K-1000-120-8	sqlserver	1649	9468	.1	700	587452.667	83890484.333	4894.99
pk-xt-30K-1000-120-8	sqlserver	1649	9468	.1	800	569977.667	95854221.667	4749.379
pk-xt-30K-1000-120-8	sqlserver	1649	9468	.1	900	552722	107821079.667	4605.607
pk-xt-30K-1000-120-8	sqlserver	1649	9468	.1	1000	537169.333	119773228.333	4476.013
pk-xt-30K-1000-120-8	sqlserver	1649	9469	.1	100	1142069.667	11996240	9516.401
pk-xt-30K-1000-120-8	sqlserver	1649	9469	.1	200	1090373.667	23989906	9085.64
pk-xt-30K-1000-120-8	sqlserver	1649	9469	.1	300	1040912.667	35983427.667	8673.477
pk-xt-30K-1000-120-8	sqlserver	1649	9469	.1	400	904198	47964900.333	7534.355
pk-xt-30K-1000-120-8	sqlserver	1649	9469	.1	500	779541	59948427.333	6495.58
pk-xt-30K-1000-120-8	sqlserver	1649	9469	.1	600	667232.333	71924526.667	5559.776
pk-xt-30K-1000-120-8	sqlserver	1649	9469	.1	700	610857.333	83893542	5090.024
pk-xt-30K-1000-120-8	sqlserver	1649	9469	.1	800	563165.667	95861174.667	4692.617
pk-xt-30K-1000-120-8	sqlserver	1649	9469	.1	900	562223.333	107818814.667	4684.765
pk-xt-30K-1000-120-8	sqlserver	1649	9469	.1	1000	545244.667	119775541.333	4543.314
pk-xt-30K-1000-120-8	sqlserver	1649	9470	1	100	1143079.333	11996460.667	9524.788
pk-xt-30K-1000-120-8	sqlserver	1649	9470	1	200	1089588.667	23989746.333	9079.098
pk-xt-30K-1000-120-8	sqlserver	1649	9470	1	300	1033755.333	35982832	8613.838
pk-xt-30K-1000-120-8	sqlserver	1649	9470	1	400	901883	47970451.333	7515.025
pk-xt-30K-1000-120-8	sqlserver	1649	9470	1	500	743335.333	59947276	6193.106
pk-xt-30K-1000-120-8	sqlserver	1649	9470	1	600	647722	71924356	5397.219
pk-xt-30K-1000-120-8	sqlserver	1649	9470	1	700	593431.333	83891204	4944.808
pk-xt-30K-1000-120-8	sqlserver	1649	9470	1	800	571483	95857688.667	4761.922
pk-xt-30K-1000-120-8	sqlserver	1649	9470	1	900	556422.667	107819314	4636.431
pk-xt-30K-1000-120-8	sqlserver	1649	9470	1	1000	553222.667	119762062	4609.766
pk-xt-30K-1000-120-8	sqlserver	1649	9471	1	100	1143088	11996299	9524.913
pk-xt-30K-1000-120-8	sqlserver	1649	9471	1	200	1091505	23990697	9095.041
pk-xt-30K-1000-120-8	sqlserver	1649	9471	1	300	1039685.667	35982912	8663.253
pk-xt-30K-1000-120-8	sqlserver	1649	9471	1	400	914670	47968328.667	7621.572
pk-xt-30K-1000-120-8	sqlserver	1649	9471	1	500	750291.333	59950159.667	6251.873
pk-xt-30K-1000-120-8	sqlserver	1649	9471	1	600	634581.333	71927084.667	5287.691
pk-xt-30K-1000-120-8	sqlserver	1649	9471	1	700	580270.667	83894387.333	4835.311
pk-xt-30K-1000-120-8	sqlserver	1649	9471	1	800	630848.333	95861135.667	5256.548
pk-xt-30K-1000-120-8	sqlserver	1649	9471	1	900	855479	107799615.667	7128.338
pk-xt-30K-1000-120-8	sqlserver	1649	9471	1	1000	845842	119743415.333	7048.056
pk-xt-30K-1000-120-8	sqlserver	1649	9472	1	100	1106164.333	11996561	9217.242
pk-xt-30K-1000-120-8	sqlserver	1649	9472	1	200	1055584.667	23996896	8789.717
pk-xt-30K-1000-120-8	sqlserver	1649	9472	1	300	1025755	35981468.667	8547.222
pk-xt-30K-1000-120-8	sqlserver	1649	9472	1	400	911200	47969138	7592.68
pk-xt-30K-1000-120-8	sqlserver	1649	9472	1	500	758511	59948925.667	6320.381
pk-xt-30K-1000-120-8	sqlserver	1649	9472	1	600	674206.333	71926213.333	5617.887
pk-xt-30K-1000-120-8	sqlserver	1649	9472	1	700	573849.333	83892469.667	4781.654
pk-xt-30K-1000-120-8	sqlserver	1649	9472	1	800	564939	95859296.333	4707.393
pk-xt-30K-1000-120-8	sqlserver	1649	9472	1	900	553862.333	107813856.333	4615.109
pk-xt-30K-1000-120-8	sqlserver	1649	9472	1	1000	549781.333	119761318.333	4581.104
pk-xt-30K-1000-120-8	sqlserver	1649	9473	1	100	1141441.333	11996773	9511.166
pk-xt-30K-1000-120-8	sqlserver	1649	9473	1	200	1091141	23991512.333	9092.059
pk-xt-30K-1000-120-8	sqlserver	1649	9473	1	300	1025201.667	35981495.333	8542.209
pk-xt-30K-1000-120-8	sqlserver	1649	9473	1	400	882169	47969522.333	7350.735
pk-xt-30K-1000-120-8	sqlserver	1649	9473	1	500	743637	59947476.333	6196.407
pk-xt-30K-1000-120-8	sqlserver	1649	9473	1	600	622948.667	71921580	5190.778
pk-xt-30K-1000-120-8	sqlserver	1649	9473	1	700	576148.667	83890466.667	4800.799
pk-xt-30K-1000-120-8	sqlserver	1649	9473	1	800	557868	95852850.333	4648.486
pk-xt-30K-1000-120-8	sqlserver	1649	9473	1	900	547405	107809131	4561.29
pk-xt-30K-1000-120-8	sqlserver	1649	9473	1	1000	543745.333	119769348.333	4530.796
xt-30K-1000-120-1	sqlserver	611	222	.01	100	627.667	9634583.333	5.23
xt-30K-1000-120-1	sqlserver	611	222	.01	200	307.333	16642774.667	2.561
xt-30K-1000-120-1	sqlserver	611	222	.01	300	1453.667	26527016.333	12.113
xt-30K-1000-120-1	sqlserver	611	222	.01	400	1318	31707011.333	10.982
xt-30K-1000-120-1	sqlserver	611	222	.01	500	3445	14626619.333	28.706
xt-30K-1000-120-1	sqlserver	611	222	.01	600	4358	22519563.333	36.314
xt-30K-1000-120-1	sqlserver	611	222	.01	700	5269	40508328.667	43.905
xt-30K-1000-120-1	sqlserver	611	222	.01	800	2107.667	43498483.667	17.562
xt-30K-1000-120-1	sqlserver	611	222	.01	900	1520.667	50962764.667	12.671
xt-30K-1000-120-1	sqlserver	611	222	.01	1000	1622.667	55728326.667	13.521
xt-30K-1000-120-1	sqlserver	611	241	.01	100	167.667	6909727.667	1.397
xt-30K-1000-120-1	sqlserver	611	241	.01	200	335.667	17282577.667	2.797
xt-30K-1000-120-1	sqlserver	611	241	.01	300	1749.667	26683040.333	14.579
xt-30K-1000-120-1	sqlserver	611	241	.01	400	2675	32346286.333	22.29
xt-30K-1000-120-1	sqlserver	611	241	.01	500	3397	8670475.333	28.306
xt-30K-1000-120-1	sqlserver	611	241	.01	600	5369.667	23063084.333	44.743
xt-30K-1000-120-1	sqlserver	611	241	.01	700	4905.667	36917319	40.877
xt-30K-1000-120-1	sqlserver	611	241	.01	800	2155.333	40549777.667	17.96
xt-30K-1000-120-1	sqlserver	611	241	.01	900	1429.667	51195196.667	11.913
xt-30K-1000-120-1	sqlserver	611	241	.01	1000	1654.333	59143734.667	13.785
xt-30K-1000-120-1	sqlserver	611	261	.01	100	174.333	7090165	1.453
xt-30K-1000-120-1	sqlserver	611	261	.01	200	295.333	16309527.667	2.461
xt-30K-1000-120-1	sqlserver	611	261	.01	300	1951.333	26733188.333	16.26
xt-30K-1000-120-1	sqlserver	611	261	.01	400	1898.333	31764521.667	15.818
xt-30K-1000-120-1	sqlserver	611	261	.01	500	4283.667	21985181.667	35.694
xt-30K-1000-120-1	sqlserver	611	261	.01	600	7198	23843586	59.978
xt-30K-1000-120-1	sqlserver	611	261	.01	700	3499	34488834	29.156
xt-30K-1000-120-1	sqlserver	611	261	.01	800	1767.333	46062397.333	14.727
xt-30K-1000-120-1	sqlserver	611	261	.01	900	1069.667	44593253.667	8.913
xt-30K-1000-120-1	sqlserver	611	261	.01	1000	864.667	47444953.333	7.205
xt-30K-1000-120-1	sqlserver	611	281	.01	100	214	8320261.333	1.783
xt-30K-1000-120-1	sqlserver	611	281	.01	200	341.667	17551086.667	2.847
xt-30K-1000-120-1	sqlserver	611	281	.01	300	2193.333	26724437.333	18.276
xt-30K-1000-120-1	sqlserver	611	281	.01	400	1918.667	33410806	15.988
xt-30K-1000-120-1	sqlserver	611	281	.01	500	4581.333	29481528	38.175
xt-30K-1000-120-1	sqlserver	611	281	.01	600	4901.667	21145002	40.844
xt-30K-1000-120-1	sqlserver	611	281	.01	700	2670	37953046	22.248
xt-30K-1000-120-1	sqlserver	611	281	.01	800	1353.333	37303199.667	11.277
xt-30K-1000-120-1	sqlserver	611	281	.01	900	3641	49852471.667	30.339
xt-30K-1000-120-1	sqlserver	611	281	.01	1000	3324.667	52783645.667	27.703
xt-30K-1000-120-1	sqlserver	611	583	.1	100	177.667	7239630.333	1.48
xt-30K-1000-120-1	sqlserver	611	583	.1	200	331.667	17031504.667	2.764
xt-30K-1000-120-1	sqlserver	611	583	.1	300	1681	26639428.333	14.007
xt-30K-1000-120-1	sqlserver	611	583	.1	400	1896.333	31740022	15.801
xt-30K-1000-120-1	sqlserver	611	583	.1	500	3097.333	5498587	25.809
xt-30K-1000-120-1	sqlserver	611	583	.1	600	2976.333	24682073	24.801
xt-30K-1000-120-1	sqlserver	611	583	.1	700	2561	33269619.667	21.34
xt-30K-1000-120-1	sqlserver	611	583	.1	800	1705	43629585.667	14.207
xt-30K-1000-120-1	sqlserver	611	583	.1	900	2018.667	49040071	16.821
xt-30K-1000-120-1	sqlserver	611	583	.1	1000	846.667	50401324	7.055
xt-30K-1000-120-1	sqlserver	611	602	.1	100	177.667	7196169	1.48
xt-30K-1000-120-1	sqlserver	611	602	.1	200	339	17441175.667	2.825
xt-30K-1000-120-1	sqlserver	611	602	.1	300	1890	26662626	15.749
xt-30K-1000-120-1	sqlserver	611	602	.1	400	1282	31780744	10.682
xt-30K-1000-120-1	sqlserver	611	602	.1	500	3267.667	6310592.333	27.228
xt-30K-1000-120-1	sqlserver	611	602	.1	600	5214.333	19619608.333	43.449
xt-30K-1000-120-1	sqlserver	611	602	.1	700	4423.333	32520572.333	36.858
xt-30K-1000-120-1	sqlserver	611	602	.1	800	2125.333	46645169	17.71
xt-30K-1000-120-1	sqlserver	611	602	.1	900	1549	49511786.333	12.907
xt-30K-1000-120-1	sqlserver	611	602	.1	1000	2074	53912748	17.282
xt-30K-1000-120-1	sqlserver	611	621	.1	100	169	9492901	1.408
xt-30K-1000-120-1	sqlserver	611	621	.1	200	156.667	9592446	1.305
xt-30K-1000-120-1	sqlserver	611	621	.1	300	1382.333	25349077.667	11.518
xt-30K-1000-120-1	sqlserver	611	621	.1	400	1775	29807715.667	14.79
xt-30K-1000-120-1	sqlserver	611	621	.1	500	3780	10815345.333	31.497
xt-30K-1000-120-1	sqlserver	611	621	.1	600	4751.333	21752814	39.591
xt-30K-1000-120-1	sqlserver	611	621	.1	700	8289	37941256.667	69.069
xt-30K-1000-120-1	sqlserver	611	621	.1	800	1968.333	40103758.333	16.401
xt-30K-1000-120-1	sqlserver	611	621	.1	900	6274	60580369	52.279
xt-30K-1000-120-1	sqlserver	611	621	.1	1000	884	54794785.667	7.366
xt-30K-1000-120-1	sqlserver	611	642	.1	100	174	7072575	1.45
xt-30K-1000-120-1	sqlserver	611	642	.1	200	343	17607877	2.858
xt-30K-1000-120-1	sqlserver	611	642	.1	300	1978.667	26737595.333	16.488
xt-30K-1000-120-1	sqlserver	611	642	.1	400	1843	31639512	15.357
xt-30K-1000-120-1	sqlserver	611	642	.1	500	3923	14377805.333	32.689
xt-30K-1000-120-1	sqlserver	611	642	.1	600	4878	21747907.667	40.647
xt-30K-1000-120-1	sqlserver	611	642	.1	700	2441	33181596.667	20.34
xt-30K-1000-120-1	sqlserver	611	642	.1	800	1351	43763080.333	11.257
xt-30K-1000-120-1	sqlserver	611	642	.1	900	2004	57206605.333	16.699
xt-30K-1000-120-1	sqlserver	611	642	.1	1000	1320.667	65902860	11.005
xt-30K-1000-120-1	sqlserver	611	981	1	100	179.667	7283285	1.497
xt-30K-1000-120-1	sqlserver	611	981	1	200	343	17586545.667	2.858
xt-30K-1000-120-1	sqlserver	611	981	1	300	2099.333	26522947.667	17.493
xt-30K-1000-120-1	sqlserver	611	981	1	400	1893	31814308.667	15.774
xt-30K-1000-120-1	sqlserver	611	981	1	500	3745.333	9561854	31.209
xt-30K-1000-120-1	sqlserver	611	981	1	600	5047.333	25951683.667	42.058
xt-30K-1000-120-1	sqlserver	611	981	1	700	3091	35931701	25.756
xt-30K-1000-120-1	sqlserver	611	981	1	800	2975	40954317	24.79
xt-30K-1000-120-1	sqlserver	611	981	1	900	2194.667	56168352.667	18.287
xt-30K-1000-120-1	sqlserver	611	981	1	1000	1346.667	58424954.333	11.221
xt-30K-1000-120-1	sqlserver	611	1002	1	100	188.333	7548343	1.569
xt-30K-1000-120-1	sqlserver	611	1002	1	200	526.667	18076943	4.389
xt-30K-1000-120-1	sqlserver	611	1002	1	300	1959	26672436.667	16.324
xt-30K-1000-120-1	sqlserver	611	1002	1	400	1949	31816266.667	16.24
xt-30K-1000-120-1	sqlserver	611	1002	1	500	2795	6675896.667	23.29
xt-30K-1000-120-1	sqlserver	611	1002	1	600	4340.333	21829598.333	36.166
xt-30K-1000-120-1	sqlserver	611	1002	1	700	2969.333	37672308.667	24.742
xt-30K-1000-120-1	sqlserver	611	1002	1	800	2269	37246989.667	18.907
xt-30K-1000-120-1	sqlserver	611	1002	1	900	1146	48906039	9.549
xt-30K-1000-120-1	sqlserver	611	1002	1	1000	1150.667	52384263.667	9.588
xt-30K-1000-120-1	sqlserver	611	1022	1	100	458.333	8689866.667	3.819
xt-30K-1000-120-1	sqlserver	611	1022	1	200	348	18214227	2.9
xt-30K-1000-120-1	sqlserver	611	1022	1	300	2013.333	26768990	16.777
xt-30K-1000-120-1	sqlserver	611	1022	1	400	1821.667	31713983.333	15.18
xt-30K-1000-120-1	sqlserver	611	1022	1	500	3374.667	8365793.333	28.12
xt-30K-1000-120-1	sqlserver	611	1022	1	600	4633.667	22989076.333	38.611
xt-30K-1000-120-1	sqlserver	611	1022	1	700	4033	35421398	33.606
xt-30K-1000-120-1	sqlserver	611	1022	1	800	1173	39241454.667	9.774
xt-30K-1000-120-1	sqlserver	611	1022	1	900	1539	50248322	12.824
xt-30K-1000-120-1	sqlserver	611	1022	1	1000	1832.667	69321577.333	15.271
xt-30K-1000-120-1	sqlserver	611	1041	1	100	172.333	7030426	1.436
xt-30K-1000-120-1	sqlserver	611	1041	1	200	335	17265726.667	2.791
xt-30K-1000-120-1	sqlserver	611	1041	1	300	1914.667	26588491	15.954
xt-30K-1000-120-1	sqlserver	611	1041	1	400	1887	31772354.333	15.724
xt-30K-1000-120-1	sqlserver	611	1041	1	500	3749.333	6859076	31.242
xt-30K-1000-120-1	sqlserver	611	1041	1	600	4716	22782411.333	39.297
xt-30K-1000-120-1	sqlserver	611	1041	1	700	4237.333	36311577.667	35.308
xt-30K-1000-120-1	sqlserver	611	1041	1	800	1793.333	48034688.667	14.943
xt-30K-1000-120-1	sqlserver	611	1041	1	900	1251	49432279.667	10.424
xt-30K-1000-120-1	sqlserver	611	1041	1	1000	986	58840169	8.216
xt-30K-1000-120-2	sqlserver	989	6286	.01	100	458391	10201368	3819.566
xt-30K-1000-120-2	sqlserver	989	6286	.01	200	384115.333	17179406.333	3200.65
xt-30K-1000-120-2	sqlserver	989	6286	.01	300	269382.667	21452171	2244.638
xt-30K-1000-120-2	sqlserver	989	6286	.01	400	304847	29523398.333	2540.146
xt-30K-1000-120-2	sqlserver	989	6286	.01	500	321528.333	35571494.667	2679.149
xt-30K-1000-120-2	sqlserver	989	6286	.01	600	299719.333	34620075	2497.417
xt-30K-1000-120-2	sqlserver	989	6286	.01	700	311113.667	43430364.333	2592.355
xt-30K-1000-120-2	sqlserver	989	6286	.01	800	258597.667	50542953.333	2154.765
xt-30K-1000-120-2	sqlserver	989	6286	.01	900	284344.333	54540467.333	2369.319
xt-30K-1000-120-2	sqlserver	989	6286	.01	1000	285966.333	57386132.667	2382.83
xt-30K-1000-120-2	sqlserver	989	6287	.01	100	453235.333	10338778	3776.604
xt-30K-1000-120-2	sqlserver	989	6287	.01	200	387266.667	17558662	3226.91
xt-30K-1000-120-2	sqlserver	989	6287	.01	300	301773.333	21097014.333	2514.526
xt-30K-1000-120-2	sqlserver	989	6287	.01	400	262697	24143900	2188.927
xt-30K-1000-120-2	sqlserver	989	6287	.01	500	276582.333	29681497.667	2304.629
xt-30K-1000-120-2	sqlserver	989	6287	.01	600	331413.667	43101478.333	2761.511
xt-30K-1000-120-2	sqlserver	989	6287	.01	700	336119	45821260	2800.72
xt-30K-1000-120-2	sqlserver	989	6287	.01	800	284229	49333417.333	2368.349
xt-30K-1000-120-2	sqlserver	989	6287	.01	900	271953.667	51071311.667	2266.058
xt-30K-1000-120-2	sqlserver	989	6287	.01	1000	231330.667	57810102.667	1927.567
xt-30K-1000-120-2	sqlserver	989	6306	.01	100	474316.333	10176810.667	3952.253
xt-30K-1000-120-2	sqlserver	989	6306	.01	200	336704	15872662.667	2805.603
xt-30K-1000-120-2	sqlserver	989	6306	.01	300	363169.667	23499308	3026.128
xt-30K-1000-120-2	sqlserver	989	6306	.01	400	289502	29210189.667	2412.289
xt-30K-1000-120-2	sqlserver	989	6306	.01	500	270186.667	29383657.667	2251.338
xt-30K-1000-120-2	sqlserver	989	6306	.01	600	286776.333	38163884	2389.584
xt-30K-1000-120-2	sqlserver	989	6306	.01	700	325361.333	44210453.333	2711.085
xt-30K-1000-120-2	sqlserver	989	6306	.01	800	270796.667	42214647	2256.418
xt-30K-1000-120-2	sqlserver	989	6306	.01	900	242218	48399958	2018.292
xt-30K-1000-120-2	sqlserver	989	6306	.01	1000	254593	57026792.333	2121.396
xt-30K-1000-120-2	sqlserver	989	6307	.01	100	459848	10082192.667	3831.715
xt-30K-1000-120-2	sqlserver	989	6307	.01	200	337224.667	17648583.333	2809.939
xt-30K-1000-120-2	sqlserver	989	6307	.01	300	325909	20989776.333	2715.653
xt-30K-1000-120-2	sqlserver	989	6307	.01	400	282470.667	26860967	2353.706
xt-30K-1000-120-2	sqlserver	989	6307	.01	500	322837.333	34410265.333	2690.053
xt-30K-1000-120-2	sqlserver	989	6307	.01	600	343318.333	40246713	2860.717
xt-30K-1000-120-2	sqlserver	989	6307	.01	700	274783.667	36790503.333	2289.64
xt-30K-1000-120-2	sqlserver	989	6307	.01	800	263871.333	44013802	2198.716
xt-30K-1000-120-2	sqlserver	989	6307	.01	900	245970.667	49637056.667	2049.555
xt-30K-1000-120-2	sqlserver	989	6307	.01	1000	224243.333	50086202.333	1868.512
xt-30K-1000-120-2	sqlserver	989	6486	.1	100	391496.333	9296857	3262.143
xt-30K-1000-120-2	sqlserver	989	6486	.1	200	361547	17035089	3012.598
xt-30K-1000-120-2	sqlserver	989	6486	.1	300	256279	18632784.333	2135.445
xt-30K-1000-120-2	sqlserver	989	6486	.1	400	300446.333	23824207	2503.483
xt-30K-1000-120-2	sqlserver	989	6486	.1	500	323461.667	31438564.333	2695.244
xt-30K-1000-120-2	sqlserver	989	6486	.1	600	324012	37720708.667	2699.853
xt-30K-1000-120-2	sqlserver	989	6486	.1	700	267368	42281361.333	2227.854
xt-30K-1000-120-2	sqlserver	989	6486	.1	800	261393.333	44669351.667	2178.078
xt-30K-1000-120-2	sqlserver	989	6486	.1	900	233190.667	45237203.667	1943.066
xt-30K-1000-120-2	sqlserver	989	6486	.1	1000	233270	47548003	1943.726
xt-30K-1000-120-2	sqlserver	989	6487	.1	100	408875	9827933	3406.971
xt-30K-1000-120-2	sqlserver	989	6487	.1	200	341732.333	15407673.667	2847.502
xt-30K-1000-120-2	sqlserver	989	6487	.1	300	318005.667	22930014.333	2649.79
xt-30K-1000-120-2	sqlserver	989	6487	.1	400	314550	26430909.667	2620.988
xt-30K-1000-120-2	sqlserver	989	6487	.1	500	260573.667	23277601	2171.283
xt-30K-1000-120-2	sqlserver	989	6487	.1	600	298784.667	34458241.333	2489.735
xt-30K-1000-120-2	sqlserver	989	6487	.1	700	315016	41499988	2624.893
xt-30K-1000-120-2	sqlserver	989	6487	.1	800	291874.333	51391558.333	2432.047
xt-30K-1000-120-2	sqlserver	989	6487	.1	900	254612.667	46955574	2121.566
xt-30K-1000-120-2	sqlserver	989	6487	.1	1000	273608.333	58762939	2279.845
xt-30K-1000-120-2	sqlserver	989	6506	.1	100	388913.333	9316944.333	3240.629
xt-30K-1000-120-2	sqlserver	989	6506	.1	200	335373.333	16870676.333	2794.498
xt-30K-1000-120-2	sqlserver	989	6506	.1	300	263335	18790240	2194.243
xt-30K-1000-120-2	sqlserver	989	6506	.1	400	283272.333	26229260.333	2360.367
xt-30K-1000-120-2	sqlserver	989	6506	.1	500	331657	32229011	2763.538
xt-30K-1000-120-2	sqlserver	989	6506	.1	600	280330	35139090.667	2335.662
xt-30K-1000-120-2	sqlserver	989	6506	.1	700	298877	37697536	2490.413
xt-30K-1000-120-2	sqlserver	989	6506	.1	800	276828.333	47281982.667	2306.678
xt-30K-1000-120-2	sqlserver	989	6506	.1	900	274508.667	51340947.333	2287.353
xt-30K-1000-120-2	sqlserver	989	6506	.1	1000	253476.333	51986799	2112.097
xt-30K-1000-120-2	sqlserver	989	6507	.1	100	420412	8988989.667	3503.103
xt-30K-1000-120-2	sqlserver	989	6507	.1	200	323138	14677483	2692.555
xt-30K-1000-120-2	sqlserver	989	6507	.1	300	326778.667	21910902.667	2722.898
xt-30K-1000-120-2	sqlserver	989	6507	.1	400	274335.667	24774307.667	2285.908
xt-30K-1000-120-2	sqlserver	989	6507	.1	500	232863.333	26460496	1940.337
xt-30K-1000-120-2	sqlserver	989	6507	.1	600	327507.667	37796115.333	2728.963
xt-30K-1000-120-2	sqlserver	989	6507	.1	700	286191	40197446	2384.692
xt-30K-1000-120-2	sqlserver	989	6507	.1	800	275060	45022102	2291.942
xt-30K-1000-120-2	sqlserver	989	6507	.1	900	248536.333	49609076.333	2070.941
xt-30K-1000-120-2	sqlserver	989	6507	.1	1000	241409.667	50068624.667	2011.558
xt-30K-1000-120-2	sqlserver	989	6726	1	100	405413	9540946.667	3378.112
xt-30K-1000-120-2	sqlserver	989	6726	1	200	323149	16179401.333	2692.655
xt-30K-1000-120-2	sqlserver	989	6726	1	300	345171.667	23238912.333	2876.16
xt-30K-1000-120-2	sqlserver	989	6726	1	400	283032	26138494.333	2358.371
xt-30K-1000-120-2	sqlserver	989	6726	1	500	240154	26199838	2001.095
xt-30K-1000-120-2	sqlserver	989	6726	1	600	338156	38736439.667	2817.692
xt-30K-1000-120-2	sqlserver	989	6726	1	700	173936.667	26387184.667	1449.331
xt-30K-1000-120-2	sqlserver	989	6726	1	800	213550.333	35128427	1779.419
xt-30K-1000-120-2	sqlserver	989	6726	1	900	244124	52467196.667	2034.172
xt-30K-1000-120-2	sqlserver	989	6726	1	1000	252562.333	52903159.333	2104.481
xt-30K-1000-120-2	sqlserver	989	6727	1	100	400021	9106878.667	3333.186
xt-30K-1000-120-2	sqlserver	989	6727	1	200	325135	15347120.667	2709.194
xt-30K-1000-120-2	sqlserver	989	6727	1	300	250870.333	18816789.667	2090.383
xt-30K-1000-120-2	sqlserver	989	6727	1	400	257629	23046849.333	2146.701
xt-30K-1000-120-2	sqlserver	989	6727	1	500	216155.333	21864135.667	1801.125
xt-30K-1000-120-2	sqlserver	989	6727	1	600	231986	28653792.333	1933.034
xt-30K-1000-120-2	sqlserver	989	6727	1	700	321212	42679830.333	2676.505
xt-30K-1000-120-2	sqlserver	989	6727	1	800	288564.667	47617548.667	2404.477
xt-30K-1000-120-2	sqlserver	989	6727	1	900	303047.333	54674955	2525.156
xt-30K-1000-120-2	sqlserver	989	6727	1	1000	186734.333	42267916.667	1555.969
xt-30K-1000-120-2	sqlserver	989	6728	1	100	423970.333	9602691.333	3532.743
xt-30K-1000-120-2	sqlserver	989	6728	1	200	353133.667	15538119	2942.504
xt-30K-1000-120-2	sqlserver	989	6728	1	300	351678.667	23247361.667	2930.436
xt-30K-1000-120-2	sqlserver	989	6728	1	400	251233.333	22369106.333	2093.444
xt-30K-1000-120-2	sqlserver	989	6728	1	500	284043	29205037	2366.808
xt-30K-1000-120-2	sqlserver	989	6728	1	600	188163.667	23099365.667	1567.883
xt-30K-1000-120-2	sqlserver	989	6728	1	700	238209.333	31398993	1984.879
xt-30K-1000-120-2	sqlserver	989	6728	1	800	173174.667	31745446.333	1442.983
xt-30K-1000-120-2	sqlserver	989	6728	1	900	146479	28368122	1220.539
xt-30K-1000-120-2	sqlserver	989	6728	1	1000	142057.333	34879076.667	1183.7
xt-30K-1000-120-2	sqlserver	989	6746	1	100	415368.667	9475428	3461.07
xt-30K-1000-120-2	sqlserver	989	6746	1	200	362637	16013162.333	3021.69
xt-30K-1000-120-2	sqlserver	989	6746	1	300	326593.333	20688849.333	2721.362
xt-30K-1000-120-2	sqlserver	989	6746	1	400	264620.667	22995135.667	2204.952
xt-30K-1000-120-2	sqlserver	989	6746	1	500	276626.667	25400158	2305.005
xt-30K-1000-120-2	sqlserver	989	6746	1	600	278291.667	36319485.667	2318.865
xt-30K-1000-120-2	sqlserver	989	6746	1	700	271105.667	38010020.667	2259
xt-30K-1000-120-2	sqlserver	989	6746	1	800	253974.333	44742830.333	2116.252
xt-30K-1000-120-2	sqlserver	989	6746	1	900	205169.333	40815161.667	1709.573
xt-30K-1000-120-2	sqlserver	989	6746	1	1000	211962.667	47218426.667	1766.183
xt-30K-1000-120-4	sqlserver	1469	9372	.01	100	1173848.667	11984258	9781.121
xt-30K-1000-120-4	sqlserver	1469	9372	.01	200	1084688.667	23958270	9038.219
xt-30K-1000-120-4	sqlserver	1469	9372	.01	300	1036286.333	35967974	8634.88
xt-30K-1000-120-4	sqlserver	1469	9372	.01	400	1038423.333	47852922.333	8652.71
xt-30K-1000-120-4	sqlserver	1469	9372	.01	500	1148733	59613847.667	9571.842
xt-30K-1000-120-4	sqlserver	1469	9372	.01	600	1191599.333	71613305	9929.274
xt-30K-1000-120-4	sqlserver	1469	9372	.01	700	1110560.333	83243854.667	9254.054
xt-30K-1000-120-4	sqlserver	1469	9372	.01	800	1119486.333	95181454.667	9328.198
xt-30K-1000-120-4	sqlserver	1469	9372	.01	900	1065366.333	107238463.667	8877.165
xt-30K-1000-120-4	sqlserver	1469	9372	.01	1000	1088237.667	119397377.667	9067.766
xt-30K-1000-120-4	sqlserver	1469	9387	.01	100	1183685.333	11954710.667	9863.058
xt-30K-1000-120-4	sqlserver	1469	9387	.01	200	1101851.667	23824792.667	9181.179
xt-30K-1000-120-4	sqlserver	1469	9387	.01	300	1059660.333	35861105	8829.645
xt-30K-1000-120-4	sqlserver	1469	9387	.01	400	1053181	47651134	8775.631
xt-30K-1000-120-4	sqlserver	1469	9387	.01	500	1192535.333	59192177.333	9936.827
xt-30K-1000-120-4	sqlserver	1469	9387	.01	600	1167886.333	71163912.333	9731.413
xt-30K-1000-120-4	sqlserver	1469	9387	.01	700	1160792	83401645	9672.327
xt-30K-1000-120-4	sqlserver	1469	9387	.01	800	1103451.667	94836381.667	9194.537
xt-30K-1000-120-4	sqlserver	1469	9387	.01	900	1102293.333	107247232	9184.911
xt-30K-1000-120-4	sqlserver	1469	9387	.01	1000	1097353	119049656.333	9143.694
xt-30K-1000-120-4	sqlserver	1469	9388	.01	100	1191641.667	11977837.333	9929.41
xt-30K-1000-120-4	sqlserver	1469	9388	.01	200	1063255.667	23940241	8859.652
xt-30K-1000-120-4	sqlserver	1469	9388	.01	300	1070277	35881712.667	8918.132
xt-30K-1000-120-4	sqlserver	1469	9388	.01	400	1041864.667	47471850.333	8681.337
xt-30K-1000-120-4	sqlserver	1469	9388	.01	500	1126093.333	59453196.667	9383.251
xt-30K-1000-120-4	sqlserver	1469	9388	.01	600	1169675.667	71529801.333	9746.377
xt-30K-1000-120-4	sqlserver	1469	9388	.01	700	1130966.333	82830474.667	9423.804
xt-30K-1000-120-4	sqlserver	1469	9388	.01	800	1091018	95306404	9090.934
xt-30K-1000-120-4	sqlserver	1469	9388	.01	900	1079444	107053185	8994.492
xt-30K-1000-120-4	sqlserver	1469	9388	.01	1000	1122487	119162518	9353.123
xt-30K-1000-120-4	sqlserver	1469	9389	.01	100	1171696.667	11992051	9763.216
xt-30K-1000-120-4	sqlserver	1469	9389	.01	200	1089207	23886804	9075.867
xt-30K-1000-120-4	sqlserver	1469	9389	.01	300	1015154.333	35931898.667	8458.797
xt-30K-1000-120-4	sqlserver	1469	9389	.01	400	1056528	47759203	8803.593
xt-30K-1000-120-4	sqlserver	1469	9389	.01	500	1161423.333	59321919.667	9677.614
xt-30K-1000-120-4	sqlserver	1469	9389	.01	600	1173310	71160419	9776.633
xt-30K-1000-120-4	sqlserver	1469	9389	.01	700	1120833.333	83439423.333	9339.344
xt-30K-1000-120-4	sqlserver	1469	9389	.01	800	1126567	95221952.667	9387.171
xt-30K-1000-120-4	sqlserver	1469	9389	.01	900	1091687.667	106886280.667	9096.538
xt-30K-1000-120-4	sqlserver	1469	9389	.01	1000	1093735.667	119443804.667	9113.628
xt-30K-1000-120-4	sqlserver	1469	9390	.1	100	1152325.667	11981689.667	9601.754
xt-30K-1000-120-4	sqlserver	1469	9390	.1	200	1031878	23961655.667	8598.147
xt-30K-1000-120-4	sqlserver	1469	9390	.1	300	1039915.333	35903950.667	8665.167
xt-30K-1000-120-4	sqlserver	1469	9390	.1	400	1041378.333	47927840	8677.309
xt-30K-1000-120-4	sqlserver	1469	9390	.1	500	1155791	59457898.333	9630.683
xt-30K-1000-120-4	sqlserver	1469	9390	.1	600	1152424.667	71316555.333	9602.607
xt-30K-1000-120-4	sqlserver	1469	9390	.1	700	1114466.333	82943291	9286.317
xt-30K-1000-120-4	sqlserver	1469	9390	.1	800	1118766	94997866.333	9322.637
xt-30K-1000-120-4	sqlserver	1469	9390	.1	900	1105575.667	107129884.667	9212.107
xt-30K-1000-120-4	sqlserver	1469	9390	.1	1000	1058899.333	119192327.333	8823.328
xt-30K-1000-120-4	sqlserver	1469	9391	.1	100	1182825.667	11989328	9855.922
xt-30K-1000-120-4	sqlserver	1469	9391	.1	200	1063457.333	23897132.667	8861.258
xt-30K-1000-120-4	sqlserver	1469	9391	.1	300	1028614.667	35806967.333	8570.955
xt-30K-1000-120-4	sqlserver	1469	9391	.1	400	1043476.667	47625471.333	8694.793
xt-30K-1000-120-4	sqlserver	1469	9391	.1	500	1180770.667	59480838.667	9838.799
xt-30K-1000-120-4	sqlserver	1469	9391	.1	600	1214249.667	71468836.667	10117.764
xt-30K-1000-120-4	sqlserver	1469	9391	.1	700	1157883.333	83124501	9648.117
xt-30K-1000-120-4	sqlserver	1469	9391	.1	800	1126227.667	94967260.333	9384.344
xt-30K-1000-120-4	sqlserver	1469	9391	.1	900	1128407	106950632	9402.53
xt-30K-1000-120-4	sqlserver	1469	9391	.1	1000	1106078.333	118801033.333	9216.449
xt-30K-1000-120-4	sqlserver	1469	9392	.1	100	1178674.667	11935911.667	9821.307
xt-30K-1000-120-4	sqlserver	1469	9392	.1	200	1106103.667	23920918.333	9216.659
xt-30K-1000-120-4	sqlserver	1469	9392	.1	300	1061134	35797455	8841.949
xt-30K-1000-120-4	sqlserver	1469	9392	.1	400	1058889.667	47854563.667	8823.223
xt-30K-1000-120-4	sqlserver	1469	9392	.1	500	1182007.333	59393396.333	9849.076
xt-30K-1000-120-4	sqlserver	1469	9392	.1	600	1186609	71192518	9887.447
xt-30K-1000-120-4	sqlserver	1469	9392	.1	700	1100876.667	82964436.333	9173.105
xt-30K-1000-120-4	sqlserver	1469	9392	.1	800	1095311.667	95231723	9126.71
xt-30K-1000-120-4	sqlserver	1469	9392	.1	900	1088703	107225671	9071.643
xt-30K-1000-120-4	sqlserver	1469	9392	.1	1000	1065324	119035942	8876.836
xt-30K-1000-120-4	sqlserver	1469	9393	.1	100	1190192.667	11979790	9917.28
xt-30K-1000-120-4	sqlserver	1469	9393	.1	200	1048246.667	23924945.667	8734.539
xt-30K-1000-120-4	sqlserver	1469	9393	.1	300	1067083.667	35790427.333	8891.5
xt-30K-1000-120-4	sqlserver	1469	9393	.1	400	1072098	47505532.333	8933.306
xt-30K-1000-120-4	sqlserver	1469	9393	.1	500	1142078.333	59701117.333	9516.421
xt-30K-1000-120-4	sqlserver	1469	9393	.1	600	1159789.333	71412108	9664.241
xt-30K-1000-120-4	sqlserver	1469	9393	.1	700	1131314	83126730	9426.856
xt-30K-1000-120-4	sqlserver	1469	9393	.1	800	1128527.667	94875021.333	9403.51
xt-30K-1000-120-4	sqlserver	1469	9393	.1	900	1104626.667	107158137.333	9204.302
xt-30K-1000-120-4	sqlserver	1469	9393	.1	1000	1096942.333	119221546	9140.272
xt-30K-1000-120-4	sqlserver	1469	9394	1	100	1162046.667	11988732.667	9682.809
xt-30K-1000-120-4	sqlserver	1469	9394	1	200	1057917	23809164.333	8815.117
xt-30K-1000-120-4	sqlserver	1469	9394	1	300	1044760	35803583.333	8705.51
xt-30K-1000-120-4	sqlserver	1469	9394	1	400	1046489.667	47582636.333	8719.948
xt-30K-1000-120-4	sqlserver	1469	9394	1	500	1127333.667	59438769	9393.56
xt-30K-1000-120-4	sqlserver	1469	9394	1	600	1178096.667	71298002.667	9816.491
xt-30K-1000-120-4	sqlserver	1469	9394	1	700	1147894.333	82759095.333	9564.857
xt-30K-1000-120-4	sqlserver	1469	9394	1	800	1097053.333	95128519.333	9141.247
xt-30K-1000-120-4	sqlserver	1469	9394	1	900	1064926.667	107056831	8873.55
xt-30K-1000-120-4	sqlserver	1469	9394	1	1000	1092720.333	118701622.333	9105.143
xt-30K-1000-120-4	sqlserver	1469	9395	1	100	1184802.333	11957467.333	9872.392
xt-30K-1000-120-4	sqlserver	1469	9395	1	200	1069753.333	23903853	8913.769
xt-30K-1000-120-4	sqlserver	1469	9395	1	300	1044620	35872887.667	8704.321
xt-30K-1000-120-4	sqlserver	1469	9395	1	400	1034540.667	47300931	8620.333
xt-30K-1000-120-4	sqlserver	1469	9395	1	500	1177660.667	59353189	9812.884
xt-30K-1000-120-4	sqlserver	1469	9395	1	600	1181306.667	71289293.333	9843.238
xt-30K-1000-120-4	sqlserver	1469	9395	1	700	1099472.667	83234399	9161.381
xt-30K-1000-120-4	sqlserver	1469	9395	1	800	1116459.667	95037056	9302.951
xt-30K-1000-120-4	sqlserver	1469	9395	1	900	1100445	106861842.667	9169.483
xt-30K-1000-120-4	sqlserver	1469	9395	1	1000	1093106.333	119189723.667	9108.309
xt-30K-1000-120-4	sqlserver	1469	9396	1	100	1170910.333	11964320.333	9756.61
xt-30K-1000-120-4	sqlserver	1469	9396	1	200	1097082.333	23876406.667	9141.49
xt-30K-1000-120-4	sqlserver	1469	9396	1	300	1075941.667	35629887.333	8965.334
xt-30K-1000-120-4	sqlserver	1469	9396	1	400	1055551	47649448.667	8795.453
xt-30K-1000-120-4	sqlserver	1469	9396	1	500	1155690.667	59293252.667	9629.901
xt-30K-1000-120-4	sqlserver	1469	9396	1	600	1172259.333	70881859.667	9767.932
xt-30K-1000-120-4	sqlserver	1469	9396	1	700	1132875.333	83399084	9439.709
xt-30K-1000-120-4	sqlserver	1469	9396	1	800	1087687.667	94999166.667	9063.158
xt-30K-1000-120-4	sqlserver	1469	9396	1	900	1107447	107096233.333	9227.828
xt-30K-1000-120-4	sqlserver	1469	9396	1	1000	1072050	119494164.667	8932.882
xt-30K-1000-120-4	sqlserver	1469	9397	1	100	1165871.333	11968250.333	9714.623
xt-30K-1000-120-4	sqlserver	1469	9397	1	200	1069151.667	23898811.667	8908.781
xt-30K-1000-120-4	sqlserver	1469	9397	1	300	1051379.667	35821672	8760.645
xt-30K-1000-120-4	sqlserver	1469	9397	1	400	1042453.667	47509627.333	8686.292
xt-30K-1000-120-4	sqlserver	1469	9397	1	500	1093917.333	59729344.333	9115.066
xt-30K-1000-120-4	sqlserver	1469	9397	1	600	1172114.667	71266452	9766.7
xt-30K-1000-120-4	sqlserver	1469	9397	1	700	1115228	83225406	9292.689
xt-30K-1000-120-4	sqlserver	1469	9397	1	800	1064812	94776546.667	8872.596
xt-30K-1000-120-4	sqlserver	1469	9397	1	900	977227.667	107029627.667	8142.817
xt-30K-1000-120-4	sqlserver	1469	9397	1	1000	967283.667	118899941	8059.914
xt-30K-1000-120-8	sqlserver	1769	9303	.01	100	154909.667	11989674	1290.796
xt-30K-1000-120-8	sqlserver	1769	9303	.01	200	154455.333	23951936	1287.013
xt-30K-1000-120-8	sqlserver	1769	9303	.01	300	154089.333	35917648	1283.96
xt-30K-1000-120-8	sqlserver	1769	9303	.01	400	153822.333	47884710	1281.735
xt-30K-1000-120-8	sqlserver	1769	9303	.01	500	153084.667	59796860.667	1275.592
xt-30K-1000-120-8	sqlserver	1769	9303	.01	600	152064	71717504.333	1267.087
xt-30K-1000-120-8	sqlserver	1769	9303	.01	700	151863.667	83657455.333	1265.418
xt-30K-1000-120-8	sqlserver	1769	9303	.01	800	151319	95549131.333	1260.876
xt-30K-1000-120-8	sqlserver	1769	9303	.01	900	150861	107478399.333	1257.06
xt-30K-1000-120-8	sqlserver	1769	9303	.01	1000	150609.667	119308709.333	1254.966
xt-30K-1000-120-8	sqlserver	1769	9324	.01	100	158228.333	11987554	1318.449
xt-30K-1000-120-8	sqlserver	1769	9324	.01	200	158063.333	23959111	1317.074
xt-30K-1000-120-8	sqlserver	1769	9324	.01	300	157234.333	35897138.667	1310.166
xt-30K-1000-120-8	sqlserver	1769	9324	.01	400	156944	47906255.667	1307.747
xt-30K-1000-120-8	sqlserver	1769	9324	.01	500	155984	59744604.667	1299.748
xt-30K-1000-120-8	sqlserver	1769	9324	.01	600	154880.667	71753931.667	1290.554
xt-30K-1000-120-8	sqlserver	1769	9324	.01	700	154563	83716276.333	1287.911
xt-30K-1000-120-8	sqlserver	1769	9324	.01	800	154199	95508720.333	1284.877
xt-30K-1000-120-8	sqlserver	1769	9324	.01	900	153954.667	107470737.333	1282.838
xt-30K-1000-120-8	sqlserver	1769	9324	.01	1000	153391.667	119361600	1278.147
xt-30K-1000-120-8	sqlserver	1769	9325	.01	100	160432.333	11991917	1336.817
xt-30K-1000-120-8	sqlserver	1769	9325	.01	200	160634	23961844	1338.487
xt-30K-1000-120-8	sqlserver	1769	9325	.01	300	160348.667	35947408.333	1336.191
xt-30K-1000-120-8	sqlserver	1769	9325	.01	400	159980	47885989.333	1333.033
xt-30K-1000-120-8	sqlserver	1769	9325	.01	500	159556	59756578	1329.283
xt-30K-1000-120-8	sqlserver	1769	9325	.01	600	157992.333	71741252.333	1316.482
xt-30K-1000-120-8	sqlserver	1769	9325	.01	700	157632	83597893.667	1313.48
xt-30K-1000-120-8	sqlserver	1769	9325	.01	800	157297.667	95544613.667	1310.694
xt-30K-1000-120-8	sqlserver	1769	9325	.01	900	157185.667	107468859.667	1309.76
xt-30K-1000-120-8	sqlserver	1769	9325	.01	1000	156823.333	119354764	1306.741
xt-30K-1000-120-8	sqlserver	1769	9326	.01	100	165161	11983320.667	1376.219
xt-30K-1000-120-8	sqlserver	1769	9326	.01	200	163772.333	23969820.667	1364.652
xt-30K-1000-120-8	sqlserver	1769	9326	.01	300	163497.667	35918045	1362.356
xt-30K-1000-120-8	sqlserver	1769	9326	.01	400	162920.333	47890699.667	1357.549
xt-30K-1000-120-8	sqlserver	1769	9326	.01	500	162777.333	59836544.667	1356.353
xt-30K-1000-120-8	sqlserver	1769	9326	.01	600	161396.667	71687073	1344.856
xt-30K-1000-120-8	sqlserver	1769	9326	.01	700	160710	83696782	1339.127
xt-30K-1000-120-8	sqlserver	1769	9326	.01	800	160625.667	95590734.667	1338.425
xt-30K-1000-120-8	sqlserver	1769	9326	.01	900	160564	107485886.667	1337.911
xt-30K-1000-120-8	sqlserver	1769	9326	.01	1000	159803.667	119296956	1331.575
xt-30K-1000-120-8	sqlserver	1769	9327	.1	100	153782.667	11982130	1281.408
xt-30K-1000-120-8	sqlserver	1769	9327	.1	200	154271.667	23953083.667	1285.479
xt-30K-1000-120-8	sqlserver	1769	9327	.1	300	153635.667	35925125	1280.183
xt-30K-1000-120-8	sqlserver	1769	9327	.1	400	153352.667	47891891.667	1277.825
xt-30K-1000-120-8	sqlserver	1769	9327	.1	500	152661	59815527.333	1272.065
xt-30K-1000-120-8	sqlserver	1769	9327	.1	600	151604	71732283.333	1263.251
xt-30K-1000-120-8	sqlserver	1769	9327	.1	700	151118	83702742.667	1259.201
xt-30K-1000-120-8	sqlserver	1769	9327	.1	800	150815	95563911.333	1256.676
xt-30K-1000-120-8	sqlserver	1769	9327	.1	900	150640.667	107478656.333	1255.231
xt-30K-1000-120-8	sqlserver	1769	9327	.1	1000	150380	119388676.333	1253.052
xt-30K-1000-120-8	sqlserver	1769	9330	.1	100	156918	11992359.333	1307.53
xt-30K-1000-120-8	sqlserver	1769	9330	.1	200	156891.333	23970793.667	1307.308
xt-30K-1000-120-8	sqlserver	1769	9330	.1	300	156520	35913733.667	1304.217
xt-30K-1000-120-8	sqlserver	1769	9330	.1	400	155834.667	47853348.667	1298.507
xt-30K-1000-120-8	sqlserver	1769	9330	.1	500	155346.333	59778311.333	1294.438
xt-30K-1000-120-8	sqlserver	1769	9330	.1	600	154442.333	71714601	1286.901
xt-30K-1000-120-8	sqlserver	1769	9330	.1	700	154285	83675568.667	1285.594
xt-30K-1000-120-8	sqlserver	1769	9330	.1	800	153793.667	95597791	1281.496
xt-30K-1000-120-8	sqlserver	1769	9330	.1	900	153412.667	107511294	1278.322
xt-30K-1000-120-8	sqlserver	1769	9330	.1	1000	153082.333	119400715.333	1275.516
xt-30K-1000-120-8	sqlserver	1769	9331	.1	100	160048	11990824.333	1333.611
xt-30K-1000-120-8	sqlserver	1769	9331	.1	200	161559.333	23954555	1346.204
xt-30K-1000-120-8	sqlserver	1769	9331	.1	300	160243	35943630	1335.236
xt-30K-1000-120-8	sqlserver	1769	9331	.1	400	159876.333	47879465.333	1332.181
xt-30K-1000-120-8	sqlserver	1769	9331	.1	500	158696.333	59797725.667	1322.352
xt-30K-1000-120-8	sqlserver	1769	9331	.1	600	157713.333	71718409	1314.157
xt-30K-1000-120-8	sqlserver	1769	9331	.1	700	157037.667	83645605.667	1308.527
xt-30K-1000-120-8	sqlserver	1769	9331	.1	800	156716.667	95603836	1305.856
xt-30K-1000-120-8	sqlserver	1769	9331	.1	900	156725.333	107459223.667	1305.925
xt-30K-1000-120-8	sqlserver	1769	9331	.1	1000	156147.333	119360021	1301.112
xt-30K-1000-120-8	sqlserver	1769	9332	.1	100	164240	11986413.667	1368.545
xt-30K-1000-120-8	sqlserver	1769	9332	.1	200	163426.667	23959166.333	1361.764
xt-30K-1000-120-8	sqlserver	1769	9332	.1	300	163902.667	35915191	1365.734
xt-30K-1000-120-8	sqlserver	1769	9332	.1	400	162478.333	47859544.333	1353.866
xt-30K-1000-120-8	sqlserver	1769	9332	.1	500	162105.667	59806667	1350.757
xt-30K-1000-120-8	sqlserver	1769	9332	.1	600	161292.333	71687984	1343.98
xt-30K-1000-120-8	sqlserver	1769	9332	.1	700	160539.667	83659767	1337.708
xt-30K-1000-120-8	sqlserver	1769	9332	.1	800	160112	95595570.667	1334.189
xt-30K-1000-120-8	sqlserver	1769	9332	.1	900	159768.333	107493975.667	1331.31
xt-30K-1000-120-8	sqlserver	1769	9332	.1	1000	159085.333	119360439.333	1325.586
xt-30K-1000-120-8	sqlserver	1769	9333	1	100	150183.667	11983629	1251.419
xt-30K-1000-120-8	sqlserver	1769	9333	1	200	149219.333	23956125.333	1243.38
xt-30K-1000-120-8	sqlserver	1769	9333	1	300	149540.333	35905808	1246.062
xt-30K-1000-120-8	sqlserver	1769	9333	1	400	148929	47867224.333	1240.965
xt-30K-1000-120-8	sqlserver	1769	9333	1	500	148486	59799097.667	1237.277
xt-30K-1000-120-8	sqlserver	1769	9333	1	600	147739	71683209.333	1231.049
xt-30K-1000-120-8	sqlserver	1769	9333	1	700	147247	83645333.667	1226.946
xt-30K-1000-120-8	sqlserver	1769	9333	1	800	146839.333	95516496.667	1223.552
xt-30K-1000-120-8	sqlserver	1769	9333	1	900	146615.333	107443663.667	1221.682
xt-30K-1000-120-8	sqlserver	1769	9333	1	1000	146493.333	119365926.667	1220.669
xt-30K-1000-120-8	sqlserver	1769	9335	1	100	153281	11989456.667	1277.228
xt-30K-1000-120-8	sqlserver	1769	9335	1	200	150482.667	23960833	1253.907
xt-30K-1000-120-8	sqlserver	1769	9335	1	300	151854.667	35908214.333	1265.343
xt-30K-1000-120-8	sqlserver	1769	9335	1	400	151865.333	47847663.667	1265.428
xt-30K-1000-120-8	sqlserver	1769	9335	1	500	151227	59809893.667	1260.117
xt-30K-1000-120-8	sqlserver	1769	9335	1	600	140957	71754688.667	1174.534
xt-30K-1000-120-8	sqlserver	1769	9335	1	700	137225.333	83597227.667	1143.443
xt-30K-1000-120-8	sqlserver	1769	9335	1	800	139474.333	95570956.667	1162.183
xt-30K-1000-120-8	sqlserver	1769	9335	1	900	142400.333	107504907.333	1186.567
xt-30K-1000-120-8	sqlserver	1769	9335	1	1000	144634	119399458.667	1205.176
xt-30K-1000-120-8	sqlserver	1769	9338	1	100	156173.333	11989867	1301.325
xt-30K-1000-120-8	sqlserver	1769	9338	1	200	155049.667	23947042	1291.966
xt-30K-1000-120-8	sqlserver	1769	9338	1	300	154686.667	35907140.333	1288.937
xt-30K-1000-120-8	sqlserver	1769	9338	1	400	154412.333	47884745	1286.652
xt-30K-1000-120-8	sqlserver	1769	9338	1	500	153663.333	59785046.333	1280.41
xt-30K-1000-120-8	sqlserver	1769	9338	1	600	152720.333	71700065.667	1272.553
xt-30K-1000-120-8	sqlserver	1769	9338	1	700	152194	83659175.333	1268.171
xt-30K-1000-120-8	sqlserver	1769	9338	1	800	152135	95563186	1267.679
xt-30K-1000-120-8	sqlserver	1769	9338	1	900	151436	107438117.667	1261.855
xt-30K-1000-120-8	sqlserver	1769	9338	1	1000	151405.667	119343173.333	1261.598
xt-30K-1000-120-8	sqlserver	1769	9386	1	100	159561.333	11991556.667	1329.56
xt-30K-1000-120-8	sqlserver	1769	9386	1	200	157652	23955504.667	1313.65
xt-30K-1000-120-8	sqlserver	1769	9386	1	300	158470.667	35910317	1320.475
xt-30K-1000-120-8	sqlserver	1769	9386	1	400	158015	47882569.333	1316.671
xt-30K-1000-120-8	sqlserver	1769	9386	1	500	157082.667	59796153.333	1308.91
xt-30K-1000-120-8	sqlserver	1769	9386	1	600	156765.333	71759389	1306.262
xt-30K-1000-120-8	sqlserver	1769	9386	1	700	155877.667	83659997.667	1298.861
xt-30K-1000-120-8	sqlserver	1769	9386	1	800	155432.667	95579407	1295.157
xt-30K-1000-120-8	sqlserver	1769	9386	1	900	154567	107493069	1287.94
xt-30K-1000-120-8	sqlserver	1769	9386	1	1000	154626	119408807.667	1288.439
