"RNUM"	"DBMS"	"EXPERIMENTNAME"	"RUNID"	"BATCHSETID"	"PK"	"NUMPROCESSORS"	"ACTROWPOOL"	"PCTREAD"	"PCTUPDATE"	"ATP"	"MAXMPL"
"1"	"db2"	"pk-xt-1M-1000-120-1"	1351	7207	1	0	0	0	0.25	0.000422	1
"2"	"db2"	"pk-xt-1M-1000-120-1"	1351	7246	1	0	0.333333333333333	0	0.25	0.000426	1
"3"	"db2"	"pk-xt-1M-1000-120-1"	1351	7286	1	0	0.666666666666667	0	0.25	0.000514	1
"4"	"db2"	"pk-xt-1M-1000-120-1"	1351	7306	1	0	1	0	0.25	0.00052	1
"5"	"db2"	"pk-xt-1M-1000-120-1"	1351	7327	1	0	0	0	0.5	0.000466	1
"6"	"db2"	"pk-xt-1M-1000-120-1"	1351	7366	1	0	0.333333333333333	0	0.5	0.000496	1
"7"	"db2"	"pk-xt-1M-1000-120-1"	1351	7406	1	0	0.666666666666667	0	0.5	0.000547	1
"8"	"db2"	"pk-xt-1M-1000-120-1"	1351	7427	1	0	1	0	0.5	0.000586	1
"9"	"db2"	"pk-xt-1M-1000-120-1"	1351	7467	1	0	0	0	0.75	0.000431	1
"10"	"db2"	"pk-xt-1M-1000-120-1"	1351	7506	1	0	0.333333333333333	0	0.75	0.000463	1
"11"	"db2"	"pk-xt-1M-1000-120-1"	1351	7546	1	0	0.666666666666667	0	0.75	0.000501	1
"12"	"db2"	"pk-xt-1M-1000-120-1"	1351	7587	1	0	1	0	0.75	0.000567	1
"13"	"db2"	"pk-xt-1M-1000-120-1"	1351	7627	1	0	0	0	1	0.000455	1
"14"	"db2"	"pk-xt-1M-1000-120-1"	1351	7666	1	0	0.333333333333333	0	1	0.00037	1
"15"	"db2"	"pk-xt-1M-1000-120-1"	1351	7686	1	0	0.666666666666667	0	1	0.000443	1
"16"	"db2"	"pk-xt-1M-1000-120-1"	1351	7706	1	0	1	0	1	0.00051	0
"17"	"db2"	"pk-xt-1M-1000-120-1"	1351	7726	1	0	0	0.01	0	0.000281	1
"18"	"db2"	"pk-xt-1M-1000-120-1"	1351	7747	1	0	0.333333333333333	0.01	0	0.000435	1
"19"	"db2"	"pk-xt-1M-1000-120-1"	1351	7766	1	0	0.666666666666667	0.01	0	0.000267	0.6
"20"	"db2"	"pk-xt-1M-1000-120-1"	1351	7786	1	0	1	0.01	0	0.000334	0.1
"21"	"db2"	"pk-xt-1M-1000-120-1"	1351	8126	1	0	0	0.1	0	0.000474	1
"22"	"db2"	"pk-xt-1M-1000-120-1"	1351	8146	1	0	0.333333333333333	0.1	0	0.000306	1
"23"	"db2"	"pk-xt-1M-1000-120-1"	1351	8166	1	0	0.666666666666667	0.1	0	0.000268	0.7
"24"	"db2"	"pk-xt-1M-1000-120-1"	1351	8186	1	0	1	0.1	0	0.000435	1
"25"	"db2"	"pk-xt-1M-1000-120-1"	1351	8526	1	0	0	1	0	0.000329	1
"26"	"db2"	"pk-xt-1M-1000-120-1"	1351	8547	1	0	0.333333333333333	1	0	0.000274	0.2
"27"	"db2"	"pk-xt-1M-1000-120-1"	1351	8567	1	0	0.666666666666667	1	0	0.000331	0.1
"28"	"db2"	"pk-xt-1M-1000-120-1"	1351	8586	1	0	1	1	0	0.000316	0
"29"	"db2"	"pk-xt-1M-1000-120-2"	1710	9266	1	0.142857142857143	0	0	0.25	0.000203	1
"30"	"db2"	"pk-xt-1M-1000-120-2"	1710	9305	1	0.142857142857143	0.333333333333333	0	0.25	0.000295	0.4
"31"	"db2"	"pk-xt-1M-1000-120-2"	1710	9306	1	0.142857142857143	0.666666666666667	0	0.25	0.000272	0.6
"32"	"db2"	"pk-xt-1M-1000-120-2"	1710	9308	1	0.142857142857143	1	0	0.25	0.000342	0.2
"33"	"db2"	"pk-xt-1M-1000-120-2"	1710	9310	1	0.142857142857143	0	0	0.5	0.000278	0.5
"34"	"db2"	"pk-xt-1M-1000-120-2"	1710	9312	1	0.142857142857143	0.333333333333333	0	0.5	0.000835	1
"35"	"db2"	"pk-xt-1M-1000-120-2"	1710	9313	1	0.142857142857143	0.666666666666667	0	0.5	0.001153	1
"36"	"db2"	"pk-xt-1M-1000-120-2"	1710	9315	1	0.142857142857143	1	0	0.5	0.000598	1
"37"	"db2"	"pk-xt-1M-1000-120-2"	1710	9329	1	0.142857142857143	0	0	1	0.000593	1
"38"	"db2"	"pk-xt-1M-1000-120-2"	1710	9434	1	0.142857142857143	0.333333333333333	0.01	0	0.861974	1
"39"	"db2"	"pk-xt-1M-1000-120-2"	1710	9436	1	0.142857142857143	0.666666666666667	0.01	0	0.85175	1
"40"	"db2"	"pk-xt-1M-1000-120-2"	1710	9439	1	0.142857142857143	1	0.01	0	0.97392	1
"41"	"db2"	"pk-xt-1M-1000-120-2"	1710	9441	1	0.142857142857143	0	0.1	0	0.038614	1
"42"	"db2"	"pk-xt-1M-1000-120-2"	1710	9443	1	0.142857142857143	0.333333333333333	0.1	0	0.030341	0.4
"43"	"db2"	"pk-xt-1M-1000-120-2"	1710	9445	1	0.142857142857143	0.666666666666667	0.1	0	0.073825	0.1
"44"	"db2"	"pk-xt-1M-1000-120-2"	1710	9447	1	0.142857142857143	1	0.1	0	0.015415	1
"45"	"db2"	"pk-xt-1M-1000-120-4"	1630	8686	1	0.428571428571429	0	0	0.25	9.9e-05	0.6
"46"	"db2"	"pk-xt-1M-1000-120-4"	1630	9413	1	0.428571428571429	1	0	0.25	8.5e-05	1
"47"	"db2"	"pk-xt-1M-1000-120-4"	1630	9415	1	0.428571428571429	0	0	0.5	0.000313	1
"48"	"db2"	"pk-xt-1M-1000-120-4"	1630	9417	1	0.428571428571429	0.333333333333333	0	0.5	0.000327	1
"49"	"db2"	"pk-xt-1M-1000-120-4"	1630	9418	1	0.428571428571429	0.666666666666667	0	0.5	0.000346	1
"50"	"db2"	"pk-xt-1M-1000-120-4"	1630	9420	1	0.428571428571429	1	0	0.5	0.000358	1
"51"	"db2"	"pk-xt-1M-1000-120-4"	1630	9422	1	0.428571428571429	0	0	0.75	0.000308	1
"52"	"db2"	"pk-xt-1M-1000-120-4"	1630	9424	1	0.428571428571429	0.333333333333333	0	0.75	0.000308	1
"53"	"db2"	"pk-xt-1M-1000-120-4"	1630	9426	1	0.428571428571429	0.666666666666667	0	0.75	0.000305	1
"54"	"db2"	"pk-xt-1M-1000-120-4"	1630	9427	1	0.428571428571429	1	0	0.75	0.000299	1
"55"	"db2"	"pk-xt-1M-1000-120-4"	1630	9429	1	0.428571428571429	0	0	1	0.000306	1
"56"	"db2"	"pk-xt-1M-1000-120-4"	1630	9431	1	0.428571428571429	0.333333333333333	0	1	0.000298	1
"57"	"db2"	"pk-xt-1M-1000-120-4"	1630	9433	1	0.428571428571429	0.666666666666667	0	1	0.00031	1
"58"	"db2"	"pk-xt-1M-1000-120-4"	1630	9435	1	0.428571428571429	1	0	1	0.000318	1
"59"	"db2"	"pk-xt-1M-1000-120-4"	1630	9438	1	0.428571428571429	0	0.01	0	0.225976	1
"60"	"db2"	"pk-xt-1M-1000-120-4"	1630	9440	1	0.428571428571429	0.333333333333333	0.01	0	0.708704	1
"61"	"db2"	"pk-xt-1M-1000-120-4"	1630	9442	1	0.428571428571429	0.666666666666667	0.01	0	0.677626	1
"62"	"db2"	"pk-xt-1M-1000-120-4"	1630	9444	1	0.428571428571429	1	0.01	0	1	1
"63"	"db2"	"pk-xt-1M-1000-120-4"	1630	9446	1	0.428571428571429	0	0.1	0	0.014994	0.5
"64"	"db2"	"pk-xt-1M-1000-120-4"	1630	9449	1	0.428571428571429	0.333333333333333	0.1	0	0.005917	0.4
"65"	"db2"	"pk-xt-1M-1000-120-4"	1630	9451	1	0.428571428571429	0.666666666666667	0.1	0	0.008513	0.6
"66"	"db2"	"pk-xt-1M-1000-120-4"	1630	9453	1	0.428571428571429	1	0.1	0	0.083339	0.4
"67"	"db2"	"pk-xt-1M-1000-120-4"	1630	9455	1	0.428571428571429	0	1	0	0.00612	1
"68"	"db2"	"pk-xt-1M-1000-120-4"	1630	9456	1	0.428571428571429	0.333333333333333	1	0	0.000841	1
"69"	"db2"	"pk-xt-1M-1000-120-8"	1869	9295	1	1	0	0	0.25	0.000307	1
"70"	"db2"	"pk-xt-1M-1000-120-8"	1869	9304	1	1	0.333333333333333	0	0.25	0.000318	1
"71"	"db2"	"pk-xt-1M-1000-120-8"	1869	9307	1	1	0.666666666666667	0	0.25	0.000326	1
"72"	"db2"	"pk-xt-1M-1000-120-8"	1869	9309	1	1	1	0	0.25	0.000341	1
"73"	"db2"	"pk-xt-1M-1000-120-8"	1869	9311	1	1	0	0	0.5	0.00032	1
"74"	"db2"	"pk-xt-1M-1000-120-8"	1869	9314	1	1	0.333333333333333	0	0.5	0.000321	1
"75"	"db2"	"pk-xt-1M-1000-120-8"	1869	9316	1	1	0.666666666666667	0	0.5	0.000328	1
"76"	"db2"	"pk-xt-1M-1000-120-8"	1869	9318	1	1	1	0	0.5	0.000335	1
"77"	"db2"	"pk-xt-1M-1000-120-8"	1869	9320	1	1	0	0	0.75	0.000322	1
"78"	"db2"	"pk-xt-1M-1000-120-8"	1869	9322	1	1	0.333333333333333	0	0.75	0.00032	1
"79"	"db2"	"pk-xt-1M-1000-120-8"	1869	9328	1	1	0.666666666666667	0	0.75	0.000312	1
"80"	"db2"	"pk-xt-1M-1000-120-8"	1869	9336	1	1	1	0	0.75	0.000311	1
"81"	"db2"	"pk-xt-1M-1000-120-8"	1869	9339	1	1	0	0	1	0.000311	1
"82"	"db2"	"pk-xt-1M-1000-120-8"	1869	9348	1	1	0.333333333333333	0	1	0.00031	1
"83"	"db2"	"pk-xt-1M-1000-120-8"	1869	9353	1	1	0.666666666666667	0	1	0.000253	0.7
"84"	"db2"	"pk-xt-1M-1000-120-8"	1869	9355	1	1	1	0	1	0.000307	1
"85"	"db2"	"pk-xt-1M-1000-120-8"	1869	9409	1	1	0	0.01	0	0.229566	0.5
"86"	"db2"	"pk-xt-1M-1000-120-8"	1869	9412	1	1	0.333333333333333	0.01	0	0.885574	1
"87"	"db2"	"pk-xt-1M-1000-120-8"	1869	9414	1	1	0.666666666666667	0.01	0	0.933314	1
"88"	"db2"	"pk-xt-1M-1000-120-8"	1869	9416	1	1	1	0.01	0	2e-06	1
"89"	"db2"	"pk-xt-1M-1000-120-8"	1869	9419	1	1	0	0.1	0	1e-06	1
"90"	"db2"	"pk-xt-1M-1000-120-8"	1869	9421	1	1	0.333333333333333	0.1	0	0	1
"91"	"db2"	"pk-xt-1M-1000-120-8"	1869	9423	1	1	0.666666666666667	0.1	0	0	1
"92"	"db2"	"pk-xt-1M-1000-120-8"	1869	9425	1	1	1	0.1	0	0.051251	0.3
"93"	"db2"	"pk-xt-1M-1000-120-8"	1869	9428	1	1	0	1	0	0.00259	0.6
"94"	"db2"	"pk-xt-1M-1000-120-8"	1869	9430	1	1	0.333333333333333	1	0	0.016907	0.4
"95"	"db2"	"pk-xt-1M-1000-120-8"	1869	9432	1	1	0.666666666666667	1	0	4.6e-05	1
"96"	"db2"	"pk-xt-1M-1000-120-8"	1869	9437	1	1	1	1	0	2e-06	1
"97"	"db2"	"xt-1M-1000-120-1"	689	1602	0	0	0	0	0.25	0.000337	1
"98"	"db2"	"xt-1M-1000-120-1"	689	1623	0	0	0.333333333333333	0	0.25	0.00033	1
"99"	"db2"	"xt-1M-1000-120-1"	689	1661	0	0	0.666666666666667	0	0.25	0.000818	0.4
"100"	"db2"	"xt-1M-1000-120-1"	689	1683	0	0	1	0	0.25	0.000803	1
"101"	"db2"	"xt-1M-1000-120-1"	689	1723	0	0	0	0	0.5	0.000356	1
"102"	"db2"	"xt-1M-1000-120-1"	689	1763	0	0	0.333333333333333	0	0.5	0.000318	1
"103"	"db2"	"xt-1M-1000-120-1"	689	1801	0	0	0.666666666666667	0	0.5	0.000768	1
"104"	"db2"	"xt-1M-1000-120-1"	689	1842	0	0	1	0	0.5	0.000847	0.6
"105"	"db2"	"xt-1M-1000-120-1"	689	1882	0	0	0	0	0.75	0.000348	1
"106"	"db2"	"xt-1M-1000-120-1"	689	1902	0	0	0.333333333333333	0	0.75	0.000347	1
"107"	"db2"	"xt-1M-1000-120-1"	689	1923	0	0	0.666666666666667	0	0.75	0.000766	0
"108"	"db2"	"xt-1M-1000-120-1"	689	1943	0	0	1	0	0.75	0.000795	0.1
"109"	"db2"	"xt-1M-1000-120-1"	689	1983	0	0	0	0	1	0.000356	1
"110"	"db2"	"xt-1M-1000-120-1"	689	2022	0	0	0.333333333333333	0	1	0.000339	1
"111"	"db2"	"xt-1M-1000-120-1"	689	2043	0	0	0.666666666666667	0	1	0.000767	0.5
"112"	"db2"	"xt-1M-1000-120-1"	689	2083	0	0	1	0	1	0.000717	0.5
"113"	"db2"	"xt-1M-1000-120-1"	689	2123	0	0	0	0.01	0	0.00026	0.4
"114"	"db2"	"xt-1M-1000-120-1"	689	2142	0	0	0.333333333333333	0.01	0	0.000246	0.1
"115"	"db2"	"xt-1M-1000-120-1"	689	2144	0	0	0.666666666666667	0.01	0	0.000246	0.1
"116"	"db2"	"xt-1M-1000-120-1"	689	2147	0	0	1	0.01	0	0.000283	0.1
"117"	"db2"	"xt-1M-1000-120-1"	689	2503	0	0	0	0.1	0	0.000221	0.1
"118"	"db2"	"xt-1M-1000-120-1"	689	2522	0	0	0.333333333333333	0.1	0	0.000295	0.1
"119"	"db2"	"xt-1M-1000-120-1"	689	2541	0	0	0.666666666666667	0.1	0	0.000378	0.1
"120"	"db2"	"xt-1M-1000-120-1"	689	4105	0	0	0	1	0	0.000281	1
"121"	"db2"	"xt-1M-1000-120-1"	689	4124	0	0	0.333333333333333	1	0	0.00024	0.1
"122"	"db2"	"xt-1M-1000-120-1"	689	4125	0	0	0.666666666666667	1	0	0.000242	1
"123"	"db2"	"xt-1M-1000-120-1"	689	4144	0	0	1	1	0	0.000256	0.2
"124"	"db2"	"xt-1M-1000-120-2"	949	401	0	0.142857142857143	0	0	0.25	0.000233	1
"125"	"db2"	"xt-1M-1000-120-2"	949	422	0	0.142857142857143	0.333333333333333	0	0.25	0.000242	1
"126"	"db2"	"xt-1M-1000-120-2"	949	462	0	0.142857142857143	0.666666666666667	0	0.25	0.000247	0.6
"127"	"db2"	"xt-1M-1000-120-2"	949	482	0	0.142857142857143	1	0	0.25	0.000243	1
"128"	"db2"	"xt-1M-1000-120-2"	949	521	0	0.142857142857143	0	0	0.5	0.000212	1
"129"	"db2"	"xt-1M-1000-120-2"	949	542	0	0.142857142857143	0.333333333333333	0	0.5	0.000239	0.4
"130"	"db2"	"xt-1M-1000-120-2"	949	582	0	0.142857142857143	0.666666666666667	0	0.5	0.000213	1
"131"	"db2"	"xt-1M-1000-120-2"	949	601	0	0.142857142857143	1	0	0.5	0.000219	1
"132"	"db2"	"xt-1M-1000-120-2"	949	641	0	0.142857142857143	0	0	0.75	0.000211	1
"133"	"db2"	"xt-1M-1000-120-2"	949	662	0	0.142857142857143	0.333333333333333	0	0.75	0.000232	0.4
"134"	"db2"	"xt-1M-1000-120-2"	949	702	0	0.142857142857143	0.666666666666667	0	0.75	0.00024	0.6
"135"	"db2"	"xt-1M-1000-120-2"	949	741	0	0.142857142857143	1	0	0.75	0.000252	0.6
"136"	"db2"	"xt-1M-1000-120-2"	949	762	0	0.142857142857143	0	0	1	0.000224	0.7
"137"	"db2"	"xt-1M-1000-120-2"	949	841	0	0.142857142857143	0.666666666666667	0	1	0.000212	1
"138"	"db2"	"xt-1M-1000-120-2"	949	862	0	0.142857142857143	1	0	1	0.000237	0.5
"139"	"db2"	"xt-1M-1000-120-2"	949	902	0	0.142857142857143	0	0.01	0	0.000201	1
"140"	"db2"	"xt-1M-1000-120-2"	949	941	0	0.142857142857143	0.333333333333333	0.01	0	0.000217	1
"141"	"db2"	"xt-1M-1000-120-2"	949	962	0	0.142857142857143	0.666666666666667	0.01	0	0.000245	0.4
"142"	"db2"	"xt-1M-1000-120-2"	949	1001	0	0.142857142857143	1	0.01	0	0.000179	0.3
"143"	"db2"	"xt-1M-1000-120-2"	949	1441	0	0.142857142857143	0	0.1	0	0.000143	0.7
"144"	"db2"	"xt-1M-1000-120-2"	949	1461	0	0.142857142857143	0.333333333333333	0.1	0	0.00018	0.5
"145"	"db2"	"xt-1M-1000-120-2"	949	1482	0	0.142857142857143	0.666666666666667	0.1	0	0.000201	1
"146"	"db2"	"xt-1M-1000-120-2"	949	1501	0	0.142857142857143	1	0.1	0	0.000202	1
"147"	"db2"	"xt-1M-1000-120-2"	949	1821	0	0.142857142857143	0	1	0	0.00018	1
"148"	"db2"	"xt-1M-1000-120-2"	949	1841	0	0.142857142857143	0.333333333333333	1	0	0.000164	0.4
"149"	"db2"	"xt-1M-1000-120-2"	949	1861	0	0.142857142857143	0.666666666666667	1	0	0.000194	0.4
"150"	"db2"	"xt-1M-1000-120-2"	949	1881	0	0.142857142857143	1	1	0	0.000174	1
"151"	"db2"	"xt-1M-1000-120-4"	849	2203	0	0.428571428571429	0	0	0.25	6.8e-05	1
"152"	"db2"	"xt-1M-1000-120-4"	849	2222	0	0.428571428571429	0.333333333333333	0	0.25	6.5e-05	1
"153"	"db2"	"xt-1M-1000-120-4"	849	2224	0	0.428571428571429	0.666666666666667	0	0.25	6e-05	1
"154"	"db2"	"xt-1M-1000-120-4"	849	2225	0	0.428571428571429	1	0	0.25	6e-05	1
"155"	"db2"	"xt-1M-1000-120-4"	849	2228	0	0.428571428571429	0	0	0.5	6.9e-05	1
"156"	"db2"	"xt-1M-1000-120-4"	849	2242	0	0.428571428571429	0.333333333333333	0	0.5	6.4e-05	1
"157"	"db2"	"xt-1M-1000-120-4"	849	2261	0	0.428571428571429	0.666666666666667	0	0.5	6.2e-05	1
"158"	"db2"	"xt-1M-1000-120-4"	849	2263	0	0.428571428571429	1	0	0.5	6.3e-05	1
"159"	"db2"	"xt-1M-1000-120-4"	849	2283	0	0.428571428571429	0	0	0.75	6.8e-05	1
"160"	"db2"	"xt-1M-1000-120-4"	849	2301	0	0.428571428571429	0.333333333333333	0	0.75	7e-05	1
"161"	"db2"	"xt-1M-1000-120-4"	849	2304	0	0.428571428571429	0.666666666666667	0	0.75	6.4e-05	1
"162"	"db2"	"xt-1M-1000-120-4"	849	2322	0	0.428571428571429	1	0	0.75	5.9e-05	1
"163"	"db2"	"xt-1M-1000-120-4"	849	2323	0	0.428571428571429	0	0	1	6.5e-05	1
"164"	"db2"	"xt-1M-1000-120-4"	849	2326	0	0.428571428571429	0.333333333333333	0	1	6.3e-05	1
"165"	"db2"	"xt-1M-1000-120-4"	849	2342	0	0.428571428571429	0.666666666666667	0	1	6.4e-05	1
"166"	"db2"	"xt-1M-1000-120-4"	849	3003	0	0.428571428571429	0	0.1	0	5e-05	0.5
"167"	"db2"	"xt-1M-1000-120-4"	849	3004	0	0.428571428571429	0.333333333333333	0.1	0	7e-05	0.5
"168"	"db2"	"xt-1M-1000-120-4"	849	3024	0	0.428571428571429	1	0.1	0	3.6e-05	0.5
"169"	"db2"	"xt-1M-1000-120-4"	849	3184	0	0.428571428571429	0.333333333333333	1	0	6.2e-05	0.4
"170"	"db2"	"xt-1M-1000-120-8"	1870	3764	0	1	0	0	0.25	0.000299	1
"171"	"db2"	"xt-1M-1000-120-8"	1870	3804	0	1	0.333333333333333	0	0.25	0.000318	1
"172"	"db2"	"xt-1M-1000-120-8"	1870	3806	0	1	0.666666666666667	0	0.25	0.000331	1
"173"	"db2"	"xt-1M-1000-120-8"	1870	3823	0	1	1	0	0.25	0.000333	1
"174"	"db2"	"xt-1M-1000-120-8"	1870	3843	0	1	0	0	0.5	0.000315	1
"175"	"db2"	"xt-1M-1000-120-8"	1870	3863	0	1	0.333333333333333	0	0.5	0.00033	1
"176"	"db2"	"xt-1M-1000-120-8"	1870	4164	0	1	0.666666666666667	0	0.5	0.000336	1
"177"	"db2"	"xt-1M-1000-120-8"	1870	4184	0	1	1	0	0.5	0.000311	1
"178"	"db2"	"xt-1M-1000-120-8"	1870	4204	0	1	0	0	0.75	0.000311	1
"179"	"db2"	"xt-1M-1000-120-8"	1870	4224	0	1	0.333333333333333	0	0.75	0.00032	1
"180"	"db2"	"xt-1M-1000-120-8"	1870	4244	0	1	0.666666666666667	0	0.75	0.000323	1
"181"	"db2"	"xt-1M-1000-120-8"	1870	4265	0	1	1	0	0.75	0.000332	1
"182"	"db2"	"xt-1M-1000-120-8"	1870	4384	0	1	0	0	1	0.00032	1
"183"	"db2"	"xt-1M-1000-120-8"	1870	4604	0	1	0.333333333333333	0	1	0.000322	1
"184"	"db2"	"xt-1M-1000-120-8"	1870	4625	0	1	0.666666666666667	0	1	0.000324	1
"185"	"db2"	"xt-1M-1000-120-8"	1870	4724	0	1	1	0	1	0.000327	1
"186"	"db2"	"xt-1M-1000-120-8"	1870	4765	0	1	0	0.01	0	0.202942	0.6
"187"	"db2"	"xt-1M-1000-120-8"	1870	4805	0	1	0.333333333333333	0.01	0	0.461501	0.4
"188"	"db2"	"xt-1M-1000-120-8"	1870	4824	0	1	0.666666666666667	0.01	0	0.8593	1
"189"	"db2"	"xt-1M-1000-120-8"	1870	4844	0	1	1	0.01	0	0.945273	1
"190"	"db2"	"xt-1M-1000-120-8"	1870	5205	0	1	0	0.1	0	0.03278	1
"191"	"db2"	"xt-1M-1000-120-8"	1870	5245	0	1	0.333333333333333	0.1	0	0.036407	1
"192"	"db2"	"xt-1M-1000-120-8"	1870	5284	0	1	0.666666666666667	0.1	0	0.015249	0.5
"193"	"db2"	"xt-1M-1000-120-8"	1870	5304	0	1	1	0.1	0	0.038668	0.7
"194"	"db2"	"xt-1M-1000-120-8"	1870	5606	0	1	0	1	0	0.003568	1
"195"	"db2"	"xt-1M-1000-120-8"	1870	5608	0	1	0.333333333333333	1	0	0.013847	1
"196"	"db2"	"xt-1M-1000-120-8"	1870	5626	0	1	0.666666666666667	1	0	0.034324	0.6
"197"	"db2"	"xt-1M-1000-120-8"	1870	5628	0	1	1	1	0	0.000205	1
"198"	"mysql"	"pk-xt-1M-1000-120-1"	1290	7207	1	0	0	0	0.25	0.237444	1
"199"	"mysql"	"pk-xt-1M-1000-120-1"	1290	7246	1	0	0.333333333333333	0	0.25	0.089456	0.7
"200"	"mysql"	"pk-xt-1M-1000-120-1"	1290	7286	1	0	0.666666666666667	0	0.25	0.128866	0.6
"201"	"mysql"	"pk-xt-1M-1000-120-1"	1290	7306	1	0	1	0	0.25	0.578731	0.7
"202"	"mysql"	"pk-xt-1M-1000-120-1"	1290	7327	1	0	0	0	0.5	0.204439	1
"203"	"mysql"	"pk-xt-1M-1000-120-1"	1290	7366	1	0	0.333333333333333	0	0.5	0.092416	1
"204"	"mysql"	"pk-xt-1M-1000-120-1"	1290	7406	1	0	0.666666666666667	0	0.5	0.100397	1
"205"	"mysql"	"pk-xt-1M-1000-120-1"	1290	7427	1	0	1	0	0.5	0.588127	0.6
"206"	"mysql"	"pk-xt-1M-1000-120-1"	1290	7467	1	0	0	0	0.75	0.216887	1
"207"	"mysql"	"pk-xt-1M-1000-120-1"	1290	7506	1	0	0.333333333333333	0	0.75	0.075419	1
"208"	"mysql"	"pk-xt-1M-1000-120-1"	1290	7546	1	0	0.666666666666667	0	0.75	0.40993	0.7
"209"	"mysql"	"pk-xt-1M-1000-120-1"	1290	7587	1	0	1	0	0.75	0.57029	1
"210"	"mysql"	"pk-xt-1M-1000-120-1"	1290	7627	1	0	0	0	1	0.223633	1
"211"	"mysql"	"pk-xt-1M-1000-120-1"	1290	7666	1	0	0.333333333333333	0	1	0.058538	0.7
"212"	"mysql"	"pk-xt-1M-1000-120-1"	1290	7686	1	0	0.666666666666667	0	1	0.121346	0.7
"213"	"mysql"	"pk-xt-1M-1000-120-1"	1290	7706	1	0	1	0	1	0.591121	1
"214"	"mysql"	"pk-xt-1M-1000-120-1"	1290	7726	1	0	0	0.01	0	0.001801	1
"215"	"mysql"	"pk-xt-1M-1000-120-1"	1290	7747	1	0	0.333333333333333	0.01	0	0.001776	1
"216"	"mysql"	"pk-xt-1M-1000-120-1"	1290	7766	1	0	0.666666666666667	0.01	0	0.001788	1
"217"	"mysql"	"pk-xt-1M-1000-120-1"	1290	7786	1	0	1	0.01	0	0.001772	1
"218"	"mysql"	"pk-xt-1M-1000-120-1"	1290	8126	1	0	0	0.1	0	0.004349	1
"219"	"mysql"	"pk-xt-1M-1000-120-1"	1290	8146	1	0	0.333333333333333	0.1	0	0.004321	1
"220"	"mysql"	"pk-xt-1M-1000-120-1"	1290	8166	1	0	0.666666666666667	0.1	0	0.004542	1
"221"	"mysql"	"pk-xt-1M-1000-120-1"	1290	8186	1	0	1	0.1	0	0.00463	1
"222"	"mysql"	"pk-xt-1M-1000-120-1"	1290	8526	1	0	0	1	0	0.039611	1
"223"	"mysql"	"pk-xt-1M-1000-120-2"	1471	9266	1	0.142857142857143	0	0	0.25	0.050215	1
"224"	"mysql"	"pk-xt-1M-1000-120-2"	1471	9305	1	0.142857142857143	0.333333333333333	0	0.25	0.191382	0
"225"	"mysql"	"pk-xt-1M-1000-120-2"	1471	9306	1	0.142857142857143	0.666666666666667	0	0.25	0.247444	0
"226"	"mysql"	"pk-xt-1M-1000-120-2"	1471	9308	1	0.142857142857143	1	0	0.25	0.190423	0
"227"	"mysql"	"pk-xt-1M-1000-120-2"	1471	9310	1	0.142857142857143	0	0	0.5	0.128471	1
"228"	"mysql"	"pk-xt-1M-1000-120-2"	1471	9312	1	0.142857142857143	0.333333333333333	0	0.5	0.089631	0.7
"229"	"mysql"	"pk-xt-1M-1000-120-2"	1471	9313	1	0.142857142857143	0.666666666666667	0	0.5	0.259999	1
"230"	"mysql"	"pk-xt-1M-1000-120-2"	1471	9315	1	0.142857142857143	1	0	0.5	0.40236	0
"231"	"mysql"	"pk-xt-1M-1000-120-2"	1471	9317	1	0.142857142857143	0	0	0.75	0.09827	1
"232"	"mysql"	"pk-xt-1M-1000-120-2"	1471	9319	1	0.142857142857143	0.333333333333333	0	0.75	0.01018	0.6
"233"	"mysql"	"pk-xt-1M-1000-120-2"	1471	9321	1	0.142857142857143	0.666666666666667	0	0.75	0.285945	0.7
"234"	"mysql"	"pk-xt-1M-1000-120-2"	1471	9323	1	0.142857142857143	1	0	0.75	0.590002	1
"235"	"mysql"	"pk-xt-1M-1000-120-2"	1471	9329	1	0.142857142857143	0	0	1	0.082681	1
"236"	"mysql"	"pk-xt-1M-1000-120-2"	1471	9334	1	0.142857142857143	0.333333333333333	0	1	0.09128	0.7
"237"	"mysql"	"pk-xt-1M-1000-120-2"	1471	9337	1	0.142857142857143	0.666666666666667	0	1	0.282831	0.5
"238"	"mysql"	"pk-xt-1M-1000-120-2"	1471	9340	1	0.142857142857143	1	0	1	0.602074	1
"239"	"mysql"	"pk-xt-1M-1000-120-2"	1471	9445	1	0.142857142857143	0.666666666666667	0.1	0	0.003016	1
"240"	"mysql"	"pk-xt-1M-1000-120-2"	1471	9447	1	0.142857142857143	1	0.1	0	0.002975	0.7
"241"	"mysql"	"pk-xt-1M-1000-120-2"	1471	9450	1	0.142857142857143	0.333333333333333	1	0	0.032565	0.6
"242"	"mysql"	"pk-xt-1M-1000-120-2"	1471	9452	1	0.142857142857143	0.666666666666667	1	0	0.048644	1
"243"	"mysql"	"pk-xt-1M-1000-120-2"	1471	9454	1	0.142857142857143	1	1	0	0.054219	0.2
"244"	"mysql"	"pk-xt-1M-1000-120-4"	1473	8686	1	0.428571428571429	0	0	0.25	0.149449	1
"245"	"mysql"	"pk-xt-1M-1000-120-4"	1473	8766	1	0.428571428571429	0.333333333333333	0	0.25	0.044832	0.6
"246"	"mysql"	"pk-xt-1M-1000-120-4"	1473	8806	1	0.428571428571429	0.666666666666667	0	0.25	0.338303	0.1
"247"	"mysql"	"pk-xt-1M-1000-120-4"	1473	9413	1	0.428571428571429	1	0	0.25	0.190349	0
"248"	"mysql"	"pk-xt-1M-1000-120-4"	1473	9415	1	0.428571428571429	0	0	0.5	0.093789	0.6
"249"	"mysql"	"pk-xt-1M-1000-120-4"	1473	9417	1	0.428571428571429	0.333333333333333	0	0.5	0.107466	1
"250"	"mysql"	"pk-xt-1M-1000-120-4"	1473	9418	1	0.428571428571429	0.666666666666667	0	0.5	0.47101	0
"251"	"mysql"	"pk-xt-1M-1000-120-4"	1473	9420	1	0.428571428571429	1	0	0.5	0.409212	0
"252"	"mysql"	"pk-xt-1M-1000-120-4"	1473	9422	1	0.428571428571429	0	0	0.75	0.108253	1
"253"	"mysql"	"pk-xt-1M-1000-120-4"	1473	9424	1	0.428571428571429	0.333333333333333	0	0.75	0.040444	1
"254"	"mysql"	"pk-xt-1M-1000-120-4"	1473	9426	1	0.428571428571429	0.666666666666667	0	0.75	0.573083	0.7
"255"	"mysql"	"pk-xt-1M-1000-120-4"	1473	9427	1	0.428571428571429	1	0	0.75	0.546643	1
"256"	"mysql"	"pk-xt-1M-1000-120-4"	1473	9429	1	0.428571428571429	0	0	1	0.069012	0.5
"257"	"mysql"	"pk-xt-1M-1000-120-4"	1473	9431	1	0.428571428571429	0.333333333333333	0	1	0.042439	1
"258"	"mysql"	"pk-xt-1M-1000-120-4"	1473	9433	1	0.428571428571429	0.666666666666667	0	1	0.59612	1
"259"	"mysql"	"pk-xt-1M-1000-120-4"	1473	9435	1	0.428571428571429	1	0	1	0.559645	1
"260"	"mysql"	"pk-xt-1M-1000-120-4"	1473	9438	1	0.428571428571429	0	0.01	0	0.000284	1
"261"	"mysql"	"pk-xt-1M-1000-120-4"	1473	9440	1	0.428571428571429	0.333333333333333	0.01	0	0.000272	1
"262"	"mysql"	"pk-xt-1M-1000-120-4"	1473	9446	1	0.428571428571429	0	0.1	0	0.001396	1
"263"	"mysql"	"pk-xt-1M-1000-120-4"	1473	9449	1	0.428571428571429	0.333333333333333	0.1	0	0.001383	1
"264"	"mysql"	"pk-xt-1M-1000-120-4"	1473	9451	1	0.428571428571429	0.666666666666667	0.1	0	0.00134	1
"265"	"mysql"	"pk-xt-1M-1000-120-4"	1473	9453	1	0.428571428571429	1	0.1	0	0.001319	1
"266"	"mysql"	"pk-xt-1M-1000-120-4"	1473	9455	1	0.428571428571429	0	1	0	0.019425	1
"267"	"mysql"	"pk-xt-1M-1000-120-8"	1470	9295	1	1	0	0	0.25	0.058096	1
"268"	"mysql"	"pk-xt-1M-1000-120-8"	1470	9304	1	1	0.333333333333333	0	0.25	0.216346	0
"269"	"mysql"	"pk-xt-1M-1000-120-8"	1470	9307	1	1	0.666666666666667	0	0.25	0.255803	0
"270"	"mysql"	"pk-xt-1M-1000-120-8"	1470	9309	1	1	1	0	0.25	0.171626	0
"271"	"mysql"	"pk-xt-1M-1000-120-8"	1470	9311	1	1	0	0	0.5	0.063963	1
"272"	"mysql"	"pk-xt-1M-1000-120-8"	1470	9314	1	1	0.333333333333333	0	0.5	0.061061	1
"273"	"mysql"	"pk-xt-1M-1000-120-8"	1470	9316	1	1	0.666666666666667	0	0.5	0.448909	0
"274"	"mysql"	"pk-xt-1M-1000-120-8"	1470	9318	1	1	1	0	0.5	0.357576	0
"275"	"mysql"	"pk-xt-1M-1000-120-8"	1470	9320	1	1	0	0	0.75	0.079913	0.7
"276"	"mysql"	"pk-xt-1M-1000-120-8"	1470	9322	1	1	0.333333333333333	0	0.75	0.040503	1
"277"	"mysql"	"pk-xt-1M-1000-120-8"	1470	9328	1	1	0.666666666666667	0	0.75	0.556478	0.6
"278"	"mysql"	"pk-xt-1M-1000-120-8"	1470	9336	1	1	1	0	0.75	0.568953	1
"279"	"mysql"	"pk-xt-1M-1000-120-8"	1470	9339	1	1	0	0	1	0.054827	1
"280"	"mysql"	"pk-xt-1M-1000-120-8"	1470	9348	1	1	0.333333333333333	0	1	0.054506	0.7
"281"	"mysql"	"pk-xt-1M-1000-120-8"	1470	9353	1	1	0.666666666666667	0	1	0.59067	1
"282"	"mysql"	"pk-xt-1M-1000-120-8"	1470	9355	1	1	1	0	1	0.565978	1
"283"	"mysql"	"pk-xt-1M-1000-120-8"	1470	9409	1	1	0	0.01	0	2.1e-05	1
"284"	"mysql"	"pk-xt-1M-1000-120-8"	1470	9412	1	1	0.333333333333333	0.01	0	2.2e-05	1
"285"	"mysql"	"pk-xt-1M-1000-120-8"	1470	9414	1	1	0.666666666666667	0.01	0	9e-06	1
"286"	"mysql"	"pk-xt-1M-1000-120-8"	1470	9416	1	1	1	0.01	0	0	1
"287"	"mysql"	"pk-xt-1M-1000-120-8"	1470	9419	1	1	0	0.1	0	0.000632	1
"288"	"mysql"	"pk-xt-1M-1000-120-8"	1470	9421	1	1	0.333333333333333	0.1	0	0.000652	1
"289"	"mysql"	"pk-xt-1M-1000-120-8"	1470	9423	1	1	0.666666666666667	0.1	0	0.000574	1
"290"	"mysql"	"pk-xt-1M-1000-120-8"	1470	9425	1	1	1	0.1	0	0.000648	1
"291"	"mysql"	"pk-xt-1M-1000-120-8"	1470	9428	1	1	0	1	0	0.010809	0.1
"292"	"mysql"	"pk-xt-1M-1000-120-8"	1470	9430	1	1	0.333333333333333	1	0	0.011398	0.1
"293"	"mysql"	"xt-1M-1000-120-1"	1289	1602	0	0	0	0	0.25	0.429474	1
"294"	"mysql"	"xt-1M-1000-120-1"	1289	1623	0	0	0.333333333333333	0	0.25	0.429417	1
"295"	"mysql"	"xt-1M-1000-120-1"	1289	1661	0	0	0.666666666666667	0	0.25	0.429727	1
"296"	"mysql"	"xt-1M-1000-120-1"	1289	1683	0	0	1	0	0.25	0.429298	1
"297"	"mysql"	"xt-1M-1000-120-1"	1289	1723	0	0	0	0	0.5	0.429306	1
"298"	"mysql"	"xt-1M-1000-120-1"	1289	1763	0	0	0.333333333333333	0	0.5	0.429576	1
"299"	"mysql"	"xt-1M-1000-120-1"	1289	1801	0	0	0.666666666666667	0	0.5	0.42949	1
"300"	"mysql"	"xt-1M-1000-120-1"	1289	1842	0	0	1	0	0.5	0.429392	1
"301"	"mysql"	"xt-1M-1000-120-1"	1289	1882	0	0	0	0	0.75	0.429746	1
"302"	"mysql"	"xt-1M-1000-120-1"	1289	1902	0	0	0.333333333333333	0	0.75	0.429468	1
"303"	"mysql"	"xt-1M-1000-120-1"	1289	1923	0	0	0.666666666666667	0	0.75	0.429314	1
"304"	"mysql"	"xt-1M-1000-120-1"	1289	1943	0	0	1	0	0.75	0.429234	1
"305"	"mysql"	"xt-1M-1000-120-1"	1289	1983	0	0	0	0	1	0.429477	1
"306"	"mysql"	"xt-1M-1000-120-1"	1289	2022	0	0	0.333333333333333	0	1	0.429165	1
"307"	"mysql"	"xt-1M-1000-120-1"	1289	2043	0	0	0.666666666666667	0	1	0.42965	1
"308"	"mysql"	"xt-1M-1000-120-1"	1289	2083	0	0	1	0	1	0.429246	1
"309"	"mysql"	"xt-1M-1000-120-1"	1289	2123	0	0	0	0.01	0	0.624753	0.1
"310"	"mysql"	"xt-1M-1000-120-1"	1289	2142	0	0	0.333333333333333	0.01	0	0.60427	0.1
"311"	"mysql"	"xt-1M-1000-120-1"	1289	2144	0	0	0.666666666666667	0.01	0	0.624608	0.1
"312"	"mysql"	"xt-1M-1000-120-1"	1289	2147	0	0	1	0.01	0	0.600293	0.1
"313"	"mysql"	"xt-1M-1000-120-1"	1289	2503	0	0	0	0.1	0	0.639199	0.1
"314"	"mysql"	"xt-1M-1000-120-1"	1289	2522	0	0	0.333333333333333	0.1	0	0.620981	0.1
"315"	"mysql"	"xt-1M-1000-120-1"	1289	2541	0	0	0.666666666666667	0.1	0	0.619041	0.1
"316"	"mysql"	"xt-1M-1000-120-1"	1289	2561	0	0	1	0.1	0	0.610007	0.1
"317"	"mysql"	"xt-1M-1000-120-1"	1289	4144	0	0	1	1	0	0.945013	0.1
"318"	"mysql"	"xt-1M-1000-120-2"	1291	401	0	0.142857142857143	0	0	0.25	0.428971	1
"319"	"mysql"	"xt-1M-1000-120-2"	1291	422	0	0.142857142857143	0.333333333333333	0	0.25	0.429128	1
"320"	"mysql"	"xt-1M-1000-120-2"	1291	462	0	0.142857142857143	0.666666666666667	0	0.25	0.4291	1
"321"	"mysql"	"xt-1M-1000-120-2"	1291	482	0	0.142857142857143	1	0	0.25	0.428907	1
"322"	"mysql"	"xt-1M-1000-120-2"	1291	521	0	0.142857142857143	0	0	0.5	0.428663	1
"323"	"mysql"	"xt-1M-1000-120-2"	1291	542	0	0.142857142857143	0.333333333333333	0	0.5	0.428593	1
"324"	"mysql"	"xt-1M-1000-120-2"	1291	582	0	0.142857142857143	0.666666666666667	0	0.5	0.428657	1
"325"	"mysql"	"xt-1M-1000-120-2"	1291	601	0	0.142857142857143	1	0	0.5	0.428483	1
"326"	"mysql"	"xt-1M-1000-120-2"	1291	641	0	0.142857142857143	0	0	0.75	0.429628	1
"327"	"mysql"	"xt-1M-1000-120-2"	1291	662	0	0.142857142857143	0.333333333333333	0	0.75	0.428871	1
"328"	"mysql"	"xt-1M-1000-120-2"	1291	702	0	0.142857142857143	0.666666666666667	0	0.75	0.428877	1
"329"	"mysql"	"xt-1M-1000-120-2"	1291	741	0	0.142857142857143	1	0	0.75	0.428827	1
"330"	"mysql"	"xt-1M-1000-120-2"	1291	762	0	0.142857142857143	0	0	1	0.428667	1
"331"	"mysql"	"xt-1M-1000-120-2"	1291	802	0	0.142857142857143	0.333333333333333	0	1	0.428441	1
"332"	"mysql"	"xt-1M-1000-120-2"	1291	841	0	0.142857142857143	0.666666666666667	0	1	0.428779	1
"333"	"mysql"	"xt-1M-1000-120-2"	1291	862	0	0.142857142857143	1	0	1	0.428842	1
"334"	"mysql"	"xt-1M-1000-120-2"	1291	902	0	0.142857142857143	0	0.01	0	0.623676	0.1
"335"	"mysql"	"xt-1M-1000-120-2"	1291	941	0	0.142857142857143	0.333333333333333	0.01	0	0.655939	0.1
"336"	"mysql"	"xt-1M-1000-120-2"	1291	962	0	0.142857142857143	0.666666666666667	0.01	0	0.613513	0.1
"337"	"mysql"	"xt-1M-1000-120-2"	1291	1001	0	0.142857142857143	1	0.01	0	0.607624	0.1
"338"	"mysql"	"xt-1M-1000-120-2"	1291	1441	0	0.142857142857143	0	0.1	0	0.660096	0.1
"339"	"mysql"	"xt-1M-1000-120-2"	1291	1461	0	0.142857142857143	0.333333333333333	0.1	0	0.611039	0.1
"340"	"mysql"	"xt-1M-1000-120-2"	1291	1482	0	0.142857142857143	0.666666666666667	0.1	0	0.614579	0.1
"341"	"mysql"	"xt-1M-1000-120-2"	1291	1501	0	0.142857142857143	1	0.1	0	0.626585	0.1
"342"	"mysql"	"xt-1M-1000-120-2"	1291	1861	0	0.142857142857143	0.666666666666667	1	0	1	0.1
"343"	"mysql"	"xt-1M-1000-120-2"	1291	1881	0	0.142857142857143	1	1	0	0.652696	0.1
"344"	"mysql"	"xt-1M-1000-120-4"	1270	2203	0	0.428571428571429	0	0	0.25	0.426474	1
"345"	"mysql"	"xt-1M-1000-120-4"	1270	2222	0	0.428571428571429	0.333333333333333	0	0.25	0.425668	1
"346"	"mysql"	"xt-1M-1000-120-4"	1270	2224	0	0.428571428571429	0.666666666666667	0	0.25	0.425401	1
"347"	"mysql"	"xt-1M-1000-120-4"	1270	2225	0	0.428571428571429	1	0	0.25	0.426002	1
"348"	"mysql"	"xt-1M-1000-120-4"	1270	2228	0	0.428571428571429	0	0	0.5	0.425836	1
"349"	"mysql"	"xt-1M-1000-120-4"	1270	2242	0	0.428571428571429	0.333333333333333	0	0.5	0.425622	1
"350"	"mysql"	"xt-1M-1000-120-4"	1270	2261	0	0.428571428571429	0.666666666666667	0	0.5	0.425002	1
"351"	"mysql"	"xt-1M-1000-120-4"	1270	2263	0	0.428571428571429	1	0	0.5	0.425292	1
"352"	"mysql"	"xt-1M-1000-120-4"	1270	2283	0	0.428571428571429	0	0	0.75	0.425781	1
"353"	"mysql"	"xt-1M-1000-120-4"	1270	2301	0	0.428571428571429	0.333333333333333	0	0.75	0.425657	1
"354"	"mysql"	"xt-1M-1000-120-4"	1270	2304	0	0.428571428571429	0.666666666666667	0	0.75	0.426028	1
"355"	"mysql"	"xt-1M-1000-120-4"	1270	2322	0	0.428571428571429	1	0	0.75	0.425239	1
"356"	"mysql"	"xt-1M-1000-120-4"	1270	2323	0	0.428571428571429	0	0	1	0.425599	1
"357"	"mysql"	"xt-1M-1000-120-4"	1270	2326	0	0.428571428571429	0.333333333333333	0	1	0.425527	1
"358"	"mysql"	"xt-1M-1000-120-4"	1270	2342	0	0.428571428571429	0.666666666666667	0	1	0.425639	1
"359"	"mysql"	"xt-1M-1000-120-4"	1270	2344	0	0.428571428571429	1	0	1	0.425969	1
"360"	"mysql"	"xt-1M-1000-120-4"	1270	2362	0	0.428571428571429	0	0.01	0	0.600993	0.3
"361"	"mysql"	"xt-1M-1000-120-4"	1270	2382	0	0.428571428571429	0.333333333333333	0.01	0	0.557908	0.3
"362"	"mysql"	"xt-1M-1000-120-4"	1270	2384	0	0.428571428571429	0.666666666666667	0.01	0	0.591224	0.3
"363"	"mysql"	"xt-1M-1000-120-4"	1270	2387	0	0.428571428571429	1	0.01	0	0.561857	0.3
"364"	"mysql"	"xt-1M-1000-120-4"	1270	3003	0	0.428571428571429	0	0.1	0	0.589274	0.3
"365"	"mysql"	"xt-1M-1000-120-4"	1270	3004	0	0.428571428571429	0.333333333333333	0.1	0	0.599056	0.3
"366"	"mysql"	"xt-1M-1000-120-4"	1270	3023	0	0.428571428571429	0.666666666666667	0.1	0	0.582059	0.3
"367"	"mysql"	"xt-1M-1000-120-4"	1270	3024	0	0.428571428571429	1	0.1	0	0.616663	0.3
"368"	"mysql"	"xt-1M-1000-120-4"	1270	3183	0	0.428571428571429	0	1	0	0.618096	0.3
"369"	"mysql"	"xt-1M-1000-120-4"	1270	3184	0	0.428571428571429	0.333333333333333	1	0	0.868934	0.7
"370"	"mysql"	"xt-1M-1000-120-4"	1270	3203	0	0.428571428571429	0.666666666666667	1	0	0.814335	0.1
"371"	"mysql"	"xt-1M-1000-120-4"	1270	3204	0	0.428571428571429	1	1	0	0.771758	0.3
"372"	"mysql"	"xt-1M-1000-120-8"	1369	3764	0	1	0	0	0.25	0.42379	1
"373"	"mysql"	"xt-1M-1000-120-8"	1369	3804	0	1	0.333333333333333	0	0.25	0.42444	1
"374"	"mysql"	"xt-1M-1000-120-8"	1369	3806	0	1	0.666666666666667	0	0.25	0.424226	1
"375"	"mysql"	"xt-1M-1000-120-8"	1369	3823	0	1	1	0	0.25	0.424171	1
"376"	"mysql"	"xt-1M-1000-120-8"	1369	3843	0	1	0	0	0.5	0.42372	1
"377"	"mysql"	"xt-1M-1000-120-8"	1369	3863	0	1	0.333333333333333	0	0.5	0.42373	1
"378"	"mysql"	"xt-1M-1000-120-8"	1369	4164	0	1	0.666666666666667	0	0.5	0.423853	1
"379"	"mysql"	"xt-1M-1000-120-8"	1369	4184	0	1	1	0	0.5	0.423571	1
"380"	"mysql"	"xt-1M-1000-120-8"	1369	4204	0	1	0	0	0.75	0.424006	1
"381"	"mysql"	"xt-1M-1000-120-8"	1369	4224	0	1	0.333333333333333	0	0.75	0.42389	1
"382"	"mysql"	"xt-1M-1000-120-8"	1369	4244	0	1	0.666666666666667	0	0.75	0.424038	1
"383"	"mysql"	"xt-1M-1000-120-8"	1369	4265	0	1	1	0	0.75	0.424258	1
"384"	"mysql"	"xt-1M-1000-120-8"	1369	4384	0	1	0	0	1	0.423662	1
"385"	"mysql"	"xt-1M-1000-120-8"	1369	4604	0	1	0.333333333333333	0	1	0.424282	1
"386"	"mysql"	"xt-1M-1000-120-8"	1369	4625	0	1	0.666666666666667	0	1	0.424083	1
"387"	"mysql"	"xt-1M-1000-120-8"	1369	4724	0	1	1	0	1	0.423496	1
"388"	"mysql"	"xt-1M-1000-120-8"	1369	4765	0	1	0	0.01	0	0.530886	0.1
"389"	"mysql"	"xt-1M-1000-120-8"	1369	4805	0	1	0.333333333333333	0.01	0	0.537181	0.3
"390"	"mysql"	"xt-1M-1000-120-8"	1369	4824	0	1	0.666666666666667	0.01	0	0.517376	0.3
"391"	"mysql"	"xt-1M-1000-120-8"	1369	4844	0	1	1	0.01	0	0.507752	0.1
"392"	"mysql"	"xt-1M-1000-120-8"	1369	5205	0	1	0	0.1	0	0.506993	0.3
"393"	"mysql"	"xt-1M-1000-120-8"	1369	5245	0	1	0.333333333333333	0.1	0	0.557865	0.1
"394"	"mysql"	"xt-1M-1000-120-8"	1369	5284	0	1	0.666666666666667	0.1	0	0.533925	0.3
"395"	"mysql"	"xt-1M-1000-120-8"	1369	5304	0	1	1	0.1	0	0.509671	0.3
"396"	"mysql"	"xt-1M-1000-120-8"	1369	5606	0	1	0	1	0	0.511169	0.3
"397"	"mysql"	"xt-1M-1000-120-8"	1369	5608	0	1	0.333333333333333	1	0	0.536932	0.1
"398"	"mysql"	"xt-1M-1000-120-8"	1369	5626	0	1	0.666666666666667	1	0	0.54314	0.3
"399"	"oracle"	"pk-xt-1M-1000-120-1"	1329	7207	1	0	0	0	0.25	0.01084	0.7
"400"	"oracle"	"pk-xt-1M-1000-120-1"	1329	7246	1	0	0.333333333333333	0	0.25	0.012762	0.5
"401"	"oracle"	"pk-xt-1M-1000-120-1"	1329	7286	1	0	0.666666666666667	0	0.25	0.012855	0.6
"402"	"oracle"	"pk-xt-1M-1000-120-1"	1329	7306	1	0	1	0	0.25	0.016471	0.4
"403"	"oracle"	"pk-xt-1M-1000-120-1"	1329	7327	1	0	0	0	0.5	0.015732	0
"404"	"oracle"	"pk-xt-1M-1000-120-1"	1329	7366	1	0	0.333333333333333	0	0.5	0.020157	0
"405"	"oracle"	"pk-xt-1M-1000-120-1"	1329	7406	1	0	0.666666666666667	0	0.5	0.021204	0.2
"406"	"oracle"	"pk-xt-1M-1000-120-1"	1329	7427	1	0	1	0	0.5	0.01538	1
"407"	"oracle"	"pk-xt-1M-1000-120-1"	1329	7467	1	0	0	0	0.75	0.012688	0
"408"	"oracle"	"pk-xt-1M-1000-120-1"	1329	7506	1	0	0.333333333333333	0	0.75	0.01444	1
"409"	"oracle"	"pk-xt-1M-1000-120-1"	1329	7546	1	0	0.666666666666667	0	0.75	0.013068	0.6
"410"	"oracle"	"pk-xt-1M-1000-120-1"	1329	7587	1	0	1	0	0.75	0.011795	0.5
"411"	"oracle"	"pk-xt-1M-1000-120-1"	1329	7627	1	0	0	0	1	0.012692	0.7
"412"	"oracle"	"pk-xt-1M-1000-120-1"	1329	7666	1	0	0.333333333333333	0	1	0.014443	1
"413"	"oracle"	"pk-xt-1M-1000-120-1"	1329	7686	1	0	0.666666666666667	0	1	0.019488	0.2
"414"	"oracle"	"pk-xt-1M-1000-120-1"	1329	7706	1	0	1	0	1	0.012869	0.6
"415"	"oracle"	"pk-xt-1M-1000-120-1"	1329	7726	1	0	0	0.01	0	0.013738	1
"416"	"oracle"	"pk-xt-1M-1000-120-1"	1329	7747	1	0	0.333333333333333	0.01	0	0.013812	1
"417"	"oracle"	"pk-xt-1M-1000-120-1"	1329	7766	1	0	0.666666666666667	0.01	0	0.013478	1
"418"	"oracle"	"pk-xt-1M-1000-120-1"	1329	7786	1	0	1	0.01	0	0.01372	1
"419"	"oracle"	"pk-xt-1M-1000-120-1"	1329	8126	1	0	0	0.1	0	0.014087	1
"420"	"oracle"	"pk-xt-1M-1000-120-1"	1329	8146	1	0	0.333333333333333	0.1	0	0.013324	1
"421"	"oracle"	"pk-xt-1M-1000-120-1"	1329	8166	1	0	0.666666666666667	0.1	0	0.013522	1
"422"	"oracle"	"pk-xt-1M-1000-120-1"	1329	8186	1	0	1	0.1	0	0.014901	1
"423"	"oracle"	"pk-xt-1M-1000-120-1"	1329	8526	1	0	0	1	0	0.018951	1
"424"	"oracle"	"pk-xt-1M-1000-120-1"	1329	8547	1	0	0.333333333333333	1	0	0.016446	1
"425"	"oracle"	"pk-xt-1M-1000-120-1"	1329	8567	1	0	0.666666666666667	1	0	0.014057	1
"426"	"oracle"	"pk-xt-1M-1000-120-1"	1329	8586	1	0	1	1	0	0.013668	1
"427"	"oracle"	"pk-xt-1M-1000-120-2"	1610	9266	1	0.142857142857143	0	0	0.25	0.002609	1
"428"	"oracle"	"pk-xt-1M-1000-120-2"	1610	9305	1	0.142857142857143	0.333333333333333	0	0.25	0.002527	1
"429"	"oracle"	"pk-xt-1M-1000-120-2"	1610	9306	1	0.142857142857143	0.666666666666667	0	0.25	0.002865	1
"430"	"oracle"	"pk-xt-1M-1000-120-2"	1610	9308	1	0.142857142857143	1	0	0.25	0.002935	1
"431"	"oracle"	"pk-xt-1M-1000-120-2"	1610	9310	1	0.142857142857143	0	0	0.5	0.002172	1
"432"	"oracle"	"pk-xt-1M-1000-120-2"	1610	9312	1	0.142857142857143	0.333333333333333	0	0.5	0.002165	1
"433"	"oracle"	"pk-xt-1M-1000-120-2"	1610	9313	1	0.142857142857143	0.666666666666667	0	0.5	0.002331	1
"434"	"oracle"	"pk-xt-1M-1000-120-2"	1610	9315	1	0.142857142857143	1	0	0.5	0.001316	1
"435"	"oracle"	"pk-xt-1M-1000-120-2"	1610	9317	1	0.142857142857143	0	0	0.75	0.001242	1
"436"	"oracle"	"pk-xt-1M-1000-120-2"	1610	9319	1	0.142857142857143	0.333333333333333	0	0.75	0.000597	1
"437"	"oracle"	"pk-xt-1M-1000-120-2"	1610	9321	1	0.142857142857143	0.666666666666667	0	0.75	0.001031	1
"438"	"oracle"	"pk-xt-1M-1000-120-2"	1610	9323	1	0.142857142857143	1	0	0.75	0.000481	1
"439"	"oracle"	"pk-xt-1M-1000-120-2"	1610	9329	1	0.142857142857143	0	0	1	0.001087	1
"440"	"oracle"	"pk-xt-1M-1000-120-2"	1610	9334	1	0.142857142857143	0.333333333333333	0	1	0.000446	0
"441"	"oracle"	"pk-xt-1M-1000-120-2"	1610	9337	1	0.142857142857143	0.666666666666667	0	1	0.001132	0.4
"442"	"oracle"	"pk-xt-1M-1000-120-2"	1610	9340	1	0.142857142857143	1	0	1	0.000409	1
"443"	"oracle"	"pk-xt-1M-1000-120-2"	1610	9341	1	0.142857142857143	0	0.01	0	0	0.6
"444"	"oracle"	"pk-xt-1M-1000-120-2"	1610	9434	1	0.142857142857143	0.333333333333333	0.01	0	0.0011	0.3
"445"	"oracle"	"pk-xt-1M-1000-120-2"	1610	9436	1	0.142857142857143	0.666666666666667	0.01	0	0.000527	0.2
"446"	"oracle"	"pk-xt-1M-1000-120-2"	1610	9439	1	0.142857142857143	1	0.01	0	0.00079	0.1
"447"	"oracle"	"pk-xt-1M-1000-120-2"	1610	9441	1	0.142857142857143	0	0.1	0	0.001122	0.3
"448"	"oracle"	"pk-xt-1M-1000-120-2"	1610	9443	1	0.142857142857143	0.333333333333333	0.1	0	0.004503	1
"449"	"oracle"	"pk-xt-1M-1000-120-2"	1610	9445	1	0.142857142857143	0.666666666666667	0.1	0	0.003459	1
"450"	"oracle"	"pk-xt-1M-1000-120-2"	1610	9447	1	0.142857142857143	1	0.1	0	0.001683	0.5
"451"	"oracle"	"pk-xt-1M-1000-120-2"	1610	9448	1	0.142857142857143	0	1	0	0.001169	0.5
"452"	"oracle"	"pk-xt-1M-1000-120-2"	1610	9450	1	0.142857142857143	0.333333333333333	1	0	0.0011	0.1
"453"	"oracle"	"pk-xt-1M-1000-120-2"	1610	9452	1	0.142857142857143	0.666666666666667	1	0	0.001117	0.2
"454"	"oracle"	"pk-xt-1M-1000-120-2"	1610	9454	1	0.142857142857143	1	1	0	0.005812	0
"455"	"oracle"	"pk-xt-1M-1000-120-4"	1709	8686	1	0.428571428571429	0	0	0.25	0.00544	1
"456"	"oracle"	"pk-xt-1M-1000-120-4"	1709	8766	1	0.428571428571429	0.333333333333333	0	0.25	0.005337	0.2
"457"	"oracle"	"pk-xt-1M-1000-120-4"	1709	8806	1	0.428571428571429	0.666666666666667	0	0.25	0.006945	1
"458"	"oracle"	"pk-xt-1M-1000-120-4"	1709	9413	1	0.428571428571429	1	0	0.25	0.006756	1
"459"	"oracle"	"pk-xt-1M-1000-120-4"	1709	9415	1	0.428571428571429	0	0	0.5	0.005876	0.1
"460"	"oracle"	"pk-xt-1M-1000-120-4"	1709	9417	1	0.428571428571429	0.333333333333333	0	0.5	0.005928	0.2
"461"	"oracle"	"pk-xt-1M-1000-120-4"	1709	9418	1	0.428571428571429	0.666666666666667	0	0.5	0.005594	0.2
"462"	"oracle"	"pk-xt-1M-1000-120-4"	1709	9420	1	0.428571428571429	1	0	0.5	0.005595	0.2
"463"	"oracle"	"pk-xt-1M-1000-120-4"	1709	9422	1	0.428571428571429	0	0	0.75	0.00722	0.1
"464"	"oracle"	"pk-xt-1M-1000-120-4"	1709	9424	1	0.428571428571429	0.333333333333333	0	0.75	0.012497	0.1
"465"	"oracle"	"pk-xt-1M-1000-120-4"	1709	9426	1	0.428571428571429	0.666666666666667	0	0.75	0.009051	0.1
"466"	"oracle"	"pk-xt-1M-1000-120-4"	1709	9427	1	0.428571428571429	1	0	0.75	0.009908	0.2
"467"	"oracle"	"pk-xt-1M-1000-120-4"	1709	9429	1	0.428571428571429	0	0	1	0.022099	0
"468"	"oracle"	"pk-xt-1M-1000-120-4"	1709	9431	1	0.428571428571429	0.333333333333333	0	1	0.011937	0
"469"	"oracle"	"pk-xt-1M-1000-120-4"	1709	9433	1	0.428571428571429	0.666666666666667	0	1	0.015728	0
"470"	"oracle"	"pk-xt-1M-1000-120-4"	1709	9435	1	0.428571428571429	1	0	1	0.009321	0.1
"471"	"oracle"	"pk-xt-1M-1000-120-4"	1709	9451	1	0.428571428571429	0.666666666666667	0.1	0	0.003027	1
"472"	"oracle"	"pk-xt-1M-1000-120-4"	1709	9456	1	0.428571428571429	0.333333333333333	1	0	0.002899	1
"473"	"oracle"	"pk-xt-1M-1000-120-4"	1709	9457	1	0.428571428571429	0.666666666666667	1	0	0.003234	0.7
"474"	"oracle"	"pk-xt-1M-1000-120-8"	1609	9295	1	1	0	0	0.25	0.005585	0
"475"	"oracle"	"pk-xt-1M-1000-120-8"	1609	9304	1	1	0.333333333333333	0	0.25	0.00587	0
"476"	"oracle"	"pk-xt-1M-1000-120-8"	1609	9307	1	1	0.666666666666667	0	0.25	0.005435	0
"477"	"oracle"	"pk-xt-1M-1000-120-8"	1609	9309	1	1	1	0	0.25	0.004945	0
"478"	"oracle"	"pk-xt-1M-1000-120-8"	1609	9311	1	1	0	0	0.5	0.006332	0
"479"	"oracle"	"pk-xt-1M-1000-120-8"	1609	9314	1	1	0.333333333333333	0	0.5	0.004747	0
"480"	"oracle"	"pk-xt-1M-1000-120-8"	1609	9316	1	1	0.666666666666667	0	0.5	0.00652	0
"481"	"oracle"	"pk-xt-1M-1000-120-8"	1609	9318	1	1	1	0	0.5	0.004638	0
"482"	"oracle"	"pk-xt-1M-1000-120-8"	1609	9320	1	1	0	0	0.75	0.004596	0
"483"	"oracle"	"pk-xt-1M-1000-120-8"	1609	9322	1	1	0.333333333333333	0	0.75	0.004584	0
"484"	"oracle"	"pk-xt-1M-1000-120-8"	1609	9336	1	1	1	0	0.75	0.004119	0
"485"	"oracle"	"pk-xt-1M-1000-120-8"	1609	9339	1	1	0	0	1	0.004764	0
"486"	"oracle"	"pk-xt-1M-1000-120-8"	1609	9348	1	1	0.333333333333333	0	1	0.004588	0
"487"	"oracle"	"pk-xt-1M-1000-120-8"	1609	9353	1	1	0.666666666666667	0	1	0.004138	0
"488"	"oracle"	"pk-xt-1M-1000-120-8"	1609	9355	1	1	1	0	1	0.007399	0
"489"	"oracle"	"pk-xt-1M-1000-120-8"	1609	9409	1	1	0	0.01	0	0.001271	0.7
"490"	"oracle"	"pk-xt-1M-1000-120-8"	1609	9412	1	1	0.333333333333333	0.01	0	0.001533	0.6
"491"	"oracle"	"pk-xt-1M-1000-120-8"	1609	9414	1	1	0.666666666666667	0.01	0	0.002182	1
"492"	"oracle"	"pk-xt-1M-1000-120-8"	1609	9416	1	1	1	0.01	0	0.002415	1
"493"	"oracle"	"pk-xt-1M-1000-120-8"	1609	9419	1	1	0	0.1	0	0.002128	1
"494"	"oracle"	"pk-xt-1M-1000-120-8"	1609	9421	1	1	0.333333333333333	0.1	0	0.002273	1
"495"	"oracle"	"pk-xt-1M-1000-120-8"	1609	9423	1	1	0.666666666666667	0.1	0	0.002211	1
"496"	"oracle"	"pk-xt-1M-1000-120-8"	1609	9425	1	1	1	0.1	0	0.002009	1
"497"	"oracle"	"pk-xt-1M-1000-120-8"	1609	9428	1	1	0	1	0	0.00219	1
"498"	"oracle"	"pk-xt-1M-1000-120-8"	1609	9430	1	1	0.333333333333333	1	0	0.00142	1
"499"	"oracle"	"pk-xt-1M-1000-120-8"	1609	9432	1	1	0.666666666666667	1	0	0.001545	0.7
"500"	"oracle"	"pk-xt-1M-1000-120-8"	1609	9437	1	1	1	1	0	0.002072	1
"501"	"oracle"	"xt-1M-1000-120-1"	889	1602	0	0	0	0	0.25	0.001647	1
"502"	"oracle"	"xt-1M-1000-120-1"	889	1623	0	0	0.333333333333333	0	0.25	0.003041	1
"503"	"oracle"	"xt-1M-1000-120-1"	889	1661	0	0	0.666666666666667	0	0.25	0.003905	1
"504"	"oracle"	"xt-1M-1000-120-1"	889	1683	0	0	1	0	0.25	0.003411	1
"505"	"oracle"	"xt-1M-1000-120-1"	889	1723	0	0	0	0	0.5	0.001896	1
"506"	"oracle"	"xt-1M-1000-120-1"	889	1763	0	0	0.333333333333333	0	0.5	0.003247	1
"507"	"oracle"	"xt-1M-1000-120-1"	889	1801	0	0	0.666666666666667	0	0.5	0.003811	1
"508"	"oracle"	"xt-1M-1000-120-1"	889	1842	0	0	1	0	0.5	0.002918	1
"509"	"oracle"	"xt-1M-1000-120-1"	889	1882	0	0	0	0	0.75	0.001874	1
"510"	"oracle"	"xt-1M-1000-120-1"	889	1902	0	0	0.333333333333333	0	0.75	0.003248	1
"511"	"oracle"	"xt-1M-1000-120-1"	889	1923	0	0	0.666666666666667	0	0.75	0.00396	0.5
"512"	"oracle"	"xt-1M-1000-120-1"	889	1943	0	0	1	0	0.75	0.003074	1
"513"	"oracle"	"xt-1M-1000-120-1"	889	1983	0	0	0	0	1	0.001738	1
"514"	"oracle"	"xt-1M-1000-120-1"	889	2022	0	0	0.333333333333333	0	1	0.003245	1
"515"	"oracle"	"xt-1M-1000-120-1"	889	2043	0	0	0.666666666666667	0	1	0.004008	1
"516"	"oracle"	"xt-1M-1000-120-1"	889	2083	0	0	1	0	1	0.002886	1
"517"	"oracle"	"xt-1M-1000-120-1"	889	2123	0	0	0	0.01	0	0.152221	1
"518"	"oracle"	"xt-1M-1000-120-1"	889	2142	0	0	0.333333333333333	0.01	0	0.17784	0.1
"519"	"oracle"	"xt-1M-1000-120-1"	889	2144	0	0	0.666666666666667	0.01	0	0.167531	0
"520"	"oracle"	"xt-1M-1000-120-1"	889	2147	0	0	1	0.01	0	0.246236	1
"521"	"oracle"	"xt-1M-1000-120-1"	889	2503	0	0	0	0.1	0	0.091259	1
"522"	"oracle"	"xt-1M-1000-120-1"	889	2522	0	0	0.333333333333333	0.1	0	0.191989	1
"523"	"oracle"	"xt-1M-1000-120-1"	889	2541	0	0	0.666666666666667	0.1	0	0.110527	1
"524"	"oracle"	"xt-1M-1000-120-1"	889	2561	0	0	1	0.1	0	0.252601	0.3
"525"	"oracle"	"xt-1M-1000-120-1"	889	4105	0	0	0	1	0	0.057338	1
"526"	"oracle"	"xt-1M-1000-120-1"	889	4124	0	0	0.333333333333333	1	0	0.178791	0.4
"527"	"oracle"	"xt-1M-1000-120-1"	889	4125	0	0	0.666666666666667	1	0	0.142931	1
"528"	"oracle"	"xt-1M-1000-120-1"	889	4144	0	0	1	1	0	0.120909	1
"529"	"oracle"	"xt-1M-1000-120-2"	610	401	0	0.142857142857143	0	0	0.25	0.001108	1
"530"	"oracle"	"xt-1M-1000-120-2"	610	422	0	0.142857142857143	0.333333333333333	0	0.25	0.001926	1
"531"	"oracle"	"xt-1M-1000-120-2"	610	462	0	0.142857142857143	0.666666666666667	0	0.25	0.002574	1
"532"	"oracle"	"xt-1M-1000-120-2"	610	482	0	0.142857142857143	1	0	0.25	0.002352	1
"533"	"oracle"	"xt-1M-1000-120-2"	610	521	0	0.142857142857143	0	0	0.5	0.001032	1
"534"	"oracle"	"xt-1M-1000-120-2"	610	542	0	0.142857142857143	0.333333333333333	0	0.5	0.001901	1
"535"	"oracle"	"xt-1M-1000-120-2"	610	582	0	0.142857142857143	0.666666666666667	0	0.5	0.002304	1
"536"	"oracle"	"xt-1M-1000-120-2"	610	601	0	0.142857142857143	1	0	0.5	0.002622	1
"537"	"oracle"	"xt-1M-1000-120-2"	610	641	0	0.142857142857143	0	0	0.75	0.007586	0
"538"	"oracle"	"xt-1M-1000-120-2"	610	662	0	0.142857142857143	0.333333333333333	0	0.75	0.003124	1
"539"	"oracle"	"xt-1M-1000-120-2"	610	702	0	0.142857142857143	0.666666666666667	0	0.75	0.002514	1
"540"	"oracle"	"xt-1M-1000-120-2"	610	741	0	0.142857142857143	1	0	0.75	0.002719	1
"541"	"oracle"	"xt-1M-1000-120-2"	610	762	0	0.142857142857143	0	0	1	0.001175	1
"542"	"oracle"	"xt-1M-1000-120-2"	610	802	0	0.142857142857143	0.333333333333333	0	1	0.002186	1
"543"	"oracle"	"xt-1M-1000-120-2"	610	841	0	0.142857142857143	0.666666666666667	0	1	0.002652	1
"544"	"oracle"	"xt-1M-1000-120-2"	610	862	0	0.142857142857143	1	0	1	0.00257	1
"545"	"oracle"	"xt-1M-1000-120-2"	610	902	0	0.142857142857143	0	0.01	0	0.099984	0.6
"546"	"oracle"	"xt-1M-1000-120-2"	610	941	0	0.142857142857143	0.333333333333333	0.01	0	0.173571	1
"547"	"oracle"	"xt-1M-1000-120-2"	610	962	0	0.142857142857143	0.666666666666667	0.01	0	0.171562	0
"548"	"oracle"	"xt-1M-1000-120-2"	610	1001	0	0.142857142857143	1	0.01	0	0.242663	0.1
"549"	"oracle"	"xt-1M-1000-120-2"	610	1441	0	0.142857142857143	0	0.1	0	0.084694	0.7
"550"	"oracle"	"xt-1M-1000-120-2"	610	1461	0	0.142857142857143	0.333333333333333	0.1	0	0.027673	0
"551"	"oracle"	"xt-1M-1000-120-2"	610	1482	0	0.142857142857143	0.666666666666667	0.1	0	0.235518	0.2
"552"	"oracle"	"xt-1M-1000-120-2"	610	1501	0	0.142857142857143	1	0.1	0	0.179422	0
"553"	"oracle"	"xt-1M-1000-120-2"	610	1821	0	0.142857142857143	0	1	0	0.091439	0.2
"554"	"oracle"	"xt-1M-1000-120-2"	610	1841	0	0.142857142857143	0.333333333333333	1	0	0.325412	0
"555"	"oracle"	"xt-1M-1000-120-2"	610	1861	0	0.142857142857143	0.666666666666667	1	0	0.255395	0.3
"556"	"oracle"	"xt-1M-1000-120-2"	610	1881	0	0.142857142857143	1	1	0	0.09262	0.1
"557"	"oracle"	"xt-1M-1000-120-4"	809	2222	0	0.428571428571429	0.333333333333333	0	0.25	0.014494	0
"558"	"oracle"	"xt-1M-1000-120-4"	809	2224	0	0.428571428571429	0.666666666666667	0	0.25	0.005798	0.4
"559"	"oracle"	"xt-1M-1000-120-4"	809	2225	0	0.428571428571429	1	0	0.25	0.005801	0.3
"560"	"oracle"	"xt-1M-1000-120-4"	809	2228	0	0.428571428571429	0	0	0.5	0.005449	0.2
"561"	"oracle"	"xt-1M-1000-120-4"	809	2242	0	0.428571428571429	0.333333333333333	0	0.5	0.011949	0.1
"562"	"oracle"	"xt-1M-1000-120-4"	809	2261	0	0.428571428571429	0.666666666666667	0	0.5	0.006446	0.2
"563"	"oracle"	"xt-1M-1000-120-4"	809	2263	0	0.428571428571429	1	0	0.5	0.006276	0.4
"564"	"oracle"	"xt-1M-1000-120-4"	809	2283	0	0.428571428571429	0	0	0.75	0.005464	0.2
"565"	"oracle"	"xt-1M-1000-120-4"	809	2301	0	0.428571428571429	0.333333333333333	0	0.75	0.005917	0.1
"566"	"oracle"	"xt-1M-1000-120-4"	809	2304	0	0.428571428571429	0.666666666666667	0	0.75	0.006517	0
"567"	"oracle"	"xt-1M-1000-120-4"	809	2322	0	0.428571428571429	1	0	0.75	0.005987	0.5
"568"	"oracle"	"xt-1M-1000-120-4"	809	2323	0	0.428571428571429	0	0	1	0.015283	0
"569"	"oracle"	"xt-1M-1000-120-4"	809	2326	0	0.428571428571429	0.333333333333333	0	1	0.005615	0.4
"570"	"oracle"	"xt-1M-1000-120-4"	809	2342	0	0.428571428571429	0.666666666666667	0	1	0.005918	0.5
"571"	"oracle"	"xt-1M-1000-120-4"	809	2344	0	0.428571428571429	1	0	1	0.005798	0.4
"572"	"oracle"	"xt-1M-1000-120-4"	809	2382	0	0.428571428571429	0.333333333333333	0.01	0	0.983141	0.1
"573"	"oracle"	"xt-1M-1000-120-4"	809	2387	0	0.428571428571429	1	0.01	0	0.565241	0.4
"574"	"oracle"	"xt-1M-1000-120-4"	809	3023	0	0.428571428571429	0.666666666666667	0.1	0	0.485539	1
"575"	"oracle"	"xt-1M-1000-120-4"	809	3204	0	0.428571428571429	1	1	0	1	0.1
"576"	"oracle"	"xt-1M-1000-120-8"	1109	3764	0	1	0	0	0.25	0.004443	0
"577"	"oracle"	"xt-1M-1000-120-8"	1109	3804	0	1	0.333333333333333	0	0.25	0.010345	0
"578"	"oracle"	"xt-1M-1000-120-8"	1109	3823	0	1	1	0	0.25	0.004886	0
"579"	"oracle"	"xt-1M-1000-120-8"	1109	3863	0	1	0.333333333333333	0	0.5	0.004717	0
"580"	"oracle"	"xt-1M-1000-120-8"	1109	4164	0	1	0.666666666666667	0	0.5	0.004459	0
"581"	"oracle"	"xt-1M-1000-120-8"	1109	4184	0	1	1	0	0.5	0.004727	0
"582"	"oracle"	"xt-1M-1000-120-8"	1109	4204	0	1	0	0	0.75	0.004581	0
"583"	"oracle"	"xt-1M-1000-120-8"	1109	4224	0	1	0.333333333333333	0	0.75	0.004668	0
"584"	"oracle"	"xt-1M-1000-120-8"	1109	4244	0	1	0.666666666666667	0	0.75	0.007744	0
"585"	"oracle"	"xt-1M-1000-120-8"	1109	4265	0	1	1	0	0.75	0.007675	0
"586"	"oracle"	"xt-1M-1000-120-8"	1109	4384	0	1	0	0	1	0.012261	0
"587"	"oracle"	"xt-1M-1000-120-8"	1109	4604	0	1	0.333333333333333	0	1	0.005725	0
"588"	"oracle"	"xt-1M-1000-120-8"	1109	4625	0	1	0.666666666666667	0	1	0.008023	0
"589"	"oracle"	"xt-1M-1000-120-8"	1109	4724	0	1	1	0	1	0.006843	0
"590"	"oracle"	"xt-1M-1000-120-8"	1109	4805	0	1	0.333333333333333	0.01	0	0.400204	0.5
"591"	"oracle"	"xt-1M-1000-120-8"	1109	4844	0	1	1	0.01	0	0.728068	1
"592"	"oracle"	"xt-1M-1000-120-8"	1109	5205	0	1	0	0.1	0	0.152393	0.3
"593"	"oracle"	"xt-1M-1000-120-8"	1109	5245	0	1	0.333333333333333	0.1	0	0.542141	0.1
"594"	"oracle"	"xt-1M-1000-120-8"	1109	5606	0	1	0	1	0	0.188234	0.4
"595"	"oracle"	"xt-1M-1000-120-8"	1109	5608	0	1	0.333333333333333	1	0	0.521224	1
"596"	"oracle"	"xt-1M-1000-120-8"	1109	5626	0	1	0.666666666666667	1	0	0.672042	0.3
"597"	"oracle"	"xt-1M-1000-120-8"	1109	5628	0	1	1	1	0	0.435229	0.2
"598"	"pgsql"	"pk-xt-1M-1000-120-1"	1129	7207	1	0	0	0	0.25	0.000919	1
"599"	"pgsql"	"pk-xt-1M-1000-120-1"	1129	7246	1	0	0.333333333333333	0	0.25	0.00082	1
"600"	"pgsql"	"pk-xt-1M-1000-120-1"	1129	7286	1	0	0.666666666666667	0	0.25	0.000787	0.7
"601"	"pgsql"	"pk-xt-1M-1000-120-1"	1129	7306	1	0	1	0	0.25	0.000901	1
"602"	"pgsql"	"pk-xt-1M-1000-120-1"	1129	7327	1	0	0	0	0.5	0.000751	1
"603"	"pgsql"	"pk-xt-1M-1000-120-1"	1129	7366	1	0	0.333333333333333	0	0.5	0.000677	1
"604"	"pgsql"	"pk-xt-1M-1000-120-1"	1129	7406	1	0	0.666666666666667	0	0.5	0.000622	1
"605"	"pgsql"	"pk-xt-1M-1000-120-1"	1129	7427	1	0	1	0	0.5	0.000689	1
"606"	"pgsql"	"pk-xt-1M-1000-120-1"	1129	7467	1	0	0	0	0.75	0.00075	1
"607"	"pgsql"	"pk-xt-1M-1000-120-1"	1129	7506	1	0	0.333333333333333	0	0.75	0.000778	1
"608"	"pgsql"	"pk-xt-1M-1000-120-1"	1129	7546	1	0	0.666666666666667	0	0.75	0.000682	1
"609"	"pgsql"	"pk-xt-1M-1000-120-1"	1129	7587	1	0	1	0	0.75	0.000685	1
"610"	"pgsql"	"pk-xt-1M-1000-120-1"	1129	7627	1	0	0	0	1	0.00067	1
"611"	"pgsql"	"pk-xt-1M-1000-120-1"	1129	7666	1	0	0.333333333333333	0	1	0.000852	1
"612"	"pgsql"	"pk-xt-1M-1000-120-1"	1129	7686	1	0	0.666666666666667	0	1	0.000866	1
"613"	"pgsql"	"pk-xt-1M-1000-120-1"	1129	7706	1	0	1	0	1	0.000814	1
"614"	"pgsql"	"pk-xt-1M-1000-120-1"	1129	7726	1	0	0	0.01	0	0.001562	1
"615"	"pgsql"	"pk-xt-1M-1000-120-1"	1129	7747	1	0	0.333333333333333	0.01	0	0.001593	1
"616"	"pgsql"	"pk-xt-1M-1000-120-1"	1129	7766	1	0	0.666666666666667	0.01	0	0.001572	1
"617"	"pgsql"	"pk-xt-1M-1000-120-1"	1129	7786	1	0	1	0.01	0	0.001532	1
"618"	"pgsql"	"pk-xt-1M-1000-120-1"	1129	8126	1	0	0	0.1	0	0.007282	1
"619"	"pgsql"	"pk-xt-1M-1000-120-1"	1129	8146	1	0	0.333333333333333	0.1	0	0.00738	1
"620"	"pgsql"	"pk-xt-1M-1000-120-1"	1129	8166	1	0	0.666666666666667	0.1	0	0.006965	1
"621"	"pgsql"	"pk-xt-1M-1000-120-1"	1129	8186	1	0	1	0.1	0	0.006691	1
"622"	"pgsql"	"pk-xt-1M-1000-120-1"	1129	8526	1	0	0	1	0	0.059879	1
"623"	"pgsql"	"pk-xt-1M-1000-120-1"	1129	8567	1	0	0.666666666666667	1	0	0.061893	1
"624"	"pgsql"	"pk-xt-1M-1000-120-2"	1729	9266	1	0.142857142857143	0	0	0.25	0.000723	1
"625"	"pgsql"	"pk-xt-1M-1000-120-2"	1729	9306	1	0.142857142857143	0.666666666666667	0	0.25	0.000723	1
"626"	"pgsql"	"pk-xt-1M-1000-120-2"	1729	9308	1	0.142857142857143	1	0	0.25	0.000906	0.5
"627"	"pgsql"	"pk-xt-1M-1000-120-2"	1729	9310	1	0.142857142857143	0	0	0.5	0.000674	1
"628"	"pgsql"	"pk-xt-1M-1000-120-2"	1729	9317	1	0.142857142857143	0	0	0.75	0	1
"629"	"pgsql"	"pk-xt-1M-1000-120-2"	1729	9329	1	0.142857142857143	0	0	1	0	1
"630"	"pgsql"	"pk-xt-1M-1000-120-2"	1729	9447	1	0.142857142857143	1	0.1	0	0.744538	0.5
"631"	"pgsql"	"pk-xt-1M-1000-120-2"	1729	9448	1	0.142857142857143	0	1	0	0.743724	1
"632"	"pgsql"	"pk-xt-1M-1000-120-2"	1729	9452	1	0.142857142857143	0.666666666666667	1	0	0.752317	1
"633"	"pgsql"	"pk-xt-1M-1000-120-2"	1729	9454	1	0.142857142857143	1	1	0	0.733395	1
"634"	"pgsql"	"pk-xt-1M-1000-120-4"	1472	8686	1	0.428571428571429	0	0	0.25	0.000134	1
"635"	"pgsql"	"pk-xt-1M-1000-120-4"	1472	8766	1	0.428571428571429	0.333333333333333	0	0.25	0.00012	0.6
"636"	"pgsql"	"pk-xt-1M-1000-120-4"	1472	8806	1	0.428571428571429	0.666666666666667	0	0.25	0.000176	1
"637"	"pgsql"	"pk-xt-1M-1000-120-4"	1472	9413	1	0.428571428571429	1	0	0.25	0.000172	1
"638"	"pgsql"	"pk-xt-1M-1000-120-4"	1472	9415	1	0.428571428571429	0	0	0.5	0.000109	1
"639"	"pgsql"	"pk-xt-1M-1000-120-4"	1472	9417	1	0.428571428571429	0.333333333333333	0	0.5	0.000145	1
"640"	"pgsql"	"pk-xt-1M-1000-120-4"	1472	9418	1	0.428571428571429	0.666666666666667	0	0.5	0.000149	1
"641"	"pgsql"	"pk-xt-1M-1000-120-4"	1472	9420	1	0.428571428571429	1	0	0.5	0.000112	1
"642"	"pgsql"	"pk-xt-1M-1000-120-4"	1472	9422	1	0.428571428571429	0	0	0.75	0.000104	1
"643"	"pgsql"	"pk-xt-1M-1000-120-4"	1472	9424	1	0.428571428571429	0.333333333333333	0	0.75	0.00014	1
"644"	"pgsql"	"pk-xt-1M-1000-120-4"	1472	9426	1	0.428571428571429	0.666666666666667	0	0.75	0.000102	0.5
"645"	"pgsql"	"pk-xt-1M-1000-120-4"	1472	9427	1	0.428571428571429	1	0	0.75	0.000191	0.4
"646"	"pgsql"	"pk-xt-1M-1000-120-4"	1472	9429	1	0.428571428571429	0	0	1	0.000486	0
"647"	"pgsql"	"pk-xt-1M-1000-120-4"	1472	9431	1	0.428571428571429	0.333333333333333	0	1	0.000224	0.5
"648"	"pgsql"	"pk-xt-1M-1000-120-4"	1472	9433	1	0.428571428571429	0.666666666666667	0	1	0.000436	0
"649"	"pgsql"	"pk-xt-1M-1000-120-4"	1472	9435	1	0.428571428571429	1	0	1	0.000191	0.5
"650"	"pgsql"	"pk-xt-1M-1000-120-4"	1472	9438	1	0.428571428571429	0	0.01	0	0.000711	0.5
"651"	"pgsql"	"pk-xt-1M-1000-120-4"	1472	9442	1	0.428571428571429	0.666666666666667	0.01	0	0.000424	0.4
"652"	"pgsql"	"pk-xt-1M-1000-120-4"	1472	9444	1	0.428571428571429	1	0.01	0	0.000841	0.2
"653"	"pgsql"	"pk-xt-1M-1000-120-4"	1472	9451	1	0.428571428571429	0.666666666666667	0.1	0	0.002422	0.5
"654"	"pgsql"	"pk-xt-1M-1000-120-4"	1472	9455	1	0.428571428571429	0	1	0	0.017799	1
"655"	"pgsql"	"pk-xt-1M-1000-120-4"	1472	9456	1	0.428571428571429	0.333333333333333	1	0	0.018794	0.7
"656"	"pgsql"	"pk-xt-1M-1000-120-4"	1472	9457	1	0.428571428571429	0.666666666666667	1	0	0.022695	0.5
"657"	"pgsql"	"pk-xt-1M-1000-120-8"	1749	9295	1	1	0	0	0.25	0.000204	0.3
"658"	"pgsql"	"pk-xt-1M-1000-120-8"	1749	9307	1	1	0.666666666666667	0	0.25	0.000125	0.3
"659"	"pgsql"	"pk-xt-1M-1000-120-8"	1749	9309	1	1	1	0	0.25	0.000684	0
"660"	"pgsql"	"pk-xt-1M-1000-120-8"	1749	9311	1	1	0	0	0.5	0.000144	0.3
"661"	"pgsql"	"pk-xt-1M-1000-120-8"	1749	9314	1	1	0.333333333333333	0	0.5	0.000907	0.4
"662"	"pgsql"	"pk-xt-1M-1000-120-8"	1749	9318	1	1	1	0	0.5	0.00011	0.3
"663"	"pgsql"	"pk-xt-1M-1000-120-8"	1749	9320	1	1	0	0	0.75	0.000106	0.4
"664"	"pgsql"	"pk-xt-1M-1000-120-8"	1749	9322	1	1	0.333333333333333	0	0.75	0.000153	0.3
"665"	"pgsql"	"pk-xt-1M-1000-120-8"	1749	9328	1	1	0.666666666666667	0	0.75	0.000586	0.1
"666"	"pgsql"	"pk-xt-1M-1000-120-8"	1749	9336	1	1	1	0	0.75	0.001773	0
"667"	"pgsql"	"pk-xt-1M-1000-120-8"	1749	9339	1	1	0	0	1	0.001251	0.4
"668"	"pgsql"	"pk-xt-1M-1000-120-8"	1749	9353	1	1	0.666666666666667	0	1	0.011965	0
"669"	"pgsql"	"pk-xt-1M-1000-120-8"	1749	9355	1	1	1	0	1	0.000163	0.4
"670"	"pgsql"	"pk-xt-1M-1000-120-8"	1749	9409	1	1	0	0.01	0	0.20427	1
"671"	"pgsql"	"pk-xt-1M-1000-120-8"	1749	9412	1	1	0.333333333333333	0.01	0	0.145344	1
"672"	"pgsql"	"pk-xt-1M-1000-120-8"	1749	9414	1	1	0.666666666666667	0.01	0	0.105771	1
"673"	"pgsql"	"pk-xt-1M-1000-120-8"	1749	9416	1	1	1	0.01	0	0.336177	1
"674"	"pgsql"	"pk-xt-1M-1000-120-8"	1749	9419	1	1	0	0.1	0	0.34732	1
"675"	"pgsql"	"pk-xt-1M-1000-120-8"	1749	9421	1	1	0.333333333333333	0.1	0	0.343487	1
"676"	"pgsql"	"pk-xt-1M-1000-120-8"	1749	9423	1	1	0.666666666666667	0.1	0	0.340705	1
"677"	"pgsql"	"pk-xt-1M-1000-120-8"	1749	9425	1	1	1	0.1	0	0.33602	1
"678"	"pgsql"	"pk-xt-1M-1000-120-8"	1749	9428	1	1	0	1	0	0.354817	1
"679"	"pgsql"	"pk-xt-1M-1000-120-8"	1749	9430	1	1	0.333333333333333	1	0	0.349673	1
"680"	"pgsql"	"pk-xt-1M-1000-120-8"	1749	9432	1	1	0.666666666666667	1	0	0.345586	1
"681"	"pgsql"	"pk-xt-1M-1000-120-8"	1749	9437	1	1	1	1	0	0.340943	1
"682"	"pgsql"	"xt-1M-1000-120-1"	969	1602	0	0	0	0	0.25	0.000934	0.1
"683"	"pgsql"	"xt-1M-1000-120-1"	969	1623	0	0	0.333333333333333	0	0.25	0.001017	0.1
"684"	"pgsql"	"xt-1M-1000-120-1"	969	1661	0	0	0.666666666666667	0	0.25	0.001093	0
"685"	"pgsql"	"xt-1M-1000-120-1"	969	1683	0	0	1	0	0.25	0.001162	0.1
"686"	"pgsql"	"xt-1M-1000-120-1"	969	1723	0	0	0	0	0.5	0.000751	0
"687"	"pgsql"	"xt-1M-1000-120-1"	969	1763	0	0	0.333333333333333	0	0.5	0.000578	0
"688"	"pgsql"	"xt-1M-1000-120-1"	969	1801	0	0	0.666666666666667	0	0.5	0.001211	0
"689"	"pgsql"	"xt-1M-1000-120-1"	969	1842	0	0	1	0	0.5	0.00117	0
"690"	"pgsql"	"xt-1M-1000-120-1"	969	1882	0	0	0	0	0.75	0.000721	0
"691"	"pgsql"	"xt-1M-1000-120-1"	969	1902	0	0	0.333333333333333	0	0.75	0.000409	0
"692"	"pgsql"	"xt-1M-1000-120-1"	969	1923	0	0	0.666666666666667	0	0.75	0.000942	0
"693"	"pgsql"	"xt-1M-1000-120-1"	969	1943	0	0	1	0	0.75	0.000661	0
"694"	"pgsql"	"xt-1M-1000-120-1"	969	1983	0	0	0	0	1	0.001193	0.3
"695"	"pgsql"	"xt-1M-1000-120-1"	969	2022	0	0	0.333333333333333	0	1	0.00095	0
"696"	"pgsql"	"xt-1M-1000-120-1"	969	2043	0	0	0.666666666666667	0	1	0.001405	0
"697"	"pgsql"	"xt-1M-1000-120-1"	969	2083	0	0	1	0	1	0.000428	0
"698"	"pgsql"	"xt-1M-1000-120-1"	969	2123	0	0	0	0.01	0	0.584779	0.7
"699"	"pgsql"	"xt-1M-1000-120-1"	969	2142	0	0	0.333333333333333	0.01	0	0.437015	1
"700"	"pgsql"	"xt-1M-1000-120-1"	969	2144	0	0	0.666666666666667	0.01	0	0.582405	1
"701"	"pgsql"	"xt-1M-1000-120-1"	969	2147	0	0	1	0.01	0	0.519821	1
"702"	"pgsql"	"xt-1M-1000-120-1"	969	2503	0	0	0	0.1	0	0.569045	1
"703"	"pgsql"	"xt-1M-1000-120-1"	969	2522	0	0	0.333333333333333	0.1	0	0.56509	1
"704"	"pgsql"	"xt-1M-1000-120-1"	969	2541	0	0	0.666666666666667	0.1	0	0.543025	1
"705"	"pgsql"	"xt-1M-1000-120-1"	969	2561	0	0	1	0.1	0	0.561257	1
"706"	"pgsql"	"xt-1M-1000-120-1"	969	4124	0	0	0.333333333333333	1	0	0.611729	0.6
"707"	"pgsql"	"xt-1M-1000-120-1"	969	4125	0	0	0.666666666666667	1	0	0.585413	1
"708"	"pgsql"	"xt-1M-1000-120-1"	969	4144	0	0	1	1	0	0.60874	0.5
"709"	"pgsql"	"xt-1M-1000-120-2"	709	401	0	0.142857142857143	0	0	0.25	0.000395	0.1
"710"	"pgsql"	"xt-1M-1000-120-2"	709	422	0	0.142857142857143	0.333333333333333	0	0.25	0.000377	0.1
"711"	"pgsql"	"xt-1M-1000-120-2"	709	462	0	0.142857142857143	0.666666666666667	0	0.25	0.000278	0.6
"712"	"pgsql"	"xt-1M-1000-120-2"	709	482	0	0.142857142857143	1	0	0.25	0.00027	0.3
"713"	"pgsql"	"xt-1M-1000-120-2"	709	521	0	0.142857142857143	0	0	0.5	0.000281	0
"714"	"pgsql"	"xt-1M-1000-120-2"	709	542	0	0.142857142857143	0.333333333333333	0	0.5	0.00041	0.2
"715"	"pgsql"	"xt-1M-1000-120-2"	709	582	0	0.142857142857143	0.666666666666667	0	0.5	0.000504	1
"716"	"pgsql"	"xt-1M-1000-120-2"	709	601	0	0.142857142857143	1	0	0.5	0.000273	0.5
"717"	"pgsql"	"xt-1M-1000-120-2"	709	641	0	0.142857142857143	0	0	0.75	0.000335	0.3
"718"	"pgsql"	"xt-1M-1000-120-2"	709	662	0	0.142857142857143	0.333333333333333	0	0.75	7.1e-05	0.1
"719"	"pgsql"	"xt-1M-1000-120-2"	709	702	0	0.142857142857143	0.666666666666667	0	0.75	0.000288	0.1
"720"	"pgsql"	"xt-1M-1000-120-2"	709	741	0	0.142857142857143	1	0	0.75	0.00042	1
"721"	"pgsql"	"xt-1M-1000-120-2"	709	762	0	0.142857142857143	0	0	1	0.000231	0.1
"722"	"pgsql"	"xt-1M-1000-120-2"	709	802	0	0.142857142857143	0.333333333333333	0	1	0.000214	0.1
"723"	"pgsql"	"xt-1M-1000-120-2"	709	841	0	0.142857142857143	0.666666666666667	0	1	0.00033	0.2
"724"	"pgsql"	"xt-1M-1000-120-2"	709	862	0	0.142857142857143	1	0	1	0.000422	0.1
"725"	"pgsql"	"xt-1M-1000-120-2"	709	902	0	0.142857142857143	0	0.01	0	1	1
"726"	"pgsql"	"xt-1M-1000-120-2"	709	941	0	0.142857142857143	0.333333333333333	0.01	0	0.802494	0.4
"727"	"pgsql"	"xt-1M-1000-120-2"	709	962	0	0.142857142857143	0.666666666666667	0.01	0	0.917045	1
"728"	"pgsql"	"xt-1M-1000-120-2"	709	1001	0	0.142857142857143	1	0.01	0	0.810971	0
"729"	"pgsql"	"xt-1M-1000-120-2"	709	1441	0	0.142857142857143	0	0.1	0	0.739417	0.1
"730"	"pgsql"	"xt-1M-1000-120-2"	709	1461	0	0.142857142857143	0.333333333333333	0.1	0	0.786933	0.1
"731"	"pgsql"	"xt-1M-1000-120-2"	709	1482	0	0.142857142857143	0.666666666666667	0.1	0	0.785712	0.1
"732"	"pgsql"	"xt-1M-1000-120-2"	709	1501	0	0.142857142857143	1	0.1	0	0.743098	0.1
"733"	"pgsql"	"xt-1M-1000-120-2"	709	1821	0	0.142857142857143	0	1	0	0.752595	0.1
"734"	"pgsql"	"xt-1M-1000-120-2"	709	1841	0	0.142857142857143	0.333333333333333	1	0	0.736448	0.1
"735"	"pgsql"	"xt-1M-1000-120-2"	709	1861	0	0.142857142857143	0.666666666666667	1	0	0.740193	0.1
"736"	"pgsql"	"xt-1M-1000-120-2"	709	1881	0	0.142857142857143	1	1	0	0.760272	0
"737"	"pgsql"	"xt-1M-1000-120-4"	749	2203	0	0.428571428571429	0	0	0.25	0.000148	0.3
"738"	"pgsql"	"xt-1M-1000-120-4"	749	2222	0	0.428571428571429	0.333333333333333	0	0.25	0.000154	0.6
"739"	"pgsql"	"xt-1M-1000-120-4"	749	2225	0	0.428571428571429	1	0	0.25	9.5e-05	0
"740"	"pgsql"	"xt-1M-1000-120-4"	749	2228	0	0.428571428571429	0	0	0.5	7.6e-05	0
"741"	"pgsql"	"xt-1M-1000-120-4"	749	2263	0	0.428571428571429	1	0	0.5	5.9e-05	0
"742"	"pgsql"	"xt-1M-1000-120-4"	749	2283	0	0.428571428571429	0	0	0.75	4.8e-05	0.4
"743"	"pgsql"	"xt-1M-1000-120-4"	749	2301	0	0.428571428571429	0.333333333333333	0	0.75	4.3e-05	0.1
"744"	"pgsql"	"xt-1M-1000-120-4"	749	2304	0	0.428571428571429	0.666666666666667	0	0.75	6.7e-05	0.6
"745"	"pgsql"	"xt-1M-1000-120-4"	749	2322	0	0.428571428571429	1	0	0.75	4.8e-05	0.2
"746"	"pgsql"	"xt-1M-1000-120-4"	749	2323	0	0.428571428571429	0	0	1	2.6e-05	0
"747"	"pgsql"	"xt-1M-1000-120-4"	749	2342	0	0.428571428571429	0.666666666666667	0	1	4e-05	0.1
"748"	"pgsql"	"xt-1M-1000-120-4"	749	2344	0	0.428571428571429	1	0	1	2.2e-05	0.1
"749"	"pgsql"	"xt-1M-1000-120-4"	749	2362	0	0.428571428571429	0	0.01	0	0.59501	0
"750"	"pgsql"	"xt-1M-1000-120-4"	749	2382	0	0.428571428571429	0.333333333333333	0.01	0	0.376467	1
"751"	"pgsql"	"xt-1M-1000-120-4"	749	2384	0	0.428571428571429	0.666666666666667	0.01	0	0.471602	0
"752"	"pgsql"	"xt-1M-1000-120-4"	749	2387	0	0.428571428571429	1	0.01	0	0.397535	0
"753"	"pgsql"	"xt-1M-1000-120-4"	749	3003	0	0.428571428571429	0	0.1	0	0.523919	0
"754"	"pgsql"	"xt-1M-1000-120-4"	749	3004	0	0.428571428571429	0.333333333333333	0.1	0	0.46915	0
"755"	"pgsql"	"xt-1M-1000-120-4"	749	3023	0	0.428571428571429	0.666666666666667	0.1	0	0.325739	0
"756"	"pgsql"	"xt-1M-1000-120-4"	749	3024	0	0.428571428571429	1	0.1	0	0.38497	0
"757"	"pgsql"	"xt-1M-1000-120-4"	749	3183	0	0.428571428571429	0	1	0	0.367661	0
"758"	"pgsql"	"xt-1M-1000-120-4"	749	3184	0	0.428571428571429	0.333333333333333	1	0	0.42923	0
"759"	"pgsql"	"xt-1M-1000-120-4"	749	3203	0	0.428571428571429	0.666666666666667	1	0	0.356868	0
"760"	"pgsql"	"xt-1M-1000-120-4"	749	3204	0	0.428571428571429	1	1	0	0.347262	0
"761"	"pgsql"	"xt-1M-1000-120-8"	829	3764	0	1	0	0	0.25	3.5e-05	0.1
"762"	"pgsql"	"xt-1M-1000-120-8"	829	3804	0	1	0.333333333333333	0	0.25	6.6e-05	0.3
"763"	"pgsql"	"xt-1M-1000-120-8"	829	3806	0	1	0.666666666666667	0	0.25	1.9e-05	0.2
"764"	"pgsql"	"xt-1M-1000-120-8"	829	3823	0	1	1	0	0.25	4e-05	0.1
"765"	"pgsql"	"xt-1M-1000-120-8"	829	3843	0	1	0	0	0.5	5.1e-05	0.1
"766"	"pgsql"	"xt-1M-1000-120-8"	829	3863	0	1	0.333333333333333	0	0.5	9.4e-05	0.1
"767"	"pgsql"	"xt-1M-1000-120-8"	829	4164	0	1	0.666666666666667	0	0.5	0.000108	0.1
"768"	"pgsql"	"xt-1M-1000-120-8"	829	4184	0	1	1	0	0.5	5.4e-05	0.1
"769"	"pgsql"	"xt-1M-1000-120-8"	829	4204	0	1	0	0	0.75	4.8e-05	0.1
"770"	"pgsql"	"xt-1M-1000-120-8"	829	4224	0	1	0.333333333333333	0	0.75	4.1e-05	0.1
"771"	"pgsql"	"xt-1M-1000-120-8"	829	4244	0	1	0.666666666666667	0	0.75	6.1e-05	0
"772"	"pgsql"	"xt-1M-1000-120-8"	829	4265	0	1	1	0	0.75	6e-05	0.1
"773"	"pgsql"	"xt-1M-1000-120-8"	829	4384	0	1	0	0	1	9.1e-05	0.3
"774"	"pgsql"	"xt-1M-1000-120-8"	829	4604	0	1	0.333333333333333	0	1	0.000145	0.4
"775"	"pgsql"	"xt-1M-1000-120-8"	829	4625	0	1	0.666666666666667	0	1	7.2e-05	0.2
"776"	"pgsql"	"xt-1M-1000-120-8"	829	4724	0	1	1	0	1	0.000126	0.1
"777"	"pgsql"	"xt-1M-1000-120-8"	829	4765	0	1	0	0.01	0	0.399725	0.5
"778"	"pgsql"	"xt-1M-1000-120-8"	829	4805	0	1	0.333333333333333	0.01	0	0.279523	0.4
"779"	"pgsql"	"xt-1M-1000-120-8"	829	4824	0	1	0.666666666666667	0.01	0	0.497153	0.5
"780"	"pgsql"	"xt-1M-1000-120-8"	829	4844	0	1	1	0.01	0	0.517937	1
"781"	"pgsql"	"xt-1M-1000-120-8"	829	5205	0	1	0	0.1	0	0.299417	0.4
"782"	"pgsql"	"xt-1M-1000-120-8"	829	5245	0	1	0.333333333333333	0.1	0	0.528212	0.7
"783"	"pgsql"	"xt-1M-1000-120-8"	829	5284	0	1	0.666666666666667	0.1	0	0.397909	0.6
"784"	"pgsql"	"xt-1M-1000-120-8"	829	5304	0	1	1	0.1	0	0.284647	0.4
"785"	"pgsql"	"xt-1M-1000-120-8"	829	5606	0	1	0	1	0	0.436284	0
"786"	"pgsql"	"xt-1M-1000-120-8"	829	5608	0	1	0.333333333333333	1	0	0.322083	0
"787"	"pgsql"	"xt-1M-1000-120-8"	829	5626	0	1	0.666666666666667	1	0	0.44738	0
"788"	"pgsql"	"xt-1M-1000-120-8"	829	5628	0	1	1	1	0	0.215497	0
"789"	"sqlserver"	"pk-xt-30K-1000-120-1"	869	4425	1	0	0	0	0.25	0.834708	0.5
"790"	"sqlserver"	"pk-xt-30K-1000-120-1"	869	4426	1	0	0.333333333333333	0	0.25	0.870374	0.5
"791"	"sqlserver"	"pk-xt-30K-1000-120-1"	869	4444	1	0	0.666666666666667	0	0.25	0.916729	0.5
"792"	"sqlserver"	"pk-xt-30K-1000-120-1"	869	4445	1	0	1	0	0.25	0.898563	0.5
"793"	"sqlserver"	"pk-xt-30K-1000-120-1"	869	4464	1	0	0	0	0.5	0.90179	0.5
"794"	"sqlserver"	"pk-xt-30K-1000-120-1"	869	4465	1	0	0.333333333333333	0	0.5	0.848974	0.5
"795"	"sqlserver"	"pk-xt-30K-1000-120-1"	869	4484	1	0	0.666666666666667	0	0.5	0.879032	0.5
"796"	"sqlserver"	"pk-xt-30K-1000-120-1"	869	4486	1	0	1	0	0.5	0.880456	0.5
"797"	"sqlserver"	"pk-xt-30K-1000-120-1"	869	4504	1	0	0	0	0.75	0.907313	0.5
"798"	"sqlserver"	"pk-xt-30K-1000-120-1"	869	4505	1	0	0.333333333333333	0	0.75	0.865224	0.5
"799"	"sqlserver"	"pk-xt-30K-1000-120-1"	869	4524	1	0	0.666666666666667	0	0.75	0.912201	0.5
"800"	"sqlserver"	"pk-xt-30K-1000-120-1"	869	4525	1	0	1	0	0.75	0.95139	0.5
"801"	"sqlserver"	"pk-xt-30K-1000-120-1"	869	4544	1	0	0	0	1	0.915828	0.5
"802"	"sqlserver"	"pk-xt-30K-1000-120-1"	869	4545	1	0	0.333333333333333	0	1	0.877725	0.5
"803"	"sqlserver"	"pk-xt-30K-1000-120-1"	869	4564	1	0	0.666666666666667	0	1	0.906496	0.5
"804"	"sqlserver"	"pk-xt-30K-1000-120-1"	869	4565	1	0	1	0	1	0.914322	0.5
"805"	"sqlserver"	"pk-xt-30K-1000-120-1"	869	4584	1	0	0	0.01	0	0.358069	0.6
"806"	"sqlserver"	"pk-xt-30K-1000-120-1"	869	4585	1	0	0.333333333333333	0.01	0	0.39142	0.6
"807"	"sqlserver"	"pk-xt-30K-1000-120-1"	869	4624	1	0	0.666666666666667	0.01	0	0.283167	0.5
"808"	"sqlserver"	"pk-xt-30K-1000-120-1"	869	4626	1	0	1	0.01	0	0.227729	1
"809"	"sqlserver"	"pk-xt-30K-1000-120-1"	869	4804	1	0	0	0.1	0	0.382548	0.5
"810"	"sqlserver"	"pk-xt-30K-1000-120-1"	869	4806	1	0	0.333333333333333	0.1	0	0.32124	0.5
"811"	"sqlserver"	"pk-xt-30K-1000-120-1"	869	4825	1	0	0.666666666666667	0.1	0	0.437242	0.5
"812"	"sqlserver"	"pk-xt-30K-1000-120-1"	869	4845	1	0	1	0.1	0	0.338106	0.7
"813"	"sqlserver"	"pk-xt-30K-1000-120-1"	869	5066	1	0	0	1	0	0.391422	0.5
"814"	"sqlserver"	"pk-xt-30K-1000-120-1"	869	5085	1	0	0.333333333333333	1	0	0.392513	0.5
"815"	"sqlserver"	"pk-xt-30K-1000-120-1"	869	5105	1	0	0.666666666666667	1	0	0.344239	0.5
"816"	"sqlserver"	"pk-xt-30K-1000-120-1"	869	5125	1	0	1	1	0	0.348442	0.5
"817"	"sqlserver"	"pk-xt-30K-1000-120-2"	1110	7026	1	0.142857142857143	0	0	0.25	0.004631	0.6
"818"	"sqlserver"	"pk-xt-30K-1000-120-2"	1110	7046	1	0.142857142857143	0.333333333333333	0	0.25	0.004258	0.6
"819"	"sqlserver"	"pk-xt-30K-1000-120-2"	1110	7066	1	0.142857142857143	0.666666666666667	0	0.25	0.004991	0.6
"820"	"sqlserver"	"pk-xt-30K-1000-120-2"	1110	7086	1	0.142857142857143	1	0	0.25	0.004459	0.6
"821"	"sqlserver"	"pk-xt-30K-1000-120-2"	1110	7106	1	0.142857142857143	0	0	0.5	0.002758	0.5
"822"	"sqlserver"	"pk-xt-30K-1000-120-2"	1110	7126	1	0.142857142857143	0.333333333333333	0	0.5	0.001771	0.3
"823"	"sqlserver"	"pk-xt-30K-1000-120-2"	1110	7146	1	0.142857142857143	0.666666666666667	0	0.5	0.002082	0.6
"824"	"sqlserver"	"pk-xt-30K-1000-120-2"	1110	7166	1	0.142857142857143	1	0	0.5	0.002381	0.1
"825"	"sqlserver"	"pk-xt-30K-1000-120-2"	1110	7186	1	0.142857142857143	0	0	0.75	0.001572	0
"826"	"sqlserver"	"pk-xt-30K-1000-120-2"	1110	7206	1	0.142857142857143	0.333333333333333	0	0.75	0.00162	0
"827"	"sqlserver"	"pk-xt-30K-1000-120-2"	1110	7226	1	0.142857142857143	0.666666666666667	0	0.75	0.001919	0.2
"828"	"sqlserver"	"pk-xt-30K-1000-120-2"	1110	7266	1	0.142857142857143	1	0	0.75	0.003035	0
"829"	"sqlserver"	"pk-xt-30K-1000-120-2"	1110	7287	1	0.142857142857143	0	0	1	0.001456	0.5
"830"	"sqlserver"	"pk-xt-30K-1000-120-2"	1110	7307	1	0.142857142857143	0.333333333333333	0	1	0.001441	0.3
"831"	"sqlserver"	"pk-xt-30K-1000-120-2"	1110	7326	1	0.142857142857143	0.666666666666667	0	1	0.00177	0.5
"832"	"sqlserver"	"pk-xt-30K-1000-120-2"	1110	7346	1	0.142857142857143	1	0	1	0.001644	0.3
"833"	"sqlserver"	"pk-xt-30K-1000-120-2"	1110	7386	1	0.142857142857143	0	0.01	0	0.001861	0
"834"	"sqlserver"	"pk-xt-30K-1000-120-2"	1110	7407	1	0.142857142857143	0.333333333333333	0.01	0	0.002119	0
"835"	"sqlserver"	"pk-xt-30K-1000-120-2"	1110	7426	1	0.142857142857143	0.666666666666667	0.01	0	0.002001	0
"836"	"sqlserver"	"pk-xt-30K-1000-120-2"	1110	7446	1	0.142857142857143	1	0.01	0	0.001858	0
"837"	"sqlserver"	"pk-xt-30K-1000-120-4"	1232	8347	1	0.428571428571429	0	0	0.25	0.000224	0.6
"838"	"sqlserver"	"pk-xt-30K-1000-120-4"	1232	8446	1	0.428571428571429	0.333333333333333	0	0.25	0.000561	0.6
"839"	"sqlserver"	"pk-xt-30K-1000-120-4"	1232	8467	1	0.428571428571429	0.666666666666667	0	0.25	0.000375	0.6
"840"	"sqlserver"	"pk-xt-30K-1000-120-4"	1232	8506	1	0.428571428571429	1	0	0.25	0.000806	0.6
"841"	"sqlserver"	"pk-xt-30K-1000-120-4"	1232	8546	1	0.428571428571429	0	0	0.5	0.000466	0.6
"842"	"sqlserver"	"pk-xt-30K-1000-120-4"	1232	8566	1	0.428571428571429	0.333333333333333	0	0.5	0.000995	0.6
"843"	"sqlserver"	"pk-xt-30K-1000-120-4"	1232	8587	1	0.428571428571429	0.666666666666667	0	0.5	0.001291	0.6
"844"	"sqlserver"	"pk-xt-30K-1000-120-4"	1232	8626	1	0.428571428571429	1	0	0.5	0.001125	0.6
"845"	"sqlserver"	"pk-xt-30K-1000-120-4"	1232	8666	1	0.428571428571429	0	0	0.75	0.001043	0.6
"846"	"sqlserver"	"pk-xt-30K-1000-120-4"	1232	8826	1	0.428571428571429	0.333333333333333	0	0.75	0.001406	0.6
"847"	"sqlserver"	"pk-xt-30K-1000-120-4"	1232	8846	1	0.428571428571429	0.666666666666667	0	0.75	0.001347	0.6
"848"	"sqlserver"	"pk-xt-30K-1000-120-4"	1232	8866	1	0.428571428571429	1	0	0.75	0.001563	0.6
"849"	"sqlserver"	"pk-xt-30K-1000-120-4"	1232	8886	1	0.428571428571429	0	0	1	0.001269	0.6
"850"	"sqlserver"	"pk-xt-30K-1000-120-4"	1232	8906	1	0.428571428571429	0.333333333333333	0	1	0.001279	0.6
"851"	"sqlserver"	"pk-xt-30K-1000-120-4"	1232	8926	1	0.428571428571429	0.666666666666667	0	1	0.001278	0.6
"852"	"sqlserver"	"pk-xt-30K-1000-120-4"	1232	8946	1	0.428571428571429	1	0	1	0.00147	0.6
"853"	"sqlserver"	"pk-xt-30K-1000-120-4"	1232	8966	1	0.428571428571429	0	0.01	0	0.000539	1
"854"	"sqlserver"	"pk-xt-30K-1000-120-4"	1232	8986	1	0.428571428571429	0.333333333333333	0.01	0	0.000545	1
"855"	"sqlserver"	"pk-xt-30K-1000-120-4"	1232	9006	1	0.428571428571429	0.666666666666667	0.01	0	0.000547	1
"856"	"sqlserver"	"pk-xt-30K-1000-120-4"	1232	9026	1	0.428571428571429	1	0.01	0	0.000574	1
"857"	"sqlserver"	"pk-xt-30K-1000-120-4"	1232	9046	1	0.428571428571429	0	0.1	0	0.000588	1
"858"	"sqlserver"	"pk-xt-30K-1000-120-4"	1232	9067	1	0.428571428571429	0.333333333333333	0.1	0	0.000551	1
"859"	"sqlserver"	"pk-xt-30K-1000-120-4"	1232	9086	1	0.428571428571429	0.666666666666667	0.1	0	0.000549	1
"860"	"sqlserver"	"pk-xt-30K-1000-120-4"	1232	9106	1	0.428571428571429	1	0.1	0	0.000546	1
"861"	"sqlserver"	"pk-xt-30K-1000-120-4"	1232	9126	1	0.428571428571429	0	1	0	0.000543	1
"862"	"sqlserver"	"pk-xt-30K-1000-120-4"	1232	9146	1	0.428571428571429	0.333333333333333	1	0	0.00054	1
"863"	"sqlserver"	"pk-xt-30K-1000-120-4"	1232	9166	1	0.428571428571429	0.666666666666667	1	0	0.000543	1
"864"	"sqlserver"	"pk-xt-30K-1000-120-4"	1232	9186	1	0.428571428571429	1	1	0	0.000543	1
"865"	"sqlserver"	"pk-xt-30K-1000-120-8"	1649	9398	1	1	0	0	0.25	0.000168	0.7
"866"	"sqlserver"	"pk-xt-30K-1000-120-8"	1649	9399	1	1	0.333333333333333	0	0.25	0.000134	1
"867"	"sqlserver"	"pk-xt-30K-1000-120-8"	1649	9400	1	1	0.666666666666667	0	0.25	8.3e-05	1
"868"	"sqlserver"	"pk-xt-30K-1000-120-8"	1649	9401	1	1	1	0	0.25	0.000815	1
"869"	"sqlserver"	"pk-xt-30K-1000-120-8"	1649	9402	1	1	0	0	0.5	0.000149	1
"870"	"sqlserver"	"pk-xt-30K-1000-120-8"	1649	9403	1	1	0.333333333333333	0	0.5	0.000252	0.4
"871"	"sqlserver"	"pk-xt-30K-1000-120-8"	1649	9404	1	1	0.666666666666667	0	0.5	0.000563	1
"872"	"sqlserver"	"pk-xt-30K-1000-120-8"	1649	9405	1	1	1	0	0.5	0.000859	0.7
"873"	"sqlserver"	"pk-xt-30K-1000-120-8"	1649	9406	1	1	0	0	0.75	0.000172	0.7
"874"	"sqlserver"	"pk-xt-30K-1000-120-8"	1649	9407	1	1	0.333333333333333	0	0.75	0.000266	0.7
"875"	"sqlserver"	"pk-xt-30K-1000-120-8"	1649	9408	1	1	0.666666666666667	0	0.75	0.000386	0.7
"876"	"sqlserver"	"pk-xt-30K-1000-120-8"	1649	9410	1	1	1	0	0.75	0.000575	0.7
"877"	"sqlserver"	"pk-xt-30K-1000-120-8"	1649	9411	1	1	0	0	1	0	0.4
"878"	"sqlserver"	"pk-xt-30K-1000-120-8"	1649	9459	1	1	0.333333333333333	0	1	0.000218	0.7
"879"	"sqlserver"	"pk-xt-30K-1000-120-8"	1649	9460	1	1	0.666666666666667	0	1	0.000335	0.7
"880"	"sqlserver"	"pk-xt-30K-1000-120-8"	1649	9461	1	1	1	0	1	0.000454	0.7
"881"	"sqlserver"	"pk-xt-30K-1000-120-8"	1649	9462	1	1	0	0.01	0	0.001238	0.3
"882"	"sqlserver"	"pk-xt-30K-1000-120-8"	1649	9463	1	1	0.333333333333333	0.01	0	0.001226	0.3
"883"	"sqlserver"	"pk-xt-30K-1000-120-8"	1649	9464	1	1	0.666666666666667	0.01	0	0.001231	1
"884"	"sqlserver"	"pk-xt-30K-1000-120-8"	1649	9465	1	1	1	0.01	0	0.001239	0.3
"885"	"sqlserver"	"pk-xt-30K-1000-120-8"	1649	9466	1	1	0	0.1	0	0.001254	0.3
"886"	"sqlserver"	"pk-xt-30K-1000-120-8"	1649	9467	1	1	0.333333333333333	0.1	0	0.001241	1
"887"	"sqlserver"	"pk-xt-30K-1000-120-8"	1649	9468	1	1	0.666666666666667	0.1	0	0.00125	0.3
"888"	"sqlserver"	"pk-xt-30K-1000-120-8"	1649	9469	1	1	1	0.1	0	0.001226	1
"889"	"sqlserver"	"pk-xt-30K-1000-120-8"	1649	9470	1	1	0	1	0	0.001245	0.3
"890"	"sqlserver"	"pk-xt-30K-1000-120-8"	1649	9471	1	1	0.333333333333333	1	0	0.001086	0.3
"891"	"sqlserver"	"pk-xt-30K-1000-120-8"	1649	9472	1	1	0.666666666666667	1	0	0.001261	0.3
"892"	"sqlserver"	"pk-xt-30K-1000-120-8"	1649	9473	1	1	1	1	0	0.001272	1
"893"	"sqlserver"	"xt-30K-1000-120-1"	611	41	0	0	0	0	0.25	0.779387	0.5
"894"	"sqlserver"	"xt-30K-1000-120-1"	611	42	0	0	0.333333333333333	0	0.25	0.813824	0.5
"895"	"sqlserver"	"xt-30K-1000-120-1"	611	61	0	0	0.666666666666667	0	0.25	0.881232	0.5
"896"	"sqlserver"	"xt-30K-1000-120-1"	611	62	0	0	1	0	0.25	0.820981	0.5
"897"	"sqlserver"	"xt-30K-1000-120-1"	611	81	0	0	0	0	0.5	0.811824	0.5
"898"	"sqlserver"	"xt-30K-1000-120-1"	611	101	0	0	0.333333333333333	0	0.5	0.90325	0.5
"899"	"sqlserver"	"xt-30K-1000-120-1"	611	121	0	0	0.666666666666667	0	0.5	0.889539	0.5
"900"	"sqlserver"	"xt-30K-1000-120-1"	611	141	0	0	1	0	0.5	0.9732	0.5
"901"	"sqlserver"	"xt-30K-1000-120-1"	611	142	0	0	0	0	0.75	0.869182	0.5
"902"	"sqlserver"	"xt-30K-1000-120-1"	611	143	0	0	0.333333333333333	0	0.75	0.843285	0.5
"903"	"sqlserver"	"xt-30K-1000-120-1"	611	161	0	0	0.666666666666667	0	0.75	0.881146	0.5
"904"	"sqlserver"	"xt-30K-1000-120-1"	611	162	0	0	1	0	0.75	1	0.5
"905"	"sqlserver"	"xt-30K-1000-120-1"	611	181	0	0	0	0	1	0.848626	0.5
"906"	"sqlserver"	"xt-30K-1000-120-1"	611	182	0	0	0.333333333333333	0	1	0.863723	0.5
"907"	"sqlserver"	"xt-30K-1000-120-1"	611	201	0	0	0.666666666666667	0	1	0.882736	0.5
"908"	"sqlserver"	"xt-30K-1000-120-1"	611	221	0	0	1	0	1	0.878083	0.5
"909"	"sqlserver"	"xt-30K-1000-120-1"	611	222	0	0	0	0.01	0	0.347629	0.6
"910"	"sqlserver"	"xt-30K-1000-120-1"	611	241	0	0	0.333333333333333	0.01	0	0.311283	0.6
"911"	"sqlserver"	"xt-30K-1000-120-1"	611	261	0	0	0.666666666666667	0.01	0	0.320041	0.5
"912"	"sqlserver"	"xt-30K-1000-120-1"	611	281	0	0	1	0.01	0	0.306644	0.5
"913"	"sqlserver"	"xt-30K-1000-120-1"	611	583	0	0	0	0.1	0	0.410158	0.6
"914"	"sqlserver"	"xt-30K-1000-120-1"	611	602	0	0	0.333333333333333	0.1	0	0.319924	0.6
"915"	"sqlserver"	"xt-30K-1000-120-1"	611	621	0	0	0.666666666666667	0.1	0	0.249887	0.6
"916"	"sqlserver"	"xt-30K-1000-120-1"	611	642	0	0	1	0.1	0	0.386484	0.5
"917"	"sqlserver"	"xt-30K-1000-120-1"	611	981	0	0	0	1	0	0.331855	0.5
"918"	"sqlserver"	"xt-30K-1000-120-1"	611	1002	0	0	0.333333333333333	1	0	0.367082	0.5
"919"	"sqlserver"	"xt-30K-1000-120-1"	611	1022	0	0	0.666666666666667	1	0	0.359201	0.6
"920"	"sqlserver"	"xt-30K-1000-120-1"	611	1041	0	0	1	1	0	0.355298	0.6
"921"	"sqlserver"	"xt-30K-1000-120-2"	989	6066	0	0.142857142857143	0	0	0.25	0.00278	0.6
"922"	"sqlserver"	"xt-30K-1000-120-2"	989	6086	0	0.142857142857143	0.333333333333333	0	0.25	0.001581	0.6
"923"	"sqlserver"	"xt-30K-1000-120-2"	989	6106	0	0.142857142857143	0.666666666666667	0	0.25	0.001832	0.2
"924"	"sqlserver"	"xt-30K-1000-120-2"	989	6107	0	0.142857142857143	1	0	0.25	0.001885	0
"925"	"sqlserver"	"xt-30K-1000-120-2"	989	6126	0	0.142857142857143	0	0	0.5	0.001719	0.5
"926"	"sqlserver"	"xt-30K-1000-120-2"	989	6146	0	0.142857142857143	0.333333333333333	0	0.5	0.003514	0.6
"927"	"sqlserver"	"xt-30K-1000-120-2"	989	6166	0	0.142857142857143	0.666666666666667	0	0.5	0.004308	0.6
"928"	"sqlserver"	"xt-30K-1000-120-2"	989	6167	0	0.142857142857143	1	0	0.5	0.00434	0.6
"929"	"sqlserver"	"xt-30K-1000-120-2"	989	6186	0	0.142857142857143	0	0	0.75	0.003801	0.6
"930"	"sqlserver"	"xt-30K-1000-120-2"	989	6188	0	0.142857142857143	0.333333333333333	0	0.75	0.003996	0.6
"931"	"sqlserver"	"xt-30K-1000-120-2"	989	6206	0	0.142857142857143	0.666666666666667	0	0.75	0.003737	0.6
"932"	"sqlserver"	"xt-30K-1000-120-2"	989	6226	0	0.142857142857143	1	0	0.75	0.003909	0.6
"933"	"sqlserver"	"xt-30K-1000-120-2"	989	6246	0	0.142857142857143	0	0	1	0.0034	0.6
"934"	"sqlserver"	"xt-30K-1000-120-2"	989	6247	0	0.142857142857143	0.333333333333333	0	1	0.002011	0.2
"935"	"sqlserver"	"xt-30K-1000-120-2"	989	6266	0	0.142857142857143	0.666666666666667	0	1	0.002053	0.2
"936"	"sqlserver"	"xt-30K-1000-120-2"	989	6267	0	0.142857142857143	1	0	1	0.002473	0
"937"	"sqlserver"	"xt-30K-1000-120-2"	989	6286	0	0.142857142857143	0	0.01	0	0.001918	0.1
"938"	"sqlserver"	"xt-30K-1000-120-2"	989	6287	0	0.142857142857143	0.333333333333333	0.01	0	0.001919	0.1
"939"	"sqlserver"	"xt-30K-1000-120-2"	989	6306	0	0.142857142857143	0.666666666666667	0.01	0	0.001846	0
"940"	"sqlserver"	"xt-30K-1000-120-2"	989	6307	0	0.142857142857143	1	0.01	0	0.001816	0
"941"	"sqlserver"	"xt-30K-1000-120-2"	989	6486	0	0.142857142857143	0	0.1	0	0.001822	0.1
"942"	"sqlserver"	"xt-30K-1000-120-2"	989	6487	0	0.142857142857143	0.333333333333333	0.1	0	0.00182	1
"943"	"sqlserver"	"xt-30K-1000-120-2"	989	6506	0	0.142857142857143	0.666666666666667	0.1	0	0.001867	0.1
"944"	"sqlserver"	"xt-30K-1000-120-2"	989	6507	0	0.142857142857143	1	0.1	0	0.001833	0
"945"	"sqlserver"	"xt-30K-1000-120-2"	989	6726	0	0.142857142857143	0	1	0	0.001853	0
"946"	"sqlserver"	"xt-30K-1000-120-2"	989	6727	0	0.142857142857143	0.333333333333333	1	0	0.001864	0
"947"	"sqlserver"	"xt-30K-1000-120-2"	989	6728	0	0.142857142857143	0.666666666666667	1	0	0.001579	0
"948"	"sqlserver"	"xt-30K-1000-120-2"	989	6746	0	0.142857142857143	1	1	0	0.001764	0.2
"949"	"sqlserver"	"xt-30K-1000-120-4"	1469	7746	0	0.428571428571429	0	0	0.25	0.000932	0.6
"950"	"sqlserver"	"xt-30K-1000-120-4"	1469	9345	0	0.428571428571429	0.333333333333333	0	0.25	0.001122	0.6
"951"	"sqlserver"	"xt-30K-1000-120-4"	1469	9346	0	0.428571428571429	0.666666666666667	0	0.25	0.001243	0.5
"952"	"sqlserver"	"xt-30K-1000-120-4"	1469	9347	0	0.428571428571429	1	0	0.25	0.001183	0.6
"953"	"sqlserver"	"xt-30K-1000-120-4"	1469	9349	0	0.428571428571429	0	0	0.5	0.000982	0.6
"954"	"sqlserver"	"xt-30K-1000-120-4"	1469	9350	0	0.428571428571429	0.333333333333333	0	0.5	0.001038	0.7
"955"	"sqlserver"	"xt-30K-1000-120-4"	1469	9351	0	0.428571428571429	0.666666666666667	0	0.5	0.000984	0.6
"956"	"sqlserver"	"xt-30K-1000-120-4"	1469	9352	0	0.428571428571429	1	0	0.5	0.001206	0.6
"957"	"sqlserver"	"xt-30K-1000-120-4"	1469	9354	0	0.428571428571429	0	0	0.75	0.001087	0.6
"958"	"sqlserver"	"xt-30K-1000-120-4"	1469	9356	0	0.428571428571429	0.333333333333333	0	0.75	0.000963	0.6
"959"	"sqlserver"	"xt-30K-1000-120-4"	1469	9366	0	0.428571428571429	0.666666666666667	0	0.75	0.000996	0.6
"960"	"sqlserver"	"xt-30K-1000-120-4"	1469	9367	0	0.428571428571429	1	0	0.75	0.001015	0.6
"961"	"sqlserver"	"xt-30K-1000-120-4"	1469	9368	0	0.428571428571429	0	0	1	0.000988	0.5
"962"	"sqlserver"	"xt-30K-1000-120-4"	1469	9369	0	0.428571428571429	0.333333333333333	0	1	0.001109	0.6
"963"	"sqlserver"	"xt-30K-1000-120-4"	1469	9370	0	0.428571428571429	0.666666666666667	0	1	0.000982	0.6
"964"	"sqlserver"	"xt-30K-1000-120-4"	1469	9371	0	0.428571428571429	1	0	1	0.001128	0.6
"965"	"sqlserver"	"xt-30K-1000-120-4"	1469	9372	0	0.428571428571429	0	0.01	0	0.000635	1
"966"	"sqlserver"	"xt-30K-1000-120-4"	1469	9387	0	0.428571428571429	0.333333333333333	0.01	0	0.00061	1
"967"	"sqlserver"	"xt-30K-1000-120-4"	1469	9388	0	0.428571428571429	0.666666666666667	0.01	0	0.000628	1
"968"	"sqlserver"	"xt-30K-1000-120-4"	1469	9389	0	0.428571428571429	1	0.01	0	0.000627	1
"969"	"sqlserver"	"xt-30K-1000-120-4"	1469	9390	0	0.428571428571429	0	0.1	0	0.000644	1
"970"	"sqlserver"	"xt-30K-1000-120-4"	1469	9391	0	0.428571428571429	0.333333333333333	0.1	0	0.000608	1
"971"	"sqlserver"	"xt-30K-1000-120-4"	1469	9392	0	0.428571428571429	0.666666666666667	0.1	0	0.000623	1
"972"	"sqlserver"	"xt-30K-1000-120-4"	1469	9393	0	0.428571428571429	1	0.1	0	0.000621	1
"973"	"sqlserver"	"xt-30K-1000-120-4"	1469	9394	0	0.428571428571429	0	1	0	0.000635	1
"974"	"sqlserver"	"xt-30K-1000-120-4"	1469	9395	0	0.428571428571429	0.333333333333333	1	0	0.000625	1
"975"	"sqlserver"	"xt-30K-1000-120-4"	1469	9396	0	0.428571428571429	0.666666666666667	1	0	0.000622	1
"976"	"sqlserver"	"xt-30K-1000-120-4"	1469	9397	0	0.428571428571429	1	1	0	0.000677	1
"977"	"sqlserver"	"xt-30K-1000-120-8"	1769	9286	0	1	0	0	0.25	0.000705	0.7
"978"	"sqlserver"	"xt-30K-1000-120-8"	1769	9287	0	1	0.333333333333333	0	0.25	0.000923	0.7
"979"	"sqlserver"	"xt-30K-1000-120-8"	1769	9288	0	1	0.666666666666667	0	0.25	0.000856	0.7
"980"	"sqlserver"	"xt-30K-1000-120-8"	1769	9289	0	1	1	0	0.25	0.000871	0.7
"981"	"sqlserver"	"xt-30K-1000-120-8"	1769	9290	0	1	0	0	0.5	0.000689	1
"982"	"sqlserver"	"xt-30K-1000-120-8"	1769	9291	0	1	0.333333333333333	0	0.5	0.000851	1
"983"	"sqlserver"	"xt-30K-1000-120-8"	1769	9292	0	1	0.666666666666667	0	0.5	0.000849	0.7
"984"	"sqlserver"	"xt-30K-1000-120-8"	1769	9293	0	1	1	0	0.5	0.000823	0.7
"985"	"sqlserver"	"xt-30K-1000-120-8"	1769	9294	0	1	0	0	0.75	0.000775	0.7
"986"	"sqlserver"	"xt-30K-1000-120-8"	1769	9296	0	1	0.333333333333333	0	0.75	0.000848	0.7
"987"	"sqlserver"	"xt-30K-1000-120-8"	1769	9297	0	1	0.666666666666667	0	0.75	0.000836	0.7
"988"	"sqlserver"	"xt-30K-1000-120-8"	1769	9298	0	1	1	0	0.75	0.000976	0.7
"989"	"sqlserver"	"xt-30K-1000-120-8"	1769	9299	0	1	0	0	1	0.000897	0.7
"990"	"sqlserver"	"xt-30K-1000-120-8"	1769	9300	0	1	0.333333333333333	0	1	0.000871	0.7
"991"	"sqlserver"	"xt-30K-1000-120-8"	1769	9301	0	1	0.666666666666667	0	1	0.000877	1
"992"	"sqlserver"	"xt-30K-1000-120-8"	1769	9302	0	1	1	0	1	0.000762	1
"993"	"sqlserver"	"xt-30K-1000-120-8"	1769	9303	0	1	0	0.01	0	0.009754	1
"994"	"sqlserver"	"xt-30K-1000-120-8"	1769	9324	0	1	0.333333333333333	0.01	0	0.009549	1
"995"	"sqlserver"	"xt-30K-1000-120-8"	1769	9325	0	1	0.666666666666667	0.01	0	0.009349	1
"996"	"sqlserver"	"xt-30K-1000-120-8"	1769	9326	0	1	1	0.01	0	0.009142	1
"997"	"sqlserver"	"xt-30K-1000-120-8"	1769	9327	0	1	0	0.1	0	0.009791	1
"998"	"sqlserver"	"xt-30K-1000-120-8"	1769	9330	0	1	0.333333333333333	0.1	0	0.009597	1
"999"	"sqlserver"	"xt-30K-1000-120-8"	1769	9331	0	1	0.666666666666667	0.1	0	0.009371	1
"1000"	"sqlserver"	"xt-30K-1000-120-8"	1769	9332	0	1	1	0.1	0	0.009168	1
"1001"	"sqlserver"	"xt-30K-1000-120-8"	1769	9333	0	1	0	1	0	0.01008	1
"1002"	"sqlserver"	"xt-30K-1000-120-8"	1769	9335	0	1	0.333333333333333	1	0	0.010216	1
"1003"	"sqlserver"	"xt-30K-1000-120-8"	1769	9338	0	1	0.666666666666667	1	0	0.009707	1
"1004"	"sqlserver"	"xt-30K-1000-120-8"	1769	9386	0	1	1	1	0	0.009481	1
