VER	EXPNAME	PK	DBMS	RUNID	NCORES	RPCT	UPCT	HSR	PT	MAXMPL
700	pk-xt-1M-1000-120-1	1	pgsql	1129	1	0	25	25	86.03	1100
700	pk-xt-1M-1000-120-1	1	pgsql	1129	1	0	25	50	76.99	1100
700	pk-xt-1M-1000-120-1	1	pgsql	1129	1	0	25	75	73.9	800
700	pk-xt-1M-1000-120-1	1	pgsql	1129	1	0	25	100	84.37	1100
700	pk-xt-1M-1000-120-1	1	pgsql	1129	1	0	50	25	70.63	1100
700	pk-xt-1M-1000-120-1	1	pgsql	1129	1	0	50	50	63.8	1100
700	pk-xt-1M-1000-120-1	1	pgsql	1129	1	0	50	75	58.82	1100
700	pk-xt-1M-1000-120-1	1	pgsql	1129	1	0	50	100	64.92	1100
700	pk-xt-1M-1000-120-1	1	pgsql	1129	1	0	75	25	70.58	1100
700	pk-xt-1M-1000-120-1	1	pgsql	1129	1	0	75	50	73.11	1100
700	pk-xt-1M-1000-120-1	1	pgsql	1129	1	0	75	75	64.31	1100
700	pk-xt-1M-1000-120-1	1	pgsql	1129	1	0	75	100	64.57	1100
700	pk-xt-1M-1000-120-1	1	pgsql	1129	1	0	100	25	63.21	1100
700	pk-xt-1M-1000-120-1	1	pgsql	1129	1	0	100	50	79.89	1100
700	pk-xt-1M-1000-120-1	1	pgsql	1129	1	0	100	75	81.22	1100
700	pk-xt-1M-1000-120-1	1	pgsql	1129	1	0	100	100	76.46	1100
700	pk-xt-1M-1000-120-1	1	pgsql	1129	1	.01	0	25	145.08	1100
700	pk-xt-1M-1000-120-1	1	pgsql	1129	1	.01	0	50	147.95	1100
700	pk-xt-1M-1000-120-1	1	pgsql	1129	1	.01	0	75	145.99	1100
700	pk-xt-1M-1000-120-1	1	pgsql	1129	1	.01	0	100	142.32	1100
700	pk-xt-1M-1000-120-1	1	pgsql	1129	1	.01	25	25	308.43	1100
700	pk-xt-1M-1000-120-1	1	pgsql	1129	1	.01	25	50	307.38	1100
700	pk-xt-1M-1000-120-1	1	pgsql	1129	1	.01	25	75	311.03	1100
700	pk-xt-1M-1000-120-1	1	pgsql	1129	1	.01	25	100	312.63	1100
700	pk-xt-1M-1000-120-1	1	pgsql	1129	1	.01	50	25	317.81	1100
700	pk-xt-1M-1000-120-1	1	pgsql	1129	1	.01	50	50	304.33	1100
700	pk-xt-1M-1000-120-1	1	pgsql	1129	1	.01	50	75	304.99	1100
700	pk-xt-1M-1000-120-1	1	pgsql	1129	1	.01	50	100	304.42	1100
700	pk-xt-1M-1000-120-1	1	pgsql	1129	1	.01	75	25	317.49	1100
700	pk-xt-1M-1000-120-1	1	pgsql	1129	1	.01	75	50	305	1100
700	pk-xt-1M-1000-120-1	1	pgsql	1129	1	.01	75	75	308.45	1100
700	pk-xt-1M-1000-120-1	1	pgsql	1129	1	.01	75	100	308.1	1100
700	pk-xt-1M-1000-120-1	1	pgsql	1129	1	.01	100	25	329.39	1100
700	pk-xt-1M-1000-120-1	1	pgsql	1129	1	.01	100	50	315.41	1100
700	pk-xt-1M-1000-120-1	1	pgsql	1129	1	.01	100	75	305.02	1100
700	pk-xt-30K-1000-120-1	1	sqlserver	869	1	0	25	25	33998.59	600
700	pk-xt-30K-1000-120-1	1	sqlserver	869	1	0	25	50	35449.83	600
700	pk-xt-30K-1000-120-1	1	sqlserver	869	1	0	25	75	37336.08	600
700	pk-xt-30K-1000-120-1	1	sqlserver	869	1	0	25	100	36596.86	600
700	pk-xt-30K-1000-120-1	1	sqlserver	869	1	0	50	25	36728.2	600
700	pk-xt-30K-1000-120-1	1	sqlserver	869	1	0	50	50	34579.12	600
700	pk-xt-30K-1000-120-1	1	sqlserver	869	1	0	50	75	35802.08	600
700	pk-xt-30K-1000-120-1	1	sqlserver	869	1	0	50	100	35860.1	600
700	pk-xt-30K-1000-120-1	1	sqlserver	869	1	0	75	25	36952.92	600
700	pk-xt-30K-1000-120-1	1	sqlserver	869	1	0	75	50	35240.29	600
700	pk-xt-30K-1000-120-1	1	sqlserver	869	1	0	75	75	37151.76	600
700	pk-xt-30K-1000-120-1	1	sqlserver	869	1	0	75	100	38746.48	600
700	pk-xt-30K-1000-120-1	1	sqlserver	869	1	0	100	25	37299.42	600
700	pk-xt-30K-1000-120-1	1	sqlserver	869	1	0	100	50	35749.01	600
700	pk-xt-30K-1000-120-1	1	sqlserver	869	1	0	100	75	36919.72	600
700	pk-xt-30K-1000-120-1	1	sqlserver	869	1	0	100	100	37238.1	600
700	pk-xt-30K-1000-120-1	1	sqlserver	869	1	.01	0	25	14603.64	700
700	pk-xt-30K-1000-120-1	1	sqlserver	869	1	.01	0	50	15960.77	700
700	pk-xt-30K-1000-120-1	1	sqlserver	869	1	.01	0	75	11555.81	600
700	pk-xt-30K-1000-120-1	1	sqlserver	869	1	.01	0	100	9299.98	1100
700	pk-xt-30K-1000-120-1	1	sqlserver	869	1	.01	25	25	33818.56	600
700	pk-xt-30K-1000-120-1	1	sqlserver	869	1	.01	25	50	37661.83	600
700	pk-xt-30K-1000-120-1	1	sqlserver	869	1	.01	25	75	33611.71	700
700	pk-xt-30K-1000-120-1	1	sqlserver	869	1	.01	25	100	33837.79	600
700	pk-xt-30K-1000-120-1	1	sqlserver	869	1	.01	50	25	55820.21	600
700	pk-xt-30K-1000-120-1	1	sqlserver	869	1	.01	50	50	47593.29	600
700	pk-xt-30K-1000-120-1	1	sqlserver	869	1	.01	50	75	46577.17	600
700	pk-xt-30K-1000-120-1	1	sqlserver	869	1	.01	50	100	44581.18	700
700	pk-xt-30K-1000-120-1	1	sqlserver	869	1	.01	75	25	57480.76	600
700	pk-xt-30K-1000-120-1	1	sqlserver	869	1	.01	75	50	57455.78	500
700	pk-xt-30K-1000-120-1	1	sqlserver	869	1	.01	75	75	52906.19	600
700	pk-xt-30K-1000-120-1	1	sqlserver	869	1	.01	75	100	52509.64	600
700	pk-xt-30K-1000-120-1	1	sqlserver	869	1	.01	100	25	55125.67	600
700	pk-xt-30K-1000-120-1	1	sqlserver	869	1	.01	100	50	57621.78	500
700	pk-xt-30K-1000-120-1	1	sqlserver	869	1	.01	100	75	35327.77	1100
700	pk-xt-30K-1000-120-1	1	sqlserver	869	1	.01	100	100	54864.17	600
700	pk-xt-30K-1000-120-1	1	sqlserver	869	1	.1	0	25	15599.73	600
700	pk-xt-30K-1000-120-1	1	sqlserver	869	1	.1	0	50	13105.04	600
700	pk-xt-30K-1000-120-1	1	sqlserver	869	1	.1	0	75	17825.28	600
700	pk-xt-30K-1000-120-1	1	sqlserver	869	1	.1	0	100	13791.33	800
700	pk-xt-30K-1000-120-1	1	sqlserver	869	1	.1	25	25	48461.3	600
700	pk-xt-30K-1000-120-1	1	sqlserver	869	1	.1	25	50	54914.26	600
700	pk-xt-30K-1000-120-1	1	sqlserver	869	1	.1	25	75	57264.14	600
700	pk-xt-30K-1000-120-1	1	sqlserver	869	1	.1	25	100	54535.8	500
700	pk-xt-30K-1000-120-1	1	sqlserver	869	1	.1	50	25	57225.93	500
700	pk-xt-30K-1000-120-1	1	sqlserver	869	1	.1	50	50	56002.62	600
700	pk-xt-30K-1000-120-1	1	sqlserver	869	1	.1	50	75	58793.46	500
700	pk-xt-30K-1000-120-1	1	sqlserver	869	1	.1	50	100	57670.54	600
700	pk-xt-30K-1000-120-1	1	sqlserver	869	1	.1	75	25	62343.05	500
700	pk-xt-30K-1000-120-1	1	sqlserver	869	1	.1	75	50	42749.52	800
700	pk-xt-30K-1000-120-1	1	sqlserver	869	1	.1	75	75	55410.72	600
700	pk-xt-30K-1000-120-1	1	sqlserver	869	1	.1	75	100	56988.25	500
700	pk-xt-30K-1000-120-1	1	sqlserver	869	1	.1	100	25	54584.87	600
700	pk-xt-30K-1000-120-1	1	sqlserver	869	1	.1	100	50	55018.16	600
700	pk-xt-30K-1000-120-1	1	sqlserver	869	1	.1	100	75	62438.17	500
700	pk-xt-30K-1000-120-1	1	sqlserver	869	1	.1	100	100	58602.34	500
700	pk-xt-30K-1000-120-1	1	sqlserver	869	1	1	0	25	15960.82	600
700	pk-xt-30K-1000-120-1	1	sqlserver	869	1	1	0	50	16005.24	600
700	pk-xt-30K-1000-120-1	1	sqlserver	869	1	1	0	75	14040.91	600
700	pk-xt-30K-1000-120-1	1	sqlserver	869	1	1	0	100	14211.93	600
700	pk-xt-30K-1000-120-1	1	sqlserver	869	1	1	25	25	64769.32	500
700	pk-xt-30K-1000-120-1	1	sqlserver	869	1	1	25	50	60216.91	500
700	pk-xt-30K-1000-120-1	1	sqlserver	869	1	1	25	75	59629.19	500
700	pk-xt-30K-1000-120-1	1	sqlserver	869	1	1	25	100	59087.54	500
700	pk-xt-30K-1000-120-1	1	sqlserver	869	1	1	50	25	55579.4	600
700	pk-xt-30K-1000-120-1	1	sqlserver	869	1	1	50	50	58126.99	600
700	pk-xt-30K-1000-120-1	1	sqlserver	869	1	1	50	75	62442.26	500
700	pk-xt-30K-1000-120-1	1	sqlserver	869	1	1	50	100	63226.4	500
700	pk-xt-30K-1000-120-1	1	sqlserver	869	1	1	75	25	56242.69	500
700	pk-xt-30K-1000-120-1	1	sqlserver	869	1	1	75	50	64524.03	500
700	pk-xt-30K-1000-120-1	1	sqlserver	869	1	1	75	75	61617	500
700	pk-xt-30K-1000-120-1	1	sqlserver	869	1	1	75	100	66011.4	500
700	pk-xt-30K-1000-120-1	1	sqlserver	869	1	1	100	25	56362.55	600
700	pk-xt-30K-1000-120-1	1	sqlserver	869	1	1	100	50	62911.77	500
700	pk-xt-30K-1000-120-1	1	sqlserver	869	1	1	100	75	63395.18	500
700	pk-xt-30K-1000-120-1	1	sqlserver	869	1	1	100	100	59556.98	600
700	pk-xt-30K-1000-120-2	1	sqlserver	1110	2	0	25	25	221.92	700
700	pk-xt-30K-1000-120-2	1	sqlserver	1110	2	0	25	50	206.76	700
700	pk-xt-30K-1000-120-2	1	sqlserver	1110	2	0	25	75	236.57	700
700	pk-xt-30K-1000-120-2	1	sqlserver	1110	2	0	25	100	214.92	700
700	pk-xt-30K-1000-120-2	1	sqlserver	1110	2	0	50	25	145.72	600
700	pk-xt-30K-1000-120-2	1	sqlserver	1110	2	0	50	50	105.55	400
700	pk-xt-30K-1000-120-2	1	sqlserver	1110	2	0	50	75	118.22	700
700	pk-xt-30K-1000-120-2	1	sqlserver	1110	2	0	50	100	130.35	200
700	pk-xt-30K-1000-120-2	1	sqlserver	1110	2	0	75	25	97.43	100
700	pk-xt-30K-1000-120-2	1	sqlserver	1110	2	0	75	50	99.39	100
700	pk-xt-30K-1000-120-2	1	sqlserver	1110	2	0	75	75	111.57	300
700	pk-xt-30K-1000-120-2	1	sqlserver	1110	2	0	75	100	156.97	100
700	pk-xt-30K-1000-120-2	1	sqlserver	1110	2	0	100	25	92.71	600
700	pk-xt-30K-1000-120-2	1	sqlserver	1110	2	0	100	50	92.11	400
700	pk-xt-30K-1000-120-2	1	sqlserver	1110	2	0	100	75	105.51	600
700	pk-xt-30K-1000-120-2	1	sqlserver	1110	2	0	100	100	100.38	400
700	pk-xt-30K-1000-120-2	1	sqlserver	1110	2	.01	0	25	109.2	100
700	pk-xt-30K-1000-120-2	1	sqlserver	1110	2	.01	0	50	119.7	100
700	pk-xt-30K-1000-120-2	1	sqlserver	1110	2	.01	0	75	114.9	100
700	pk-xt-30K-1000-120-2	1	sqlserver	1110	2	.01	0	100	109.1	100
700	pk-xt-30K-1000-120-2	1	sqlserver	1110	2	.01	25	25	186.9	100
700	pk-xt-30K-1000-120-2	1	sqlserver	1110	2	.01	25	50	188.83	100
700	pk-xt-30K-1000-120-2	1	sqlserver	1110	2	.01	25	75	174.63	200
700	pk-xt-30K-1000-120-2	1	sqlserver	1110	2	.01	25	100	183.34	400
700	pk-xt-30K-1000-120-2	1	sqlserver	1110	2	.01	50	25	170.09	300
700	pk-xt-30K-1000-120-2	1	sqlserver	1110	2	.01	50	50	176.05	100
700	pk-xt-30K-1000-120-2	1	sqlserver	1110	2	.01	50	75	195.61	100
700	pk-xt-30K-1000-120-2	1	sqlserver	1110	2	.01	50	100	187.42	200
700	pk-xt-30K-1000-120-2	1	sqlserver	1110	2	.01	75	25	129.4	300
700	xt-1M-1000-120-1	0	db2	689	1	0	25	25	52.84	1100
700	xt-1M-1000-120-1	0	db2	689	1	0	25	50	51.78	1100
700	xt-1M-1000-120-1	0	db2	689	1	0	25	75	119.96	500
700	xt-1M-1000-120-1	0	db2	689	1	0	25	100	117.81	1100
700	xt-1M-1000-120-1	0	db2	689	1	0	50	25	55.51	1100
700	xt-1M-1000-120-1	0	db2	689	1	0	50	50	50.09	1100
700	xt-1M-1000-120-1	0	db2	689	1	0	50	75	112.77	1100
700	xt-1M-1000-120-1	0	db2	689	1	0	50	100	117.68	700
700	xt-1M-1000-120-1	0	db2	689	1	0	75	25	54.38	1100
700	xt-1M-1000-120-1	0	db2	689	1	0	75	50	54.21	1100
700	xt-1M-1000-120-1	0	db2	689	1	0	75	75	113.34	100
700	xt-1M-1000-120-1	0	db2	689	1	0	75	100	116.17	200
700	xt-1M-1000-120-1	0	db2	689	1	0	100	25	55.39	1100
700	xt-1M-1000-120-1	0	db2	689	1	0	100	50	53.08	1100
700	xt-1M-1000-120-1	0	db2	689	1	0	100	75	114.28	600
700	xt-1M-1000-120-1	0	db2	689	1	0	100	100	107.09	600
700	xt-1M-1000-120-1	0	db2	689	1	.01	0	25	42.05	500
700	xt-1M-1000-120-1	0	db2	689	1	.01	0	50	40.16	200
700	xt-1M-1000-120-1	0	db2	689	1	.01	0	75	40.14	200
700	xt-1M-1000-120-1	0	db2	689	1	.01	0	100	46.2	200
700	xt-1M-1000-120-1	0	db2	689	1	.01	25	25	88.45	1100
700	xt-1M-1000-120-1	0	db2	689	1	.01	25	50	108.55	1100
700	xt-1M-1000-120-1	0	db2	689	1	.01	25	75	118	1100
700	xt-1M-1000-120-1	0	db2	689	1	.01	25	100	116.43	800
700	xt-1M-1000-120-1	0	db2	689	1	.01	50	25	97.64	800
700	xt-1M-1000-120-1	0	db2	689	1	.01	50	50	112.39	800
700	xt-1M-1000-120-1	0	db2	689	1	.01	50	75	134.4	800
700	xt-1M-1000-120-1	0	db2	689	1	.01	50	100	112.02	800
700	xt-1M-1000-120-1	0	db2	689	1	.01	75	25	95.23	1100
700	xt-1M-1000-120-1	0	db2	689	1	.01	75	50	105.77	1100
700	xt-1M-1000-120-1	0	db2	689	1	.01	75	75	125.65	600
700	xt-1M-1000-120-1	0	db2	689	1	.01	75	100	113.15	1100
700	xt-1M-1000-120-1	0	db2	689	1	.01	100	25	101.05	1100
700	xt-1M-1000-120-1	0	db2	689	1	.01	100	50	108.69	1100
700	xt-1M-1000-120-1	0	db2	689	1	.01	100	75	124.15	1100
700	xt-1M-1000-120-1	0	db2	689	1	.01	100	100	122.76	800
700	xt-1M-1000-120-1	0	db2	689	1	.1	0	25	36.57	200
700	xt-1M-1000-120-1	0	db2	689	1	.1	0	50	48.97	200
700	xt-1M-1000-120-1	0	db2	689	1	.1	0	75	49.49	200
700	xt-1M-1000-120-1	0	db2	689	1	.1	0	100	53.38	200
700	xt-1M-1000-120-1	0	db2	689	1	.1	25	25	88.71	1100
700	xt-1M-1000-120-1	0	db2	689	1	.1	25	50	114.53	1100
700	xt-1M-1000-120-1	0	db2	689	1	.1	25	75	144.03	1100
700	xt-1M-1000-120-1	0	db2	689	1	.1	25	100	163.91	800
700	xt-1M-1000-120-1	0	db2	689	1	.1	50	25	84.94	1100
700	xt-1M-1000-120-1	0	db2	689	1	.1	50	50	102.09	1100
700	xt-1M-1000-120-1	0	db2	689	1	.1	50	75	120.21	1100
700	xt-1M-1000-120-1	0	db2	689	1	.1	50	100	132.52	600
700	xt-1M-1000-120-1	0	db2	689	1	.1	75	25	79.69	1100
700	xt-1M-1000-120-1	0	db2	689	1	.1	75	50	99.49	1100
700	xt-1M-1000-120-1	0	db2	689	1	.1	75	75	113.34	1100
700	xt-1M-1000-120-1	0	db2	689	1	.1	75	100	128.2	1100
700	xt-1M-1000-120-1	0	db2	689	1	.1	100	25	84.96	1100
700	xt-1M-1000-120-1	0	db2	689	1	.1	100	50	93.63	1100
700	xt-1M-1000-120-1	0	db2	689	1	.1	100	75	106.65	1100
700	xt-1M-1000-120-1	0	db2	689	1	.1	100	100	118.92	1100
700	xt-1M-1000-120-1	0	db2	689	1	1	0	25	44.98	1100
700	xt-1M-1000-120-1	0	db2	689	1	1	0	50	39.26	200
700	xt-1M-1000-120-1	0	db2	689	1	1	0	75	39.6	1100
700	xt-1M-1000-120-1	0	db2	689	1	1	0	100	41.65	200
700	xt-1M-1000-120-1	0	db2	689	1	1	25	25	75.54	1100
700	xt-1M-1000-120-1	0	db2	689	1	1	25	50	77.41	1100
700	xt-1M-1000-120-1	0	db2	689	1	1	25	75	81.68	1100
700	xt-1M-1000-120-1	0	db2	689	1	1	25	100	78.28	1100
700	xt-1M-1000-120-1	0	db2	689	1	1	50	25	68.99	1100
700	xt-1M-1000-120-1	0	db2	689	1	1	50	50	74.41	1100
700	xt-1M-1000-120-1	0	db2	689	1	1	50	75	81.08	1100
700	xt-1M-1000-120-1	0	db2	689	1	1	50	100	81.31	1100
700	xt-1M-1000-120-1	0	db2	689	1	1	75	25	70.47	1100
700	xt-1M-1000-120-1	0	db2	689	1	1	75	50	77.52	1100
700	xt-1M-1000-120-1	0	db2	689	1	1	75	75	79.84	1100
700	xt-1M-1000-120-1	0	db2	689	1	1	75	100	77.09	1100
700	xt-1M-1000-120-1	0	db2	689	1	1	100	25	75.8	1100
700	xt-1M-1000-120-1	0	db2	689	1	1	100	50	74.16	1100
700	xt-1M-1000-120-1	0	db2	689	1	1	100	75	77.8	1100
700	xt-1M-1000-120-1	0	db2	689	1	1	100	100	79.24	1100
700	xt-1M-1000-120-1	0	oracle	889	1	0	25	25	16.73	1100
700	xt-1M-1000-120-1	0	oracle	889	1	0	25	50	25.94	1100
700	xt-1M-1000-120-1	0	oracle	889	1	0	25	75	31.65	1100
700	xt-1M-1000-120-1	0	oracle	889	1	0	25	100	28.39	1100
700	xt-1M-1000-120-1	0	oracle	889	1	0	50	25	18.37	1100
700	xt-1M-1000-120-1	0	oracle	889	1	0	50	50	27.3	1100
700	xt-1M-1000-120-1	0	oracle	889	1	0	50	75	31.03	1100
700	xt-1M-1000-120-1	0	oracle	889	1	0	50	100	25.13	1100
700	xt-1M-1000-120-1	0	oracle	889	1	0	75	25	18.22	1100
700	xt-1M-1000-120-1	0	oracle	889	1	0	75	50	27.31	1100
700	xt-1M-1000-120-1	0	oracle	889	1	0	75	75	32.02	600
700	xt-1M-1000-120-1	0	oracle	889	1	0	75	100	26.16	1100
700	xt-1M-1000-120-1	0	oracle	889	1	0	100	25	17.33	1100
700	xt-1M-1000-120-1	0	oracle	889	1	0	100	50	27.29	1100
700	xt-1M-1000-120-1	0	oracle	889	1	0	100	75	32.34	1100
700	xt-1M-1000-120-1	0	oracle	889	1	0	100	100	24.92	1100
700	xt-1M-1000-120-1	0	oracle	889	1	.01	0	25	1012.54	1100
700	xt-1M-1000-120-1	0	oracle	889	1	.01	0	50	1181.98	200
700	xt-1M-1000-120-1	0	oracle	889	1	.01	0	75	1113.8	100
700	xt-1M-1000-120-1	0	oracle	889	1	.01	0	100	1634.31	1100
700	xt-1M-1000-120-1	0	oracle	889	1	.01	25	25	1159.14	600
700	xt-1M-1000-120-1	0	oracle	889	1	.01	25	50	4923.48	200
700	xt-1M-1000-120-1	0	oracle	889	1	.01	25	75	5555.53	800
700	xt-1M-1000-120-1	0	oracle	889	1	.01	25	100	5173.07	1100
700	xt-1M-1000-120-1	0	oracle	889	1	.01	50	25	1535.35	500
700	xt-1M-1000-120-1	0	oracle	889	1	.01	50	50	1375.29	1100
700	xt-1M-1000-120-1	0	oracle	889	1	.01	50	75	3136.61	500
700	xt-1M-1000-120-1	0	oracle	889	1	.01	50	100	3936.05	700
700	xt-1M-1000-120-1	0	oracle	889	1	.01	75	25	1304.17	100
700	xt-1M-1000-120-1	0	oracle	889	1	.01	75	50	1967.22	200
700	xt-1M-1000-120-1	0	oracle	889	1	.01	75	75	3642.06	1100
700	xt-1M-1000-120-1	0	oracle	889	1	.01	75	100	4693.18	1100
700	xt-1M-1000-120-1	0	oracle	889	1	.01	100	25	1912.44	700
700	xt-1M-1000-120-1	0	oracle	889	1	.01	100	50	2964.17	400
700	xt-1M-1000-120-1	0	oracle	889	1	.01	100	75	3749.29	1100
700	xt-1M-1000-120-1	0	oracle	889	1	.01	100	100	4081.84	700
700	xt-1M-1000-120-1	0	oracle	889	1	.1	0	25	609.37	1100
700	xt-1M-1000-120-1	0	oracle	889	1	.1	0	50	1275.55	1100
700	xt-1M-1000-120-1	0	oracle	889	1	.1	0	75	736.8	1100
700	xt-1M-1000-120-1	0	oracle	889	1	.1	0	100	1679.27	400
700	xt-1M-1000-120-1	0	oracle	889	1	.1	25	25	6557.95	100
700	xt-1M-1000-120-1	0	oracle	889	1	.1	25	50	14949.25	100
700	xt-1M-1000-120-1	0	oracle	889	1	.1	25	75	8363.72	1100
700	xt-1M-1000-120-1	0	oracle	889	1	.1	25	100	4651.44	800
700	xt-1M-1000-120-1	0	oracle	889	1	.1	50	25	4716.86	1100
700	xt-1M-1000-120-1	0	oracle	889	1	.1	50	50	5942.07	1100
700	xt-1M-1000-120-1	0	oracle	889	1	.1	50	75	5774.64	1100
700	xt-1M-1000-120-1	0	oracle	889	1	.1	50	100	3579.1	600
700	xt-1M-1000-120-1	0	oracle	889	1	.1	75	25	4261.58	1100
700	xt-1M-1000-120-1	0	oracle	889	1	.1	75	50	4444.63	1100
700	xt-1M-1000-120-1	0	oracle	889	1	.1	75	75	4661.12	1100
700	xt-1M-1000-120-1	0	oracle	889	1	.1	75	100	2883.44	100
700	xt-1M-1000-120-1	0	oracle	889	1	.1	100	25	2366.89	1100
700	xt-1M-1000-120-1	0	oracle	889	1	.1	100	50	6606.63	700
700	xt-1M-1000-120-1	0	oracle	889	1	.1	100	75	7488.05	1100
700	xt-1M-1000-120-1	0	oracle	889	1	.1	100	100	8607.77	600
700	xt-1M-1000-120-1	0	oracle	889	1	1	0	25	385.03	1100
700	xt-1M-1000-120-1	0	oracle	889	1	1	0	50	1188.26	500
700	xt-1M-1000-120-1	0	oracle	889	1	1	0	75	951.1	1100
700	xt-1M-1000-120-1	0	oracle	889	1	1	0	100	805.46	1100
700	xt-1M-1000-120-1	0	oracle	889	1	1	25	25	1441.79	100
700	xt-1M-1000-120-1	0	oracle	889	1	1	25	50	3826.3	600
700	xt-1M-1000-120-1	0	oracle	889	1	1	25	75	3739.75	700
700	xt-1M-1000-120-1	0	oracle	889	1	1	25	100	2917.2	100
700	xt-1M-1000-120-1	0	oracle	889	1	1	50	25	2434.16	500
700	xt-1M-1000-120-1	0	oracle	889	1	1	50	50	10672.74	100
700	xt-1M-1000-120-1	0	oracle	889	1	1	50	75	10333.55	100
700	xt-1M-1000-120-1	0	oracle	889	1	1	50	100	4449.24	400
700	xt-1M-1000-120-1	0	oracle	889	1	1	75	25	2717.97	100
700	xt-1M-1000-120-1	0	oracle	889	1	1	75	50	7452.67	300
700	xt-1M-1000-120-1	0	oracle	889	1	1	75	75	8998.02	100
700	xt-1M-1000-120-1	0	oracle	889	1	1	75	100	2691.06	100
700	xt-1M-1000-120-1	0	oracle	889	1	1	100	25	3988.45	1100
700	xt-1M-1000-120-1	0	oracle	889	1	1	100	50	7428.59	700
700	xt-1M-1000-120-1	0	oracle	889	1	1	100	75	12484.71	1100
700	xt-1M-1000-120-1	0	oracle	889	1	1	100	100	185.96	100
700	xt-1M-1000-120-1	0	pgsql	969	1	0	25	25	86.85	200
700	xt-1M-1000-120-1	0	pgsql	969	1	0	25	50	89.89	200
700	xt-1M-1000-120-1	0	pgsql	969	1	0	25	75	104.07	100
700	xt-1M-1000-120-1	0	pgsql	969	1	0	25	100	95.38	200
700	xt-1M-1000-120-1	0	pgsql	969	1	0	50	25	73.44	100
700	xt-1M-1000-120-1	0	pgsql	969	1	0	50	50	54.76	100
700	xt-1M-1000-120-1	0	pgsql	969	1	0	50	75	110.61	100
700	xt-1M-1000-120-1	0	pgsql	969	1	0	50	100	106.37	100
700	xt-1M-1000-120-1	0	pgsql	969	1	0	75	25	71.36	100
700	xt-1M-1000-120-1	0	pgsql	969	1	0	75	50	39.27	100
700	xt-1M-1000-120-1	0	pgsql	969	1	0	75	75	75.87	100
700	xt-1M-1000-120-1	0	pgsql	969	1	0	75	100	59	100
700	xt-1M-1000-120-1	0	pgsql	969	1	0	100	25	112.57	400
700	xt-1M-1000-120-1	0	pgsql	969	1	0	100	50	89.9	100
700	xt-1M-1000-120-1	0	pgsql	969	1	0	100	75	129.79	100
700	xt-1M-1000-120-1	0	pgsql	969	1	0	100	100	39.82	100
700	xt-1M-1000-120-1	0	pgsql	969	1	.01	0	25	53701.77	800
700	xt-1M-1000-120-1	0	pgsql	969	1	.01	0	50	40132.68	1100
700	xt-1M-1000-120-1	0	pgsql	969	1	.01	0	75	53483.79	1100
700	xt-1M-1000-120-1	0	pgsql	969	1	.01	0	100	47736.68	1100
700	xt-1M-1000-120-1	0	pgsql	969	1	.01	25	25	64838.09	1100
700	xt-1M-1000-120-1	0	pgsql	969	1	.01	25	50	64028.02	1100
700	xt-1M-1000-120-1	0	pgsql	969	1	.01	25	75	64298.71	1100
700	xt-1M-1000-120-1	0	pgsql	969	1	.01	25	100	64945.11	1100
700	xt-1M-1000-120-1	0	pgsql	969	1	.01	50	25	65244.07	1100
700	xt-1M-1000-120-1	0	pgsql	969	1	.01	50	50	64612.94	1100
700	xt-1M-1000-120-1	0	pgsql	969	1	.01	50	75	64535.65	1100
700	xt-1M-1000-120-1	0	pgsql	969	1	.01	50	100	65349.95	1100
700	xt-1M-1000-120-1	0	pgsql	969	1	.01	75	25	65115.65	1100
700	xt-1M-1000-120-1	0	pgsql	969	1	.01	75	50	64665.43	1100
700	xt-1M-1000-120-1	0	pgsql	969	1	.01	75	75	65382.63	1100
700	xt-1M-1000-120-1	0	pgsql	969	1	.01	75	100	65294.69	1100
700	xt-1M-1000-120-1	0	pgsql	969	1	.01	100	25	66163.16	1100
700	xt-1M-1000-120-1	0	pgsql	969	1	.01	100	50	66162.01	1100
700	xt-1M-1000-120-1	0	pgsql	969	1	.01	100	75	64827.97	1100
700	xt-1M-1000-120-1	0	pgsql	969	1	.01	100	100	64918.62	1100
700	xt-1M-1000-120-1	0	pgsql	969	1	.1	0	25	52257.11	1100
700	xt-1M-1000-120-1	0	pgsql	969	1	.1	0	50	52182.95	1100
700	xt-1M-1000-120-1	0	pgsql	969	1	.1	0	75	49867.52	1100
700	xt-1M-1000-120-1	0	pgsql	969	1	.1	0	100	51851.58	1100
700	xt-1M-1000-120-1	0	pgsql	969	1	.1	25	25	63465.61	1100
700	xt-1M-1000-120-1	0	pgsql	969	1	.1	25	50	63567.28	1100
700	xt-1M-1000-120-1	0	pgsql	969	1	.1	25	75	63537.34	1100
700	xt-1M-1000-120-1	0	pgsql	969	1	.1	25	100	63460.97	1100
700	xt-1M-1000-120-1	0	pgsql	969	1	.1	50	25	65613.42	1100
700	xt-1M-1000-120-1	0	pgsql	969	1	.1	50	50	64331.53	1100
700	xt-1M-1000-120-1	0	pgsql	969	1	.1	50	75	64378.72	1100
700	xt-1M-1000-120-1	0	pgsql	969	1	.1	50	100	63200.48	1100
700	xt-1M-1000-120-1	0	pgsql	969	1	.1	75	25	65586.72	1100
700	xt-1M-1000-120-1	0	pgsql	969	1	.1	75	50	64745.38	1100
700	xt-1M-1000-120-1	0	pgsql	969	1	.1	75	75	64575.58	1100
700	xt-1M-1000-120-1	0	pgsql	969	1	.1	75	100	64141.43	1100
700	xt-1M-1000-120-1	0	pgsql	969	1	.1	100	25	64677.92	1100
700	xt-1M-1000-120-1	0	pgsql	969	1	.1	100	50	65034.08	1100
700	xt-1M-1000-120-1	0	pgsql	969	1	.1	100	75	64802.16	1100
700	xt-1M-1000-120-1	0	pgsql	969	1	.1	100	100	64429.63	1100
700	xt-1M-1000-120-1	0	pgsql	969	1	1	0	25	59400.56	700
700	xt-1M-1000-120-1	0	pgsql	969	1	1	0	50	57997.82	200
700	xt-1M-1000-120-1	0	pgsql	969	1	1	0	75	55351.97	1100
700	xt-1M-1000-120-1	0	pgsql	969	1	1	0	100	57157.18	200
700	xt-1M-1000-120-1	0	pgsql	969	1	1	25	25	68310.27	1100
700	xt-1M-1000-120-1	0	pgsql	969	1	1	25	50	70223.27	1100
700	xt-1M-1000-120-1	0	pgsql	969	1	1	25	75	69640.72	1100
700	xt-1M-1000-120-1	0	pgsql	969	1	1	25	100	70272.82	1100
700	xt-1M-1000-120-1	0	pgsql	969	1	1	50	25	72833.46	1100
700	xt-1M-1000-120-1	0	pgsql	969	1	1	50	50	72632.23	1100
700	xt-1M-1000-120-1	0	pgsql	969	1	1	50	75	73300.56	800
700	xt-1M-1000-120-1	0	pgsql	969	1	1	50	100	74753.66	1100
700	xt-1M-1000-120-1	0	pgsql	969	1	1	75	25	74568.87	1100
700	xt-1M-1000-120-1	0	pgsql	969	1	1	75	50	74913.82	1100
700	xt-1M-1000-120-1	0	pgsql	969	1	1	75	75	75614.71	700
700	xt-1M-1000-120-1	0	pgsql	969	1	1	75	100	75594.11	800
700	xt-1M-1000-120-1	0	pgsql	969	1	1	100	25	74692.42	1100
700	xt-1M-1000-120-1	0	pgsql	969	1	1	100	50	70296.97	1100
700	xt-1M-1000-120-1	0	pgsql	969	1	1	100	75	72835.79	1100
700	xt-1M-1000-120-1	0	pgsql	969	1	1	100	100	72167.48	1100
700	xt-1M-1000-120-1	0	teradata	929	1	0	25	25	1042.08	100
700	xt-1M-1000-120-1	0	teradata	929	1	0	25	50	1143.93	1100
700	xt-1M-1000-120-1	0	teradata	929	1	0	25	75	930.21	100
700	xt-1M-1000-120-1	0	teradata	929	1	0	25	100	927.45	100
700	xt-1M-1000-120-1	0	teradata	929	1	0	50	25	929.94	100
700	xt-1M-1000-120-1	0	teradata	929	1	0	50	50	954.56	100
700	xt-1M-1000-120-1	0	teradata	929	1	0	50	75	1118.06	100
700	xt-1M-1000-120-1	0	teradata	929	1	0	50	100	1083.29	100
700	xt-1M-1000-120-1	0	teradata	929	1	0	75	25	926.22	100
700	xt-1M-1000-120-1	0	teradata	929	1	0	75	50	972.24	100
700	xt-1M-1000-120-1	0	teradata	929	1	0	75	75	940.25	100
700	xt-1M-1000-120-1	0	teradata	929	1	0	75	100	940.13	100
700	xt-1M-1000-120-1	0	teradata	929	1	0	100	25	932.15	100
700	xt-1M-1000-120-1	0	teradata	929	1	0	100	50	967.76	100
700	xt-1M-1000-120-1	0	teradata	929	1	0	100	75	958.95	100
700	xt-1M-1000-120-1	0	teradata	929	1	0	100	100	777.15	100
700	xt-1M-1000-120-2	0	db2	949	2	0	25	25	38.34	1100
700	xt-1M-1000-120-2	0	db2	949	2	0	25	50	39.53	1100
700	xt-1M-1000-120-2	0	db2	949	2	0	25	75	40.03	700
700	xt-1M-1000-120-2	0	db2	949	2	0	25	100	37.13	1100
700	xt-1M-1000-120-2	0	db2	949	2	0	50	25	34.74	1100
700	xt-1M-1000-120-2	0	db2	949	2	0	50	50	39.13	500
700	xt-1M-1000-120-2	0	db2	949	2	0	50	75	34.52	1100
700	xt-1M-1000-120-2	0	db2	949	2	0	50	100	36.33	1100
700	xt-1M-1000-120-2	0	db2	949	2	0	75	25	35.21	1100
700	xt-1M-1000-120-2	0	db2	949	2	0	75	50	36.01	1100
700	xt-1M-1000-120-2	0	db2	949	2	0	75	75	39.31	700
700	xt-1M-1000-120-2	0	db2	949	2	0	75	100	39.44	1100
700	xt-1M-1000-120-2	0	db2	949	2	0	100	25	33.79	1100
700	xt-1M-1000-120-2	0	db2	949	2	0	100	50	34.78	1100
700	xt-1M-1000-120-2	0	db2	949	2	0	100	75	34.77	1100
700	xt-1M-1000-120-2	0	db2	949	2	0	100	100	37.84	600
700	xt-1M-1000-120-2	0	db2	949	2	.01	0	25	34.25	800
700	xt-1M-1000-120-2	0	db2	949	2	.01	0	50	35.25	700
700	xt-1M-1000-120-2	0	db2	949	2	.01	0	75	38.43	600
700	xt-1M-1000-120-2	0	db2	949	2	.01	0	100	29.87	800
700	xt-1M-1000-120-2	0	db2	949	2	.01	25	25	96.5	1100
700	xt-1M-1000-120-2	0	db2	949	2	.01	25	50	123.09	800
700	xt-1M-1000-120-2	0	db2	949	2	.01	25	75	129.46	1100
700	xt-1M-1000-120-2	0	db2	949	2	.01	25	100	116.46	1100
700	xt-1M-1000-120-2	0	db2	949	2	.01	50	25	110.94	1100
700	xt-1M-1000-120-2	0	db2	949	2	.01	50	50	117.8	1100
700	xt-1M-1000-120-2	0	db2	949	2	.01	50	75	124.95	1100
700	xt-1M-1000-120-2	0	db2	949	2	.01	50	100	117.98	700
700	xt-1M-1000-120-2	0	db2	949	2	.01	75	25	116.94	600
700	xt-1M-1000-120-2	0	db2	949	2	.01	75	50	131.5	600
700	xt-1M-1000-120-2	0	db2	949	2	.01	75	75	126.69	1100
700	xt-1M-1000-120-2	0	db2	949	2	.01	75	100	130.95	1100
700	xt-1M-1000-120-2	0	db2	949	2	.01	100	25	109.31	1100
700	xt-1M-1000-120-2	0	db2	949	2	.01	100	50	115.69	700
700	xt-1M-1000-120-2	0	db2	949	2	.01	100	75	123.97	800
700	xt-1M-1000-120-2	0	db2	949	2	.01	100	100	136.63	1100
700	xt-1M-1000-120-2	0	db2	949	2	.1	0	25	26.16	1100
700	xt-1M-1000-120-2	0	db2	949	2	.1	0	50	30.51	800
700	xt-1M-1000-120-2	0	db2	949	2	.1	0	75	32.45	1100
700	xt-1M-1000-120-2	0	db2	949	2	.1	0	100	31.03	1100
700	xt-1M-1000-120-2	0	db2	949	2	.1	25	25	84.7	1100
700	xt-1M-1000-120-2	0	db2	949	2	.1	25	50	97.33	1100
700	xt-1M-1000-120-2	0	db2	949	2	.1	25	75	102.37	600
700	xt-1M-1000-120-2	0	db2	949	2	.1	25	100	103.32	1100
700	xt-1M-1000-120-2	0	db2	949	2	.1	50	25	62.67	1100
700	xt-1M-1000-120-2	0	db2	949	2	.1	50	50	73.04	1100
700	xt-1M-1000-120-2	0	db2	949	2	.1	50	75	82.96	1100
700	xt-1M-1000-120-2	0	db2	949	2	.1	50	100	89.05	1100
700	xt-1M-1000-120-2	0	db2	949	2	.1	75	25	52.54	1100
700	xt-1M-1000-120-2	0	db2	949	2	.1	75	50	57.28	1100
700	xt-1M-1000-120-2	0	db2	949	2	.1	75	75	72.87	1100
700	xt-1M-1000-120-2	0	db2	949	2	.1	75	100	77.35	1100
700	xt-1M-1000-120-2	0	db2	949	2	.1	100	25	46.04	1100
700	xt-1M-1000-120-2	0	db2	949	2	.1	100	50	52.01	1100
700	xt-1M-1000-120-2	0	db2	949	2	.1	100	75	91.03	700
700	xt-1M-1000-120-2	0	db2	949	2	.1	100	100	93.62	1100
700	xt-1M-1000-120-2	0	oracle	610	2	0	0	25	13.01	1100
700	xt-1M-1000-120-2	0	oracle	610	2	0	0	50	18.46	1100
700	xt-1M-1000-120-2	0	oracle	610	2	0	0	75	22.27	800
700	xt-1M-1000-120-2	0	oracle	610	2	0	0	100	22.68	1100
700	xt-1M-1000-120-2	0	oracle	610	2	0	25	25	13.16	1100
700	xt-1M-1000-120-2	0	oracle	610	2	0	25	50	18.57	1100
700	xt-1M-1000-120-2	0	oracle	610	2	0	25	75	22.85	1100
700	xt-1M-1000-120-2	0	oracle	610	2	0	25	100	21.39	1100
700	xt-1M-1000-120-2	0	oracle	610	2	0	50	25	12.66	1100
700	xt-1M-1000-120-2	0	oracle	610	2	0	50	50	18.4	1100
700	xt-1M-1000-120-2	0	oracle	610	2	0	50	75	21.07	1100
700	xt-1M-1000-120-2	0	oracle	610	2	0	50	100	23.17	1100
700	xt-1M-1000-120-2	0	oracle	610	2	0	75	25	56	100
700	xt-1M-1000-120-2	0	oracle	610	2	0	75	50	26.49	1100
700	xt-1M-1000-120-2	0	oracle	610	2	0	75	75	22.46	1100
700	xt-1M-1000-120-2	0	oracle	610	2	0	75	100	23.81	1100
700	xt-1M-1000-120-2	0	oracle	610	2	0	100	25	13.6	1100
700	xt-1M-1000-120-2	0	oracle	610	2	0	100	50	20.29	1100
700	xt-1M-1000-120-2	0	oracle	610	2	0	100	75	23.37	1100
700	xt-1M-1000-120-2	0	oracle	610	2	0	100	100	22.83	1100
700	xt-1M-1000-120-2	0	oracle	610	2	.01	0	25	669.5	700
700	xt-1M-1000-120-2	0	oracle	610	2	.01	0	50	1142.17	1100
700	xt-1M-1000-120-2	0	oracle	610	2	.01	0	75	1137.23	100
700	xt-1M-1000-120-2	0	oracle	610	2	.01	0	100	1610.68	200
700	xt-1M-1000-120-2	0	oracle	610	2	.01	25	25	1294.17	400
700	xt-1M-1000-120-2	0	oracle	610	2	.01	25	50	2078.22	300
700	xt-1M-1000-120-2	0	oracle	610	2	.01	25	75	2843.69	800
700	xt-1M-1000-120-2	0	oracle	610	2	.01	25	100	2893.84	400
700	xt-1M-1000-120-2	0	oracle	610	2	.01	50	25	1251.55	1100
700	xt-1M-1000-120-2	0	oracle	610	2	.01	50	50	2263.77	700
700	xt-1M-1000-120-2	0	oracle	610	2	.01	50	75	1188.54	200
700	xt-1M-1000-120-2	0	oracle	610	2	.01	50	100	9683.99	100
700	xt-1M-1000-120-2	0	oracle	610	2	.01	75	25	152.21	500
700	xt-1M-1000-120-2	0	oracle	610	2	.01	75	50	1990.07	1100
700	xt-1M-1000-120-2	0	oracle	610	2	.01	75	75	1847.41	300
700	xt-1M-1000-120-2	0	oracle	610	2	.01	75	100	2276.47	600
700	xt-1M-1000-120-2	0	oracle	610	2	.01	100	25	902.06	400
700	xt-1M-1000-120-2	0	oracle	610	2	.01	100	50	2111.41	700
700	xt-1M-1000-120-2	0	oracle	610	2	.01	100	75	2295.59	600
700	xt-1M-1000-120-2	0	oracle	610	2	.01	100	100	815.22	800
700	xt-1M-1000-120-2	0	oracle	610	2	.1	0	25	565.95	800
700	xt-1M-1000-120-2	0	oracle	610	2	.1	0	50	188.84	100
700	xt-1M-1000-120-2	0	oracle	610	2	.1	0	75	1563.43	300
700	xt-1M-1000-120-2	0	oracle	610	2	.1	0	100	1213.32	100
700	xt-1M-1000-120-2	0	oracle	610	2	.1	25	25	1343.6	700
700	xt-1M-1000-120-2	0	oracle	610	2	.1	25	50	2247.48	300
700	xt-1M-1000-120-2	0	oracle	610	2	.1	25	75	1803.51	1100
700	xt-1M-1000-120-2	0	oracle	610	2	.1	25	100	2389.97	200
700	xt-1M-1000-120-2	0	oracle	610	2	.1	50	25	1293.95	100
700	xt-1M-1000-120-2	0	oracle	610	2	.1	50	50	2267.6	600
700	xt-1M-1000-120-2	0	oracle	610	2	.1	50	75	2057.97	1100
700	xt-1M-1000-120-2	0	oracle	610	2	.1	50	100	2847.12	1100
700	xt-1M-1000-120-2	0	oracle	610	2	.1	75	25	1090.35	700
700	xt-1M-1000-120-2	0	oracle	610	2	.1	75	50	1549.76	800
700	xt-1M-1000-120-2	0	oracle	610	2	.1	75	75	2229.74	300
700	xt-1M-1000-120-2	0	oracle	610	2	.1	75	100	3501.31	1100
700	xt-1M-1000-120-2	0	oracle	610	2	.1	100	25	1650.26	1100
700	xt-1M-1000-120-2	0	oracle	610	2	.1	100	50	1007.3	600
700	xt-1M-1000-120-2	0	oracle	610	2	.1	100	75	2097.05	1100
700	xt-1M-1000-120-2	0	oracle	610	2	.1	100	100	2454.05	1100
700	xt-1M-1000-120-2	0	oracle	610	2	1	0	25	610.56	300
700	xt-1M-1000-120-2	0	oracle	610	2	1	0	50	2157.94	100
700	xt-1M-1000-120-2	0	oracle	610	2	1	0	75	1694.88	400
700	xt-1M-1000-120-2	0	oracle	610	2	1	0	100	618.38	200
700	xt-1M-1000-120-2	0	oracle	610	2	1	25	25	1137.97	100
700	xt-1M-1000-120-2	0	oracle	610	2	1	25	50	645.02	600
700	xt-1M-1000-120-2	0	oracle	610	2	1	25	75	1592.33	100
700	xt-1M-1000-120-2	0	oracle	610	2	1	25	100	1054.61	700
700	xt-1M-1000-120-2	0	oracle	610	2	1	50	25	1259.52	200
700	xt-1M-1000-120-2	0	oracle	610	2	1	50	50	1099.72	100
700	xt-1M-1000-120-2	0	oracle	610	2	1	50	75	1516.84	100
700	xt-1M-1000-120-2	0	oracle	610	2	1	50	100	583.24	200
700	xt-1M-1000-120-2	0	oracle	610	2	1	75	25	1261.42	500
700	xt-1M-1000-120-2	0	oracle	610	2	1	75	50	1520.24	100
700	xt-1M-1000-120-2	0	oracle	610	2	1	75	75	3156.38	800
700	xt-1M-1000-120-2	0	oracle	610	2	1	75	100	835.21	200
700	xt-1M-1000-120-2	0	oracle	610	2	1	100	25	793.05	300
700	xt-1M-1000-120-2	0	oracle	610	2	1	100	50	698.64	100
700	xt-1M-1000-120-2	0	oracle	610	2	1	100	75	513.19	300
700	xt-1M-1000-120-2	0	oracle	610	2	1	100	100	12998.85	100
700	xt-1M-1000-120-2	0	pgsql	709	2	0	25	25	39.94	200
700	xt-1M-1000-120-2	0	pgsql	709	2	0	25	50	34.66	200
700	xt-1M-1000-120-2	0	pgsql	709	2	0	25	75	31.39	200
700	xt-1M-1000-120-2	0	pgsql	709	2	0	25	100	26.18	400
700	xt-1M-1000-120-2	0	pgsql	709	2	0	50	25	27.53	100
700	xt-1M-1000-120-2	0	pgsql	709	2	0	50	50	39.31	300
700	xt-1M-1000-120-2	0	pgsql	709	2	0	50	75	46.79	400
700	xt-1M-1000-120-2	0	pgsql	709	2	0	50	100	24.41	600
700	xt-1M-1000-120-2	0	pgsql	709	2	0	75	25	32.43	400
700	xt-1M-1000-120-2	0	pgsql	709	2	0	75	50	8.17	200
700	xt-1M-1000-120-2	0	pgsql	709	2	0	75	75	31.73	200
700	xt-1M-1000-120-2	0	pgsql	709	2	0	75	100	39.61	200
700	xt-1M-1000-120-2	0	pgsql	709	2	0	100	25	25.15	200
700	xt-1M-1000-120-2	0	pgsql	709	2	0	100	50	22.42	200
700	xt-1M-1000-120-2	0	pgsql	709	2	0	100	75	33.82	300
700	xt-1M-1000-120-2	0	pgsql	709	2	0	100	100	41.53	200
700	xt-1M-1000-120-2	0	pgsql	709	2	.01	0	25	91831.27	1100
700	xt-1M-1000-120-2	0	pgsql	709	2	.01	0	50	73694.14	500
700	xt-1M-1000-120-2	0	pgsql	709	2	.01	0	75	84214.38	1100
700	xt-1M-1000-120-2	0	pgsql	709	2	.01	0	100	74473.76	100
700	xt-1M-1000-120-2	0	pgsql	709	2	.01	25	25	77130.93	1100
700	xt-1M-1000-120-2	0	pgsql	709	2	.01	25	50	88130.08	1100
700	xt-1M-1000-120-2	0	pgsql	709	2	.01	25	75	78266.19	1100
700	xt-1M-1000-120-2	0	pgsql	709	2	.01	25	100	90127.52	1100
700	xt-1M-1000-120-2	0	pgsql	709	2	.01	50	25	78630.84	1100
700	xt-1M-1000-120-2	0	pgsql	709	2	.01	50	50	87187.67	1100
700	xt-1M-1000-120-2	0	pgsql	709	2	.01	50	75	77372.89	1100
700	xt-1M-1000-120-2	0	pgsql	709	2	.01	50	100	87776.9	1100
700	xt-1M-1000-120-2	0	pgsql	709	2	.01	75	25	76426.69	1100
700	xt-1M-1000-120-2	0	pgsql	709	2	.01	75	50	87405.72	1100
700	xt-1M-1000-120-2	0	pgsql	709	2	.01	75	75	79608.36	1100
700	xt-1M-1000-120-2	0	pgsql	709	2	.01	75	100	84389.72	200
700	xt-1M-1000-120-2	0	pgsql	709	2	.01	100	25	84881.91	1100
700	xt-1M-1000-120-2	0	pgsql	709	2	.01	100	50	87223.29	1100
700	xt-1M-1000-120-2	0	pgsql	709	2	.01	100	75	81275.55	200
700	xt-1M-1000-120-2	0	pgsql	709	2	.01	100	100	84662.17	1100
700	xt-1M-1000-120-2	0	pgsql	709	2	.1	0	25	67901.82	200
700	xt-1M-1000-120-2	0	pgsql	709	2	.1	0	50	72266.08	200
700	xt-1M-1000-120-2	0	pgsql	709	2	.1	0	75	72153.43	200
700	xt-1M-1000-120-2	0	pgsql	709	2	.1	0	100	68240.46	200
700	xt-1M-1000-120-2	0	pgsql	709	2	.1	25	25	88151.1	1100
700	xt-1M-1000-120-2	0	pgsql	709	2	.1	25	50	88570.17	1100
700	xt-1M-1000-120-2	0	pgsql	709	2	.1	25	75	86929.59	1100
700	xt-1M-1000-120-2	0	pgsql	709	2	.1	25	100	84741.36	1100
700	xt-1M-1000-120-2	0	pgsql	709	2	.1	50	25	88014.31	1100
700	xt-1M-1000-120-2	0	pgsql	709	2	.1	50	50	87034.77	1100
700	xt-1M-1000-120-2	0	pgsql	709	2	.1	50	75	87675.09	1100
700	xt-1M-1000-120-2	0	pgsql	709	2	.1	50	100	88327.42	1100
700	xt-1M-1000-120-2	0	pgsql	709	2	.1	75	25	90379.38	1100
700	xt-1M-1000-120-2	0	pgsql	709	2	.1	75	50	86658.62	1100
700	xt-1M-1000-120-2	0	pgsql	709	2	.1	75	75	88364.04	1100
700	xt-1M-1000-120-2	0	pgsql	709	2	.1	75	100	87589.63	1100
700	xt-1M-1000-120-2	0	pgsql	709	2	.1	100	25	87659.09	1100
700	xt-1M-1000-120-2	0	pgsql	709	2	.1	100	50	82787.29	200
700	xt-1M-1000-120-2	0	pgsql	709	2	.1	100	75	87018.78	100
700	xt-1M-1000-120-2	0	pgsql	709	2	.1	100	100	82736.82	200
700	xt-1M-1000-120-2	0	pgsql	709	2	1	0	25	68769.57	200
700	xt-1M-1000-120-2	0	pgsql	709	2	1	0	50	67878.58	200
700	xt-1M-1000-120-2	0	pgsql	709	2	1	0	75	68200.62	200
700	xt-1M-1000-120-2	0	pgsql	709	2	1	0	100	70596.18	100
700	xt-1M-1000-120-2	0	pgsql	709	2	1	25	25	87039.79	100
700	xt-1M-1000-120-2	0	pgsql	709	2	1	25	50	80152.13	200
700	xt-1M-1000-120-2	0	pgsql	709	2	1	25	75	92098	1100
700	xt-1M-1000-120-2	0	pgsql	709	2	1	25	100	94338.48	1100
700	xt-1M-1000-120-2	0	pgsql	709	2	1	50	25	100548.98	1100
700	xt-1M-1000-120-2	0	pgsql	709	2	1	50	50	97866.57	1100
700	xt-1M-1000-120-2	0	pgsql	709	2	1	50	75	102289.48	1100
700	xt-1M-1000-120-2	0	pgsql	709	2	1	50	100	100034.19	1100
700	xt-1M-1000-120-2	0	pgsql	709	2	1	75	25	103861.62	1100
700	xt-1M-1000-120-2	0	pgsql	709	2	1	75	50	104700.55	1100
700	xt-1M-1000-120-2	0	pgsql	709	2	1	75	75	104249.36	1100
700	xt-1M-1000-120-2	0	pgsql	709	2	1	75	100	103230.12	1100
700	xt-1M-1000-120-2	0	pgsql	709	2	1	100	25	105158.57	1100
700	xt-1M-1000-120-2	0	pgsql	709	2	1	100	50	99672.9	1100
700	xt-1M-1000-120-2	0	pgsql	709	2	1	100	75	106738.69	1100
700	xt-1M-1000-120-2	0	pgsql	709	2	1	100	100	102349.58	1100
700	xt-1M-1000-120-4	0	db2	849	4	0	25	25	15.04	1100
700	xt-1M-1000-120-4	0	db2	849	4	0	25	50	14.68	1100
700	xt-1M-1000-120-4	0	db2	849	4	0	25	75	14.05	1100
700	xt-1M-1000-120-4	0	db2	849	4	0	25	100	14.08	1100
700	xt-1M-1000-120-4	0	db2	849	4	0	50	25	15.4	1100
700	xt-1M-1000-120-4	0	db2	849	4	0	50	50	14.46	1100
700	xt-1M-1000-120-4	0	db2	849	4	0	50	75	14.46	1100
700	xt-1M-1000-120-4	0	db2	849	4	0	50	100	14.45	1100
700	xt-1M-1000-120-4	0	db2	849	4	0	75	25	15.3	1100
700	xt-1M-1000-120-4	0	db2	849	4	0	75	50	15.31	1100
700	xt-1M-1000-120-4	0	db2	849	4	0	75	75	14.84	1100
700	xt-1M-1000-120-4	0	db2	849	4	0	75	100	13.88	1100
700	xt-1M-1000-120-4	0	db2	849	4	0	100	25	14.58	1100
700	xt-1M-1000-120-4	0	db2	849	4	0	100	50	14.64	1100
700	xt-1M-1000-120-4	0	db2	849	4	0	100	75	14.59	1100
700	xt-1M-1000-120-4	0	db2	849	4	0	100	100	13.84	1100
700	xt-1M-1000-120-4	0	db2	849	4	.01	0	25	13.94	1100
700	xt-1M-1000-120-4	0	db2	849	4	.01	0	50	14.57	700
700	xt-1M-1000-120-4	0	db2	849	4	.01	0	75	13.65	600
700	xt-1M-1000-120-4	0	db2	849	4	.01	0	100	13.4	600
700	xt-1M-1000-120-4	0	db2	849	4	.01	25	25	28.19	1100
700	xt-1M-1000-120-4	0	db2	849	4	.01	25	50	22.8	500
700	xt-1M-1000-120-4	0	db2	849	4	.01	25	75	23.33	500
700	xt-1M-1000-120-4	0	db2	849	4	.01	25	100	24.07	600
700	xt-1M-1000-120-4	0	db2	849	4	.01	50	25	26.67	500
700	xt-1M-1000-120-4	0	db2	849	4	.01	50	50	23.81	500
700	xt-1M-1000-120-4	0	db2	849	4	.01	50	75	24.71	500
700	xt-1M-1000-120-4	0	db2	849	4	.01	50	100	25.05	600
700	xt-1M-1000-120-4	0	db2	849	4	.01	75	25	25.08	1100
700	xt-1M-1000-120-4	0	db2	849	4	.01	75	50	26	1100
700	xt-1M-1000-120-4	0	db2	849	4	.01	75	75	27.11	1100
700	xt-1M-1000-120-4	0	db2	849	4	.01	75	100	25.93	1100
700	xt-1M-1000-120-4	0	db2	849	4	.01	100	25	24.74	1100
700	xt-1M-1000-120-4	0	db2	849	4	.01	100	50	25.13	1100
700	xt-1M-1000-120-4	0	db2	849	4	.01	100	75	24.86	1100
700	xt-1M-1000-120-4	0	db2	849	4	.01	100	100	25.36	1100
700	xt-1M-1000-120-4	0	db2	849	4	.1	0	25	13.57	600
700	xt-1M-1000-120-4	0	db2	849	4	.1	0	50	14.31	600
700	xt-1M-1000-120-4	0	db2	849	4	.1	0	75	12.58	600
700	xt-1M-1000-120-4	0	db2	849	4	.1	0	100	10.93	600
700	xt-1M-1000-120-4	0	db2	849	4	.1	25	25	32.96	1100
700	xt-1M-1000-120-4	0	db2	849	4	.1	25	50	46.54	1100
700	xt-1M-1000-120-4	0	db2	849	4	.1	25	75	52.97	1100
700	xt-1M-1000-120-4	0	db2	849	4	.1	25	100	65.02	1100
700	xt-1M-1000-120-4	0	db2	849	4	.1	50	25	27.78	1100
700	xt-1M-1000-120-4	0	db2	849	4	.1	50	50	36.24	1100
700	xt-1M-1000-120-4	0	db2	849	4	.1	50	75	44.84	1100
700	xt-1M-1000-120-4	0	db2	849	4	.1	50	100	53.66	1100
700	xt-1M-1000-120-4	0	db2	849	4	.1	75	25	26.29	1100
700	xt-1M-1000-120-4	0	db2	849	4	.1	75	50	32.6	1100
700	xt-1M-1000-120-4	0	db2	849	4	.1	75	75	39.89	1100
700	xt-1M-1000-120-4	0	db2	849	4	.1	75	100	50.48	1100
700	xt-1M-1000-120-4	0	db2	849	4	.1	100	25	23.99	1100
700	xt-1M-1000-120-4	0	db2	849	4	.1	100	50	29.34	1100
700	xt-1M-1000-120-4	0	db2	849	4	.1	100	75	37.19	1100
700	xt-1M-1000-120-4	0	db2	849	4	.1	100	100	46.13	1100
700	xt-1M-1000-120-4	0	db2	849	4	1	0	25	14.32	700
700	xt-1M-1000-120-4	0	db2	849	4	1	0	50	14.06	700
700	xt-1M-1000-120-4	0	db2	849	4	1	0	75	12.81	800
700	xt-1M-1000-120-4	0	db2	849	4	1	0	100	11.71	600
700	xt-1M-1000-120-4	0	db2	849	4	1	25	25	21.07	1100
700	xt-1M-1000-120-4	0	db2	849	4	1	25	50	21.48	1100
700	xt-1M-1000-120-4	0	db2	849	4	1	25	75	22.06	1100
700	xt-1M-1000-120-4	0	db2	849	4	1	25	100	22.27	800
700	xt-1M-1000-120-4	0	db2	849	4	1	50	25	19.79	1100
700	xt-1M-1000-120-4	0	db2	849	4	1	50	50	21.31	1100
700	xt-1M-1000-120-4	0	db2	849	4	1	50	75	24.11	1100
700	xt-1M-1000-120-4	0	db2	849	4	1	50	100	23.56	1100
700	xt-1M-1000-120-4	0	db2	849	4	1	75	25	20.44	1100
700	xt-1M-1000-120-4	0	db2	849	4	1	75	50	21.27	1100
700	xt-1M-1000-120-4	0	db2	849	4	1	75	75	21.91	1100
700	xt-1M-1000-120-4	0	db2	849	4	1	75	100	22.72	1100
700	xt-1M-1000-120-4	0	db2	849	4	1	100	25	20.14	1100
700	xt-1M-1000-120-4	0	db2	849	4	1	100	50	19.66	1100
700	xt-1M-1000-120-4	0	db2	849	4	1	100	75	20.74	1100
700	xt-1M-1000-120-4	0	db2	849	4	1	100	100	20.75	1100
700	xt-1M-1000-120-4	0	oracle	809	4	0	25	25	38.55	300
700	xt-1M-1000-120-4	0	oracle	809	4	0	25	50	97.66	100
700	xt-1M-1000-120-4	0	oracle	809	4	0	25	75	40.95	500
700	xt-1M-1000-120-4	0	oracle	809	4	0	25	100	43.02	400
700	xt-1M-1000-120-4	0	oracle	809	4	0	50	25	42.48	300
700	xt-1M-1000-120-4	0	oracle	809	4	0	50	50	84.86	200
700	xt-1M-1000-120-4	0	oracle	809	4	0	50	75	46.78	300
700	xt-1M-1000-120-4	0	oracle	809	4	0	50	100	46.57	500
700	xt-1M-1000-120-4	0	oracle	809	4	0	75	25	41.89	300
700	xt-1M-1000-120-4	0	oracle	809	4	0	75	50	44.5	200
700	xt-1M-1000-120-4	0	oracle	809	4	0	75	75	47.06	100
700	xt-1M-1000-120-4	0	oracle	809	4	0	75	100	45.43	600
700	xt-1M-1000-120-4	0	oracle	809	4	0	100	25	106.9	100
700	xt-1M-1000-120-4	0	oracle	809	4	0	100	50	40.79	500
700	xt-1M-1000-120-4	0	oracle	809	4	0	100	75	45.49	600
700	xt-1M-1000-120-4	0	oracle	809	4	0	100	100	43.48	500
700	xt-1M-1000-120-4	0	oracle	809	4	.01	0	25	1076.04	700
700	xt-1M-1000-120-4	0	oracle	809	4	.01	0	50	6507.83	200
700	xt-1M-1000-120-4	0	oracle	809	4	.01	0	75	2708.08	1100
700	xt-1M-1000-120-4	0	oracle	809	4	.01	0	100	3794.71	500
700	xt-1M-1000-120-4	0	oracle	809	4	.01	25	25	2993.47	700
700	xt-1M-1000-120-4	0	oracle	809	4	.01	25	50	4606.94	700
700	xt-1M-1000-120-4	0	oracle	809	4	.01	25	75	5764.63	400
700	xt-1M-1000-120-4	0	oracle	809	4	.01	25	100	6870.36	400
700	xt-1M-1000-120-4	0	oracle	809	4	.01	50	25	3339.3	200
700	xt-1M-1000-120-4	0	oracle	809	4	.01	50	50	4474.5	500
700	xt-1M-1000-120-4	0	oracle	809	4	.01	50	75	4295.34	800
700	xt-1M-1000-120-4	0	oracle	809	4	.01	50	100	6685.24	500
700	xt-1M-1000-120-4	0	oracle	809	4	.01	75	25	2911.19	300
700	xt-1M-1000-120-4	0	oracle	809	4	.01	75	50	4488.01	100
700	xt-1M-1000-120-4	0	oracle	809	4	.01	75	75	8105.69	500
700	xt-1M-1000-120-4	0	oracle	809	4	.01	75	100	12653	500
700	xt-1M-1000-120-4	0	oracle	809	4	.01	100	25	5172.89	500
700	xt-1M-1000-120-4	0	oracle	809	4	.01	100	50	7839.99	300
700	xt-1M-1000-120-4	0	oracle	809	4	.01	100	75	6696.91	500
700	xt-1M-1000-120-4	0	oracle	809	4	.01	100	100	4923.04	500
700	xt-1M-1000-120-4	0	oracle	809	4	.1	0	25	1301.14	1100
700	xt-1M-1000-120-4	0	oracle	809	4	.1	0	50	1156.06	1100
700	xt-1M-1000-120-4	0	oracle	809	4	.1	0	75	3031.74	1100
700	xt-1M-1000-120-4	0	oracle	809	4	.1	0	100	2292.81	1100
700	xt-1M-1000-120-4	0	oracle	809	4	.1	25	25	3062.14	400
700	xt-1M-1000-120-4	0	oracle	809	4	.1	25	50	5380.93	600
700	xt-1M-1000-120-4	0	oracle	809	4	.1	25	75	4905.69	800
700	xt-1M-1000-120-4	0	oracle	809	4	.1	25	100	3475.18	700
700	xt-1M-1000-120-4	0	oracle	809	4	.1	50	25	2616.54	300
700	xt-1M-1000-120-4	0	oracle	809	4	.1	50	50	3558.58	400
700	xt-1M-1000-120-4	0	oracle	809	4	.1	50	75	4128.32	500
700	xt-1M-1000-120-4	0	oracle	809	4	.1	50	100	5633.7	400
700	xt-1M-1000-120-4	0	oracle	809	4	.1	75	25	3126.75	400
700	xt-1M-1000-120-4	0	oracle	809	4	.1	75	50	2683.49	100
700	xt-1M-1000-120-4	0	oracle	809	4	.1	75	75	4451.49	200
700	xt-1M-1000-120-4	0	oracle	809	4	.1	75	100	4342.38	400
700	xt-1M-1000-120-4	0	oracle	809	4	.1	100	25	3798.85	500
700	xt-1M-1000-120-4	0	oracle	809	4	.1	100	50	2027.51	500
700	xt-1M-1000-120-4	0	oracle	809	4	.1	100	75	4894.4	600
700	xt-1M-1000-120-4	0	oracle	809	4	.1	100	100	3022.62	300
700	xt-1M-1000-120-4	0	oracle	809	4	1	0	25	756.92	1100
700	xt-1M-1000-120-4	0	oracle	809	4	1	0	50	1354.45	1100
700	xt-1M-1000-120-4	0	oracle	809	4	1	0	75	2073.51	1100
700	xt-1M-1000-120-4	0	oracle	809	4	1	0	100	6619.33	200
700	xt-1M-1000-120-4	0	oracle	809	4	1	25	25	1490.78	600
700	xt-1M-1000-120-4	0	oracle	809	4	1	25	50	1091.97	300
700	xt-1M-1000-120-4	0	oracle	809	4	1	25	75	2160.71	100
700	xt-1M-1000-120-4	0	oracle	809	4	1	25	100	1575.11	100
700	xt-1M-1000-120-4	0	oracle	809	4	1	50	25	942.72	200
700	xt-1M-1000-120-4	0	oracle	809	4	1	50	50	1753.27	200
700	xt-1M-1000-120-4	0	oracle	809	4	1	50	75	1172.81	400
700	xt-1M-1000-120-4	0	oracle	809	4	1	50	100	800.19	100
700	xt-1M-1000-120-4	0	oracle	809	4	1	75	25	1348.5	200
700	xt-1M-1000-120-4	0	oracle	809	4	1	75	50	1261.55	100
700	xt-1M-1000-120-4	0	oracle	809	4	1	75	75	4829.3	300
700	xt-1M-1000-120-4	0	oracle	809	4	1	75	100	243.95	200
700	xt-1M-1000-120-4	0	oracle	809	4	1	100	25	3067.11	700
700	xt-1M-1000-120-4	0	oracle	809	4	1	100	50	5203.6	700
700	xt-1M-1000-120-4	0	oracle	809	4	1	100	75	13991.7	700
700	xt-1M-1000-120-4	0	oracle	809	4	1	100	100	172.06	200
700	xt-1M-1000-120-4	0	pgsql	749	4	0	25	25	14.6	400
700	xt-1M-1000-120-4	0	pgsql	749	4	0	25	50	14.45	700
700	xt-1M-1000-120-4	0	pgsql	749	4	0	25	75	12.72	200
700	xt-1M-1000-120-4	0	pgsql	749	4	0	25	100	11.28	100
700	xt-1M-1000-120-4	0	pgsql	749	4	0	50	25	8.15	100
700	xt-1M-1000-120-4	0	pgsql	749	4	0	50	50	6.87	100
700	xt-1M-1000-120-4	0	pgsql	749	4	0	50	75	12.15	200
700	xt-1M-1000-120-4	0	pgsql	749	4	0	50	100	7.06	100
700	xt-1M-1000-120-4	0	pgsql	749	4	0	75	25	7.53	300
700	xt-1M-1000-120-4	0	pgsql	749	4	0	75	50	6.37	200
700	xt-1M-1000-120-4	0	pgsql	749	4	0	75	75	8.85	600
700	xt-1M-1000-120-4	0	pgsql	749	4	0	75	100	5.84	300
700	xt-1M-1000-120-4	0	pgsql	749	4	0	100	25	4.63	100
700	xt-1M-1000-120-4	0	pgsql	749	4	0	100	50	6.14	100
700	xt-1M-1000-120-4	0	pgsql	749	4	0	100	75	5.06	200
700	xt-1M-1000-120-4	0	pgsql	749	4	0	100	100	3.76	800
700	xt-1M-1000-120-4	0	pgsql	749	4	.01	0	25	54640.27	100
700	xt-1M-1000-120-4	0	pgsql	749	4	.01	0	50	34572.73	1100
700	xt-1M-1000-120-4	0	pgsql	749	4	.01	0	75	43308.64	100
700	xt-1M-1000-120-4	0	pgsql	749	4	.01	0	100	36507.38	100
700	xt-1M-1000-120-4	0	pgsql	749	4	.01	25	25	58516.11	100
700	xt-1M-1000-120-4	0	pgsql	749	4	.01	25	50	59816.47	100
700	xt-1M-1000-120-4	0	pgsql	749	4	.01	25	75	58023.34	100
700	xt-1M-1000-120-4	0	pgsql	749	4	.01	25	100	44336.63	100
700	xt-1M-1000-120-4	0	pgsql	749	4	.01	50	25	58552.31	100
700	xt-1M-1000-120-4	0	pgsql	749	4	.01	50	50	48058.98	100
700	xt-1M-1000-120-4	0	pgsql	749	4	.01	50	75	56459.81	100
700	xt-1M-1000-120-4	0	pgsql	749	4	.01	50	100	39494.01	100
700	xt-1M-1000-120-4	0	pgsql	749	4	.01	75	25	60568.43	100
700	xt-1M-1000-120-4	0	pgsql	749	4	.01	75	50	46600.91	100
700	xt-1M-1000-120-4	0	pgsql	749	4	.01	75	75	54481.21	400
700	xt-1M-1000-120-4	0	pgsql	749	4	.01	75	100	68661.14	100
700	xt-1M-1000-120-4	0	pgsql	749	4	.01	100	25	53419.05	100
700	xt-1M-1000-120-4	0	pgsql	749	4	.01	100	50	59046.53	100
700	xt-1M-1000-120-4	0	pgsql	749	4	.01	100	75	46389.21	100
700	xt-1M-1000-120-4	0	pgsql	749	4	.01	100	100	60502.34	100
700	xt-1M-1000-120-4	0	pgsql	749	4	.1	0	25	48113.41	100
700	xt-1M-1000-120-4	0	pgsql	749	4	.1	0	50	43083.74	100
700	xt-1M-1000-120-4	0	pgsql	749	4	.1	0	75	29914.05	100
700	xt-1M-1000-120-4	0	pgsql	749	4	.1	0	100	35353.44	100
700	xt-1M-1000-120-4	0	pgsql	749	4	.1	25	25	56922.35	100
700	xt-1M-1000-120-4	0	pgsql	749	4	.1	25	50	58276.27	100
700	xt-1M-1000-120-4	0	pgsql	749	4	.1	25	75	42877.73	100
700	xt-1M-1000-120-4	0	pgsql	749	4	.1	25	100	47232.25	100
700	xt-1M-1000-120-4	0	pgsql	749	4	.1	50	25	42325.2	100
700	xt-1M-1000-120-4	0	pgsql	749	4	.1	50	50	52106.66	100
700	xt-1M-1000-120-4	0	pgsql	749	4	.1	50	75	53211.79	100
700	xt-1M-1000-120-4	0	pgsql	749	4	.1	50	100	59833.14	100
700	xt-1M-1000-120-4	0	pgsql	749	4	.1	75	25	53253.69	100
700	xt-1M-1000-120-4	0	pgsql	749	4	.1	75	50	58050.11	100
700	xt-1M-1000-120-4	0	pgsql	749	4	.1	75	75	55829.91	100
700	xt-1M-1000-120-4	0	pgsql	749	4	.1	75	100	53323.53	100
700	xt-1M-1000-120-4	0	pgsql	749	4	.1	100	25	45959.65	100
700	xt-1M-1000-120-4	0	pgsql	749	4	.1	100	50	40402.27	100
700	xt-1M-1000-120-4	0	pgsql	749	4	.1	100	75	60171.49	100
700	xt-1M-1000-120-4	0	pgsql	749	4	.1	100	100	53924.21	100
700	xt-1M-1000-120-4	0	pgsql	749	4	1	0	25	33763.8	100
700	xt-1M-1000-120-4	0	pgsql	749	4	1	0	50	39628.96	100
700	xt-1M-1000-120-4	0	pgsql	749	4	1	0	75	32772.7	100
700	xt-1M-1000-120-4	0	pgsql	749	4	1	0	100	31882.11	100
700	xt-1M-1000-120-4	0	pgsql	749	4	1	25	25	38210.24	100
700	xt-1M-1000-120-4	0	pgsql	749	4	1	25	50	54650.54	100
700	xt-1M-1000-120-4	0	pgsql	749	4	1	25	75	43309.7	100
700	xt-1M-1000-120-4	0	pgsql	749	4	1	25	100	36063.71	600
700	xt-1M-1000-120-4	0	pgsql	749	4	1	50	25	55583.57	100
700	xt-1M-1000-120-4	0	pgsql	749	4	1	50	50	54267.77	100
700	xt-1M-1000-120-4	0	pgsql	749	4	1	50	75	57092.16	100
700	xt-1M-1000-120-4	0	pgsql	749	4	1	50	100	53114.27	700
700	xt-1M-1000-120-4	0	pgsql	749	4	1	75	25	31274.65	100
700	xt-1M-1000-120-4	0	pgsql	749	4	1	75	50	46668.59	800
700	xt-1M-1000-120-4	0	pgsql	749	4	1	75	75	75083.35	100
700	xt-1M-1000-120-4	0	pgsql	749	4	1	75	100	76174.12	100
700	xt-1M-1000-120-4	0	pgsql	749	4	1	100	25	95660.91	1100
700	xt-1M-1000-120-4	0	pgsql	749	4	1	100	50	101008.51	1100
700	xt-1M-1000-120-4	0	pgsql	749	4	1	100	75	92593.86	1100
700	xt-1M-1000-120-4	0	pgsql	749	4	1	100	100	91325.24	1100
700	xt-1M-1000-120-8	0	oracle	1109	8	0	25	25	34.85	100
700	xt-1M-1000-120-8	0	oracle	1109	8	0	25	50	71.4	100
700	xt-1M-1000-120-8	0	oracle	1109	8	0	25	75	33.75	100
700	xt-1M-1000-120-8	0	oracle	1109	8	0	25	100	37.35	100
700	xt-1M-1000-120-8	0	oracle	1109	8	0	50	25	35.53	100
700	xt-1M-1000-120-8	0	oracle	1109	8	0	50	50	36.58	100
700	xt-1M-1000-120-8	0	oracle	1109	8	0	50	75	35.88	100
700	xt-1M-1000-120-8	0	oracle	1109	8	0	50	100	37.09	100
700	xt-1M-1000-120-8	0	oracle	1109	8	0	75	25	34.13	100
700	xt-1M-1000-120-8	0	oracle	1109	8	0	75	50	36.7	100
700	xt-1M-1000-120-8	0	oracle	1109	8	0	75	75	54.75	100
700	xt-1M-1000-120-8	0	oracle	1109	8	0	75	100	52.21	100
700	xt-1M-1000-120-8	0	oracle	1109	8	0	100	25	86.78	100
700	xt-1M-1000-120-8	0	oracle	1109	8	0	100	50	6.21	300
700	xt-1M-1000-120-8	0	pgsql	829	8	0	0	25	8.77	300
700	xt-1M-1000-120-8	0	pgsql	829	8	0	0	50	7.07	100
700	xt-1M-1000-120-8	0	pgsql	829	8	0	0	75	8.05	1100
700	xt-1M-1000-120-8	0	pgsql	829	8	0	0	100	7.02	700
700	xt-1M-1000-120-8	0	pgsql	829	8	0	25	25	5.04	200
700	xt-1M-1000-120-8	0	pgsql	829	8	0	25	50	6.28	400
700	xt-1M-1000-120-8	0	pgsql	829	8	0	25	75	3.63	600
700	xt-1M-1000-120-8	0	pgsql	829	8	0	25	100	4.47	200
700	xt-1M-1000-120-8	0	pgsql	829	8	0	50	25	4.4	200
700	xt-1M-1000-120-8	0	pgsql	829	8	0	50	50	9.7	400
700	xt-1M-1000-120-8	0	pgsql	829	8	0	50	75	7.63	200
700	xt-1M-1000-120-8	0	pgsql	829	8	0	50	100	7.04	200
700	xt-1M-1000-120-8	0	pgsql	829	8	0	75	25	5.8	200
700	xt-1M-1000-120-8	0	pgsql	829	8	0	75	50	4.77	200
700	xt-1M-1000-120-8	0	pgsql	829	8	0	75	75	6.29	100
700	xt-1M-1000-120-8	0	pgsql	829	8	0	75	100	6.59	200
700	xt-1M-1000-120-8	0	pgsql	829	8	0	100	25	8.86	400
700	xt-1M-1000-120-8	0	pgsql	829	8	0	100	50	13	200
700	xt-1M-1000-120-8	0	pgsql	829	8	0	100	75	7.58	200
700	xt-1M-1000-120-8	0	pgsql	829	8	0	100	100	15.53	200
700	xt-1M-1000-120-8	0	pgsql	829	8	.01	0	25	36708.36	600
700	xt-1M-1000-120-8	0	pgsql	829	8	.01	0	50	25670.23	500
700	xt-1M-1000-120-8	0	pgsql	829	8	.01	0	75	45655.19	600
700	xt-1M-1000-120-8	0	pgsql	829	8	.01	0	100	47563.68	1100
700	xt-1M-1000-120-8	0	pgsql	829	8	.01	25	25	54634.01	500
700	xt-1M-1000-120-8	0	pgsql	829	8	.01	25	50	56046.05	500
700	xt-1M-1000-120-8	0	pgsql	829	8	.01	25	75	62974.76	100
700	xt-1M-1000-120-8	0	pgsql	829	8	.01	25	100	35781.85	500
700	xt-1M-1000-120-8	0	pgsql	829	8	.01	50	25	62046.21	500
700	xt-1M-1000-120-8	0	pgsql	829	8	.01	50	50	61160.27	1100
700	xt-1M-1000-120-8	0	pgsql	829	8	.01	50	75	57230.77	100
700	xt-1M-1000-120-8	0	pgsql	829	8	.01	50	100	34211.09	200
700	xt-1M-1000-120-8	0	pgsql	829	8	.01	75	25	57199.75	100
700	xt-1M-1000-120-8	0	pgsql	829	8	.01	75	50	54764.83	100
700	xt-1M-1000-120-8	0	pgsql	829	8	.01	75	75	48852.76	100
700	xt-1M-1000-120-8	0	pgsql	829	8	.01	75	100	43913.65	200
700	xt-1M-1000-120-8	0	pgsql	829	8	.01	100	25	47767.44	100
700	xt-1M-1000-120-8	0	pgsql	829	8	.01	100	50	46147.82	200
700	xt-1M-1000-120-8	0	pgsql	829	8	.01	100	75	44474.28	100
700	xt-1M-1000-120-8	0	pgsql	829	8	.01	100	100	52486.15	1100
700	xt-1M-1000-120-8	0	pgsql	829	8	.1	0	25	27497.02	500
700	xt-1M-1000-120-8	0	pgsql	829	8	.1	0	50	48507.26	800
700	xt-1M-1000-120-8	0	pgsql	829	8	.1	0	75	36408.76	700
700	xt-1M-1000-120-8	0	pgsql	829	8	.1	0	100	26140.71	500
700	xt-1M-1000-120-8	0	pgsql	829	8	.1	25	25	55155.88	600
700	xt-1M-1000-120-8	0	pgsql	829	8	.1	25	50	65734.34	1100
700	xt-1M-1000-120-8	0	pgsql	829	8	.1	25	75	50247.86	400
700	xt-1M-1000-120-8	0	pgsql	829	8	.1	25	100	40093.74	500
700	xt-1M-1000-120-8	0	pgsql	829	8	.1	50	25	63414.38	500
700	xt-1M-1000-120-8	0	pgsql	829	8	.1	50	50	65440.73	600
700	xt-1M-1000-120-8	0	pgsql	829	8	.1	50	75	65517.74	800
700	xt-1M-1000-120-8	0	pgsql	829	8	.1	50	100	58635.34	200
700	xt-1M-1000-120-8	0	pgsql	829	8	.1	75	25	64448.85	100
700	xt-1M-1000-120-8	0	pgsql	829	8	.1	75	50	55265.83	100
700	xt-1M-1000-120-8	0	pgsql	829	8	.1	75	75	55937.59	100
700	xt-1M-1000-120-8	0	pgsql	829	8	.1	75	100	62653.66	100
700	xt-1M-1000-120-8	0	pgsql	829	8	.1	100	25	52436.76	100
700	xt-1M-1000-120-8	0	pgsql	829	8	.1	100	50	47371.62	100
700	xt-1M-1000-120-8	0	pgsql	829	8	.1	100	75	48500.4	100
700	xt-1M-1000-120-8	0	pgsql	829	8	.1	100	100	38448.52	100
700	xt-1M-1000-120-8	0	pgsql	829	8	1	0	25	40065.48	100
700	xt-1M-1000-120-8	0	pgsql	829	8	1	0	50	29578.55	100
700	xt-1M-1000-120-8	0	pgsql	829	8	1	0	75	39904.59	100
700	xt-1M-1000-120-8	0	pgsql	829	8	1	0	100	20093.19	100
700	xt-1M-1000-120-8	0	pgsql	829	8	1	25	25	28303.47	100
700	xt-1M-1000-120-8	0	pgsql	829	8	1	25	50	43810.74	100
700	xt-1M-1000-120-8	0	pgsql	829	8	1	25	75	60465	100
700	xt-1M-1000-120-8	0	pgsql	829	8	1	25	100	34853.09	400
700	xt-1M-1000-120-8	0	pgsql	829	8	1	50	25	84050.88	100
700	xt-1M-1000-120-8	0	pgsql	829	8	1	50	50	61966.05	100
700	xt-1M-1000-120-8	0	pgsql	829	8	1	75	50	73217.96	100
700	xt-1M-1000-120-8	0	pgsql	829	8	1	75	75	71548.77	100
700	xt-1M-1000-120-8	0	pgsql	829	8	1	75	100	75983.48	100
700	xt-1M-1000-120-8	0	pgsql	829	8	1	100	25	78538.02	1100
700	xt-1M-1000-120-8	0	pgsql	829	8	1	100	50	62528.5	100
700	xt-1M-1000-120-8	0	pgsql	829	8	1	100	75	83127.91	100
700	xt-1M-1000-120-8	0	pgsql	829	8	1	100	100	74847.23	1100
700	xt-30K-1000-120-1	0	mysql	609	1	0	0	25	19519.85	1100
700	xt-30K-1000-120-1	0	mysql	609	1	0	0	50	19626.81	1100
700	xt-30K-1000-120-1	0	mysql	609	1	0	0	75	19736.92	1100
700	xt-30K-1000-120-1	0	mysql	609	1	0	0	100	19867.71	1100
700	xt-30K-1000-120-1	0	mysql	609	1	0	25	25	19549.76	1100
700	xt-30K-1000-120-1	0	mysql	609	1	0	25	50	19619.23	1100
700	xt-30K-1000-120-1	0	mysql	609	1	0	25	75	19731.48	1100
700	xt-30K-1000-120-1	0	mysql	609	1	0	25	100	19956.97	1100
700	xt-30K-1000-120-1	0	mysql	609	1	0	50	25	19464.66	1100
700	xt-30K-1000-120-1	0	mysql	609	1	0	50	50	19528.7	1100
700	xt-30K-1000-120-1	0	mysql	609	1	0	50	75	19787.59	1100
700	xt-30K-1000-120-1	0	mysql	609	1	0	50	100	19791.82	1100
700	xt-30K-1000-120-1	0	mysql	609	1	0	75	25	19500.56	1100
700	xt-30K-1000-120-1	0	mysql	609	1	0	75	50	19710.46	1100
700	xt-30K-1000-120-1	0	mysql	609	1	0	75	75	19794.29	1100
700	xt-30K-1000-120-1	0	mysql	609	1	0	75	100	19796.49	1100
700	xt-30K-1000-120-1	0	mysql	609	1	0	100	25	19566.06	1100
700	xt-30K-1000-120-1	0	mysql	609	1	0	100	50	19556.08	1100
700	xt-30K-1000-120-1	0	mysql	609	1	0	100	75	19899	1100
700	xt-30K-1000-120-1	0	mysql	609	1	0	100	100	19801.78	1100
700	xt-30K-1000-120-1	0	mysql	609	1	.01	0	25	3912.84	1100
700	xt-30K-1000-120-1	0	mysql	609	1	.01	0	50	3996.74	1100
700	xt-30K-1000-120-1	0	mysql	609	1	.01	0	75	3922.36	1100
700	xt-30K-1000-120-1	0	mysql	609	1	.01	0	100	3791.47	1100
700	xt-30K-1000-120-1	0	mysql	609	1	.01	25	25	22164.85	1100
700	xt-30K-1000-120-1	0	mysql	609	1	.01	25	50	22157.82	1100
700	xt-30K-1000-120-1	0	mysql	609	1	.01	25	75	21971	1100
700	xt-30K-1000-120-1	0	mysql	609	1	.01	25	100	21818.12	1100
700	xt-30K-1000-120-1	0	mysql	609	1	.01	50	25	22683.61	1100
700	xt-30K-1000-120-1	0	mysql	609	1	.01	50	50	22579.28	1100
700	xt-30K-1000-120-1	0	mysql	609	1	.01	50	75	22600.08	1100
700	xt-30K-1000-120-1	0	mysql	609	1	.01	50	100	22523.69	1100
700	xt-30K-1000-120-1	0	mysql	609	1	.01	75	25	22734.99	1100
700	xt-30K-1000-120-1	0	mysql	609	1	.01	75	50	22769.45	1100
700	xt-30K-1000-120-1	0	mysql	609	1	.01	75	75	22621.41	1100
700	xt-30K-1000-120-1	0	mysql	609	1	.01	75	100	22491.56	1100
700	xt-30K-1000-120-1	0	mysql	609	1	.01	100	25	22860.85	1100
700	xt-30K-1000-120-1	0	mysql	609	1	.01	100	50	22669.27	1100
700	xt-30K-1000-120-1	0	mysql	609	1	.01	100	75	22658.26	1100
700	xt-30K-1000-120-1	0	mysql	609	1	.01	100	100	22483.84	1100
700	xt-30K-1000-120-1	0	mysql	609	1	.1	0	25	4029.86	1100
700	xt-30K-1000-120-1	0	mysql	609	1	.1	0	50	4277.78	1100
700	xt-30K-1000-120-1	0	mysql	609	1	.1	0	75	4042.42	1100
700	xt-30K-1000-120-1	0	mysql	609	1	.1	0	100	3752.47	1100
700	xt-30K-1000-120-1	0	mysql	609	1	.1	25	25	22736.77	1100
700	xt-30K-1000-120-1	0	mysql	609	1	.1	25	50	22731.65	1100
700	xt-30K-1000-120-1	0	mysql	609	1	.1	25	75	22586.02	1100
700	xt-30K-1000-120-1	0	mysql	609	1	.1	25	100	22629.5	1100
700	xt-30K-1000-120-1	0	mysql	609	1	.1	50	25	22900.22	1100
700	xt-30K-1000-120-1	0	mysql	609	1	.1	50	50	22757.05	1100
700	xt-30K-1000-120-1	0	mysql	609	1	.1	50	75	22594.17	1100
700	xt-30K-1000-120-1	0	mysql	609	1	.1	50	100	22673.28	1100
700	xt-30K-1000-120-1	0	mysql	609	1	.1	75	25	23035.01	1100
700	xt-30K-1000-120-1	0	mysql	609	1	.1	75	50	22769.07	1100
700	xt-30K-1000-120-1	0	mysql	609	1	.1	75	75	22648.29	1100
700	xt-30K-1000-120-1	0	mysql	609	1	.1	75	100	22660.22	1100
700	xt-30K-1000-120-1	0	mysql	609	1	.1	100	25	23575.63	1100
700	xt-30K-1000-120-1	0	mysql	609	1	.1	100	50	23240.72	1100
700	xt-30K-1000-120-1	0	mysql	609	1	.1	100	75	23042.86	1100
700	xt-30K-1000-120-1	0	mysql	609	1	.1	100	100	22870.61	1100
700	xt-30K-1000-120-1	0	mysql	609	1	1	0	25	5024.5	1100
700	xt-30K-1000-120-1	0	mysql	609	1	1	0	50	4747.08	1100
700	xt-30K-1000-120-1	0	mysql	609	1	1	0	75	4658.06	1100
700	xt-30K-1000-120-1	0	mysql	609	1	1	0	100	4805.08	1100
700	xt-30K-1000-120-1	0	mysql	609	1	1	25	25	23954.97	1100
700	xt-30K-1000-120-1	0	mysql	609	1	1	25	50	23731.17	1100
700	xt-30K-1000-120-1	0	mysql	609	1	1	25	75	23744.43	1100
700	xt-30K-1000-120-1	0	mysql	609	1	1	25	100	23609.61	1100
700	xt-30K-1000-120-1	0	mysql	609	1	1	50	25	24888.77	1100
700	xt-30K-1000-120-1	0	mysql	609	1	1	50	50	24437	1100
700	xt-30K-1000-120-1	0	mysql	609	1	1	50	75	24222.25	1100
700	xt-30K-1000-120-1	0	mysql	609	1	1	50	100	24226.96	1100
700	xt-30K-1000-120-1	0	mysql	609	1	1	75	25	25177.48	1100
700	xt-30K-1000-120-1	0	mysql	609	1	1	75	50	24873.23	1100
700	xt-30K-1000-120-1	0	mysql	609	1	1	75	75	24853.92	1100
700	xt-30K-1000-120-1	0	mysql	609	1	1	75	100	24940.55	1100
700	xt-30K-1000-120-1	0	mysql	609	1	1	100	25	25861.03	1100
700	xt-30K-1000-120-1	0	mysql	609	1	1	100	50	25623.79	1100
700	xt-30K-1000-120-1	0	mysql	609	1	1	100	75	25787.91	1100
700	xt-30K-1000-120-1	0	mysql	609	1	1	100	100	25411.16	1100
700	xt-30K-1000-120-1	0	sqlserver	611	1	0	0	25	33847.28	600
700	xt-30K-1000-120-1	0	sqlserver	611	1	0	0	50	35335.75	600
700	xt-30K-1000-120-1	0	sqlserver	611	1	0	0	75	38638.3	600
700	xt-30K-1000-120-1	0	sqlserver	611	1	0	0	100	35387.51	600
700	xt-30K-1000-120-1	0	sqlserver	611	1	0	25	25	31747.51	600
700	xt-30K-1000-120-1	0	sqlserver	611	1	0	25	50	33148.79	600
700	xt-30K-1000-120-1	0	sqlserver	611	1	0	25	75	35891.63	600
700	xt-30K-1000-120-1	0	sqlserver	611	1	0	25	100	33440.01	600
700	xt-30K-1000-120-1	0	sqlserver	611	1	0	50	25	33067.34	600
700	xt-30K-1000-120-1	0	sqlserver	611	1	0	50	50	36787.61	600
700	xt-30K-1000-120-1	0	sqlserver	611	1	0	50	75	36229.69	600
700	xt-30K-1000-120-1	0	sqlserver	611	1	0	50	100	39633.97	600
700	xt-30K-1000-120-1	0	sqlserver	611	1	0	75	25	35401.36	600
700	xt-30K-1000-120-1	0	sqlserver	611	1	0	75	50	34347.57	600
700	xt-30K-1000-120-1	0	sqlserver	611	1	0	75	75	35888.16	600
700	xt-30K-1000-120-1	0	sqlserver	611	1	0	75	100	40724.47	600
700	xt-30K-1000-120-1	0	sqlserver	611	1	0	100	25	34564.89	600
700	xt-30K-1000-120-1	0	sqlserver	611	1	0	100	50	35179.18	600
700	xt-30K-1000-120-1	0	sqlserver	611	1	0	100	75	35952.85	600
700	xt-30K-1000-120-1	0	sqlserver	611	1	0	100	100	35763.57	600
700	xt-30K-1000-120-1	0	sqlserver	611	1	.01	0	25	14178.85	700
700	xt-30K-1000-120-1	0	sqlserver	611	1	.01	0	50	12699.89	700
700	xt-30K-1000-120-1	0	sqlserver	611	1	.01	0	75	13056.26	600
700	xt-30K-1000-120-1	0	sqlserver	611	1	.01	0	100	12511.12	600
700	xt-30K-1000-120-1	0	sqlserver	611	1	.01	25	25	67752.08	500
700	xt-30K-1000-120-1	0	sqlserver	611	1	.01	25	50	63056.01	500
700	xt-30K-1000-120-1	0	sqlserver	611	1	.01	25	75	64235.92	500
700	xt-30K-1000-120-1	0	sqlserver	611	1	.01	25	100	64224.19	500
700	xt-30K-1000-120-1	0	sqlserver	611	1	.01	50	25	66159.39	500
700	xt-30K-1000-120-1	0	sqlserver	611	1	.01	50	50	65145.78	500
700	xt-30K-1000-120-1	0	sqlserver	611	1	.01	50	75	62194.64	500
700	xt-30K-1000-120-1	0	sqlserver	611	1	.01	50	100	62905.64	500
700	xt-30K-1000-120-1	0	sqlserver	611	1	.01	75	25	63719.5	500
700	xt-30K-1000-120-1	0	sqlserver	611	1	.01	75	50	65654.8	500
700	xt-30K-1000-120-1	0	sqlserver	611	1	.01	75	75	65894.89	500
700	xt-30K-1000-120-1	0	sqlserver	611	1	.01	75	100	63907.72	500
700	xt-30K-1000-120-1	0	sqlserver	611	1	.01	100	25	66384.52	500
700	xt-30K-1000-120-1	0	sqlserver	611	1	.01	100	50	55862.53	500
700	xt-30K-1000-120-1	0	sqlserver	611	1	.01	100	75	64974.03	500
700	xt-30K-1000-120-1	0	sqlserver	611	1	.01	100	100	56080.17	600
700	xt-30K-1000-120-1	0	sqlserver	611	1	.1	0	25	16723.19	700
700	xt-30K-1000-120-1	0	sqlserver	611	1	.1	0	50	13051.51	700
700	xt-30K-1000-120-1	0	sqlserver	611	1	.1	0	75	10201.63	700
700	xt-30K-1000-120-1	0	sqlserver	611	1	.1	0	100	15759.88	600
700	xt-30K-1000-120-1	0	sqlserver	611	1	.1	25	25	57221.34	600
700	xt-30K-1000-120-1	0	sqlserver	611	1	.1	25	50	64465.92	500
700	xt-30K-1000-120-1	0	sqlserver	611	1	.1	25	75	66691.8	500
700	xt-30K-1000-120-1	0	sqlserver	611	1	.1	25	100	61831.9	500
700	xt-30K-1000-120-1	0	sqlserver	611	1	.1	50	25	65382.23	500
700	xt-30K-1000-120-1	0	sqlserver	611	1	.1	50	50	61865.12	500
700	xt-30K-1000-120-1	0	sqlserver	611	1	.1	50	75	65442.76	500
700	xt-30K-1000-120-1	0	sqlserver	611	1	.1	50	100	64208.87	500
700	xt-30K-1000-120-1	0	sqlserver	611	1	.1	75	25	64412.68	500
700	xt-30K-1000-120-1	0	sqlserver	611	1	.1	75	50	63127.46	500
700	xt-30K-1000-120-1	0	sqlserver	611	1	.1	75	75	65501.34	500
700	xt-30K-1000-120-1	0	sqlserver	611	1	.1	75	100	63026.79	500
700	xt-30K-1000-120-1	0	sqlserver	611	1	.1	100	25	56977.86	500
700	xt-30K-1000-120-1	0	sqlserver	611	1	.1	100	50	61464.32	500
700	xt-30K-1000-120-1	0	sqlserver	611	1	.1	100	75	62433.34	500
700	xt-30K-1000-120-1	0	sqlserver	611	1	.1	100	100	63141.97	500
700	xt-30K-1000-120-1	0	sqlserver	611	1	1	0	25	13536.98	600
700	xt-30K-1000-120-1	0	sqlserver	611	1	1	0	50	14970.41	600
700	xt-30K-1000-120-1	0	sqlserver	611	1	1	0	75	14649.72	700
700	xt-30K-1000-120-1	0	sqlserver	611	1	1	0	100	14490.89	700
700	xt-30K-1000-120-1	0	sqlserver	611	1	1	25	25	60233.6	500
700	xt-30K-1000-120-1	0	sqlserver	611	1	1	25	50	61421.65	500
700	xt-30K-1000-120-1	0	sqlserver	611	1	1	25	75	64853.58	500
700	xt-30K-1000-120-1	0	sqlserver	611	1	1	25	100	61717.68	500
700	xt-30K-1000-120-1	0	sqlserver	611	1	1	50	25	61928.72	500
700	xt-30K-1000-120-1	0	sqlserver	611	1	1	50	50	62781.42	500
700	xt-30K-1000-120-1	0	sqlserver	611	1	1	50	75	64741.45	500
700	xt-30K-1000-120-1	0	sqlserver	611	1	1	50	100	54155.5	500
700	xt-30K-1000-120-1	0	sqlserver	611	1	1	75	25	66456.11	500
700	xt-30K-1000-120-1	0	sqlserver	611	1	1	75	50	54521.83	600
700	xt-30K-1000-120-1	0	sqlserver	611	1	1	75	75	60284	500
700	xt-30K-1000-120-1	0	sqlserver	611	1	1	75	100	64876.54	500
700	xt-30K-1000-120-1	0	sqlserver	611	1	1	100	25	66688.38	500
700	xt-30K-1000-120-1	0	sqlserver	611	1	1	100	50	62097.82	500
700	xt-30K-1000-120-1	0	sqlserver	611	1	1	100	75	62225.82	500
700	xt-30K-1000-120-1	0	sqlserver	611	1	1	100	100	64890.72	500
700	xt-30K-1000-120-2	0	sqlserver	989	2	0	25	25	146.6	700
700	xt-30K-1000-120-2	0	sqlserver	989	2	0	25	50	97.83	700
700	xt-30K-1000-120-2	0	sqlserver	989	2	0	25	75	108.02	300
700	xt-30K-1000-120-2	0	sqlserver	989	2	0	25	100	110.18	100
700	xt-30K-1000-120-2	0	sqlserver	989	2	0	50	25	103.44	600
700	xt-30K-1000-120-2	0	sqlserver	989	2	0	50	50	176.46	700
700	xt-30K-1000-120-2	0	sqlserver	989	2	0	50	75	208.78	700
700	xt-30K-1000-120-2	0	sqlserver	989	2	0	50	100	210.07	700
700	xt-30K-1000-120-2	0	sqlserver	989	2	0	75	25	188.15	700
700	xt-30K-1000-120-2	0	sqlserver	989	2	0	75	50	196.08	700
700	xt-30K-1000-120-2	0	sqlserver	989	2	0	75	75	185.54	700
700	xt-30K-1000-120-2	0	sqlserver	989	2	0	75	100	192.55	700
700	xt-30K-1000-120-2	0	sqlserver	989	2	0	100	25	171.83	700
700	xt-30K-1000-120-2	0	sqlserver	989	2	0	100	50	115.29	300
700	xt-30K-1000-120-2	0	sqlserver	989	2	0	100	75	117.03	300
700	xt-30K-1000-120-2	0	sqlserver	989	2	0	100	100	134.1	100
700	xt-30K-1000-120-2	0	sqlserver	989	2	.01	0	25	111.53	200
700	xt-30K-1000-120-2	0	sqlserver	989	2	.01	0	50	111.57	200
700	xt-30K-1000-120-2	0	sqlserver	989	2	.01	0	75	108.61	100
700	xt-30K-1000-120-2	0	sqlserver	989	2	.01	0	100	107.37	100
700	xt-30K-1000-120-2	0	sqlserver	989	2	.01	25	25	1827.34	600
700	xt-30K-1000-120-2	0	sqlserver	989	2	.01	25	50	2017.95	600
700	xt-30K-1000-120-2	0	sqlserver	989	2	.01	25	75	2183.65	700
700	xt-30K-1000-120-2	0	sqlserver	989	2	.01	25	100	1749.18	600
700	xt-30K-1000-120-2	0	sqlserver	989	2	.01	50	25	177.39	100
700	xt-30K-1000-120-2	0	sqlserver	989	2	.01	50	50	192.07	200
700	xt-30K-1000-120-2	0	sqlserver	989	2	.01	50	75	206.85	100
700	xt-30K-1000-120-2	0	sqlserver	989	2	.01	50	100	201.47	100
700	xt-30K-1000-120-2	0	sqlserver	989	2	.01	75	25	189.13	100
700	xt-30K-1000-120-2	0	sqlserver	989	2	.01	75	50	184.25	100
700	xt-30K-1000-120-2	0	sqlserver	989	2	.01	75	75	190.26	100
700	xt-30K-1000-120-2	0	sqlserver	989	2	.01	75	100	203.71	200
700	xt-30K-1000-120-2	0	sqlserver	989	2	.01	100	25	178.57	100
700	xt-30K-1000-120-2	0	sqlserver	989	2	.01	100	50	211.61	200
700	xt-30K-1000-120-2	0	sqlserver	989	2	.01	100	75	191.93	600
700	xt-30K-1000-120-2	0	sqlserver	989	2	.01	100	100	202.35	100
700	xt-30K-1000-120-2	0	sqlserver	989	2	.1	0	25	107.6	200
700	xt-30K-1000-120-2	0	sqlserver	989	2	.1	0	50	107.53	1100
700	xt-30K-1000-120-2	0	sqlserver	989	2	.1	0	75	109.45	200
700	xt-30K-1000-120-2	0	sqlserver	989	2	.1	0	100	108.08	100
700	xt-30K-1000-120-2	0	sqlserver	989	2	.1	25	25	165.58	100
700	xt-30K-1000-120-2	0	sqlserver	989	2	.1	25	50	198.04	100
700	xt-30K-1000-120-2	0	sqlserver	989	2	.1	25	75	185.12	100
700	xt-30K-1000-120-2	0	sqlserver	989	2	.1	25	100	194.66	200
700	xt-30K-1000-120-2	0	sqlserver	989	2	.1	50	25	189.05	100
700	xt-30K-1000-120-2	0	sqlserver	989	2	.1	50	50	176.38	200
700	xt-30K-1000-120-2	0	sqlserver	989	2	.1	50	75	181.54	200
700	xt-30K-1000-120-2	0	sqlserver	989	2	.1	50	100	191.5	200
700	xt-30K-1000-120-2	0	sqlserver	989	2	.1	75	25	184.91	100
700	xt-30K-1000-120-2	0	sqlserver	989	2	.1	75	50	181.06	100
700	xt-30K-1000-120-2	0	sqlserver	989	2	.1	75	75	213.12	500
700	xt-30K-1000-120-2	0	sqlserver	989	2	.1	75	100	192.29	500
700	xt-30K-1000-120-2	0	sqlserver	989	2	.1	100	25	191.39	700
700	xt-30K-1000-120-2	0	sqlserver	989	2	.1	100	50	175.29	200
700	xt-30K-1000-120-2	0	sqlserver	989	2	.1	100	75	188.46	100
700	xt-30K-1000-120-2	0	sqlserver	989	2	.1	100	100	214.91	100
700	xt-30K-1000-120-2	0	sqlserver	989	2	1	0	25	108.87	100
700	xt-30K-1000-120-2	0	sqlserver	989	2	1	0	50	109.33	100
700	xt-30K-1000-120-2	0	sqlserver	989	2	1	0	75	97.74	100
700	xt-30K-1000-120-2	0	sqlserver	989	2	1	0	100	105.25	300
700	xt-30K-1000-120-2	0	sqlserver	989	2	1	25	25	166.24	600
700	xt-30K-1000-120-2	0	sqlserver	989	2	1	25	50	202.72	700
700	xt-30K-1000-120-2	0	sqlserver	989	2	1	25	75	188.95	100
700	xt-30K-1000-120-2	0	sqlserver	989	2	1	25	100	158.09	200
700	xt-30K-1000-120-2	0	sqlserver	989	2	1	50	25	157.86	100
700	xt-30K-1000-120-2	0	sqlserver	989	2	1	50	50	142.12	200
700	xt-30K-1000-120-2	0	sqlserver	989	2	1	50	75	154	100
700	xt-30K-1000-120-2	0	sqlserver	989	2	1	50	100	157.89	100
700	xt-30K-1000-120-2	0	sqlserver	989	2	1	75	25	127.28	200
700	xt-30K-1000-120-2	0	sqlserver	989	2	1	75	50	145.75	100
700	xt-30K-1000-120-2	0	sqlserver	989	2	1	75	75	145.34	100
700	xt-30K-1000-120-2	0	sqlserver	989	2	1	75	100	174	100
700	xt-30K-1000-120-2	0	sqlserver	989	2	1	100	25	137.42	200
700	xt-30K-1000-120-2	0	sqlserver	989	2	1	100	50	118.71	100
700	xt-30K-1000-120-2	0	sqlserver	989	2	1	100	75	150.09	100
700	xt-30K-1000-120-2	0	sqlserver	989	2	1	100	100	160.79	100
700	xt-30K-1000-120-4	0	sqlserver	1169	4	0	25	25	37.67	800
