DBMS	EXPERIMENTNAME	RUNID	BATCHSETID	PK	NUMPROCESSORS	ACTROWPOOL	PCTREAD	PCTUPDATE	ATP	MAXMPL
db2	pk-xt-1M-1000-120-1	1351	7207	1	1	0.25	0	0.25	0.000422467270416254	1
db2	pk-xt-1M-1000-120-1	1351	7246	1	1	0.5	0	0.25	0.000426182504707478	1
db2	pk-xt-1M-1000-120-1	1351	7286	1	1	0.75	0	0.25	0.000514706812316107	1
db2	pk-xt-1M-1000-120-1	1351	7306	1	1	1	0	0.25	0.000520480485559106	1
db2	pk-xt-1M-1000-120-1	1351	7327	1	1	0.25	0	0.5	0.000466135466721347	1
db2	pk-xt-1M-1000-120-1	1351	7366	1	1	0.5	0	0.5	0.000496013806412875	1
db2	pk-xt-1M-1000-120-1	1351	7406	1	1	0.75	0	0.5	0.000547251907558565	1
db2	pk-xt-1M-1000-120-1	1351	7427	1	1	1	0	0.5	0.000586664960112821	1
db2	pk-xt-1M-1000-120-1	1351	7467	1	1	0.25	0	0.75	0.000431117270918264	1
db2	pk-xt-1M-1000-120-1	1351	7506	1	1	0.5	0	0.75	0.000463302168137126	1
db2	pk-xt-1M-1000-120-1	1351	7546	1	1	0.75	0	0.75	0.000500876829103391	1
db2	pk-xt-1M-1000-120-1	1351	7587	1	1	1	0	0.75	0.000567507241644152	1
db2	pk-xt-1M-1000-120-1	1351	7627	1	1	0.25	0	1	0.000455163540593829	1
db2	pk-xt-1M-1000-120-1	1351	7666	1	1	0.5	0	1	0.000370387976461171	1
db2	pk-xt-1M-1000-120-1	1351	7686	1	1	0.75	0	1	0.000443391373309185	1
db2	pk-xt-1M-1000-120-1	1351	7706	1	1	1	0	1	0.000510592082524172	0.0909090909090909
db2	pk-xt-1M-1000-120-1	1351	7726	1	1	0.25	0.01	0	0.000281402439675459	1
db2	pk-xt-1M-1000-120-1	1351	7747	1	1	0.5	0.01	0	0.000434822825953146	1
db2	pk-xt-1M-1000-120-1	1351	7766	1	1	0.75	0.01	0	0.000267116151796781	0.636363636363636
db2	pk-xt-1M-1000-120-1	1351	7786	1	1	1	0.01	0	0.000334573736738258	0.181818181818182
db2	pk-xt-1M-1000-120-1	1351	8126	1	1	0.25	0.1	0	0.000473992534163591	1
db2	pk-xt-1M-1000-120-1	1351	8146	1	1	0.5	0.1	0	0.000305896160619571	1
db2	pk-xt-1M-1000-120-1	1351	8166	1	1	0.75	0.1	0	0.000267729187713083	0.727272727272727
db2	pk-xt-1M-1000-120-1	1351	8186	1	1	1	0.1	0	0.000435091347813186	1
db2	pk-xt-1M-1000-120-1	1351	8526	1	1	0.25	1	0	0.000328830831594609	1
db2	pk-xt-1M-1000-120-1	1351	8547	1	1	0.5	1	0	0.000273976581670163	0.272727272727273
db2	pk-xt-1M-1000-120-1	1351	8567	1	1	0.75	1	0	0.000330972538846428	0.181818181818182
db2	pk-xt-1M-1000-120-1	1351	8586	1	1	1	1	0	0.000316023546173591	0.0909090909090909
db2	pk-xt-1M-1000-120-2	1710	9266	1	2	0.25	0	0.25	0.000202558767807436	1
db2	pk-xt-1M-1000-120-2	1710	9305	1	2	0.5	0	0.25	0.000294772982475736	0.454545454545455
db2	pk-xt-1M-1000-120-2	1710	9306	1	2	0.75	0	0.25	0.000271982669258202	0.636363636363636
db2	pk-xt-1M-1000-120-2	1710	9308	1	2	1	0	0.25	0.00034199016876388	0.272727272727273
db2	pk-xt-1M-1000-120-2	1710	9310	1	2	0.25	0	0.5	0.000278277586110873	0.545454545454545
db2	pk-xt-1M-1000-120-2	1710	9312	1	2	0.5	0	0.5	0.000835672631399792	1
db2	pk-xt-1M-1000-120-2	1710	9313	1	2	0.75	0	0.5	0.0011543925404519	1
db2	pk-xt-1M-1000-120-2	1710	9315	1	2	1	0	0.5	0.000598785931363825	1
db2	pk-xt-1M-1000-120-2	1710	9329	1	2	0.25	0	1	0.000593600221631251	1
db2	pk-xt-1M-1000-120-2	1710	9434	1	2	0.5	0.01	0	6.24501982204362	1
db2	pk-xt-1M-1000-120-2	1710	9436	1	2	0.75	0.01	0	5.74534563594208	1
db2	pk-xt-1M-1000-120-2	1710	9439	1	2	1	0.01	0	37.3435574261726	1
db2	pk-xt-1M-1000-120-2	1710	9441	1	2	0.25	0.1	0	0.0401653722789885	1
db2	pk-xt-1M-1000-120-2	1710	9443	1	2	0.5	0.1	0	0.0312908830841213	0.454545454545455
db2	pk-xt-1M-1000-120-2	1710	9445	1	2	0.75	0.1	0	0.0797092922992058	0.181818181818182
db2	pk-xt-1M-1000-120-2	1710	9447	1	2	1	0.1	0	0.01565592397822	1
db2	pk-xt-1M-1000-120-4	1630	8686	1	4	0.25	0	0.25	9.87173735268704e-05	0.636363636363636
db2	pk-xt-1M-1000-120-4	1630	9413	1	4	1	0	0.25	8.54037114765608e-05	1
db2	pk-xt-1M-1000-120-4	1630	9415	1	4	0.25	0	0.5	0.000313046030714515	1
db2	pk-xt-1M-1000-120-4	1630	9417	1	4	0.5	0	0.5	0.000327600801334215	1
db2	pk-xt-1M-1000-120-4	1630	9418	1	4	0.75	0	0.5	0.000346112703114195	1
db2	pk-xt-1M-1000-120-4	1630	9420	1	4	1	0	0.5	0.000358619294347855	1
db2	pk-xt-1M-1000-120-4	1630	9422	1	4	0.25	0	0.75	0.000308267296379253	1
db2	pk-xt-1M-1000-120-4	1630	9424	1	4	0.5	0	0.75	0.000307980062326296	1
db2	pk-xt-1M-1000-120-4	1630	9426	1	4	0.75	0	0.75	0.00030502834791827	1
db2	pk-xt-1M-1000-120-4	1630	9427	1	4	1	0	0.75	0.000299457022687239	1
db2	pk-xt-1M-1000-120-4	1630	9429	1	4	0.25	0	1	0.000305674538593685	1
db2	pk-xt-1M-1000-120-4	1630	9431	1	4	0.5	0	1	0.000298234469330315	1
db2	pk-xt-1M-1000-120-4	1630	9433	1	4	0.75	0	1	0.000309776850735113	1
db2	pk-xt-1M-1000-120-4	1630	9435	1	4	1	0	1	0.000318468645679486	1
db2	pk-xt-1M-1000-120-4	1630	9438	1	4	0.25	0.01	0	0.291949723014672	1
db2	pk-xt-1M-1000-120-4	1630	9440	1	4	0.5	0.01	0	2.43293981779716	1
db2	pk-xt-1M-1000-120-4	1630	9442	1	4	0.75	0.01	0	2.10198942098807	1
db2	pk-xt-1M-1000-120-4	1630	9444	1	4	1	0.01	0	0	1
db2	pk-xt-1M-1000-120-4	1630	9446	1	4	0.25	0.1	0	0.0152223623600134	0.545454545454545
db2	pk-xt-1M-1000-120-4	1630	9449	1	4	0.5	0.1	0	0.00595218633905381	0.454545454545455
db2	pk-xt-1M-1000-120-4	1630	9451	1	4	0.75	0.1	0	0.00858563196789883	0.636363636363636
db2	pk-xt-1M-1000-120-4	1630	9453	1	4	1	0.1	0	0.090915825742933	0.454545454545455
db2	pk-xt-1M-1000-120-4	1630	9455	1	4	0.25	1	0	0.00615815495184979	1
db2	pk-xt-1M-1000-120-4	1630	9456	1	4	0.5	1	0	0.000841458599103646	1
db2	pk-xt-1M-1000-120-8	1869	9295	1	8	0.25	0	0.25	0.000306977175522008	1
db2	pk-xt-1M-1000-120-8	1869	9304	1	8	0.5	0	0.25	0.00031850246172154	1
db2	pk-xt-1M-1000-120-8	1869	9307	1	8	0.75	0	0.25	0.000326500069472572	1
db2	pk-xt-1M-1000-120-8	1869	9309	1	8	1	0	0.25	0.000341284717312152	1
db2	pk-xt-1M-1000-120-8	1869	9311	1	8	0.25	0	0.5	0.000319604919895139	1
db2	pk-xt-1M-1000-120-8	1869	9314	1	8	0.5	0	0.5	0.000320824169534629	1
db2	pk-xt-1M-1000-120-8	1869	9316	1	8	0.75	0	0.5	0.000328099537911601	1
db2	pk-xt-1M-1000-120-8	1869	9318	1	8	1	0	0.5	0.00033500136457065	1
db2	pk-xt-1M-1000-120-8	1869	9320	1	8	0.25	0	0.75	0.000322105352642474	1
db2	pk-xt-1M-1000-120-8	1869	9322	1	8	0.5	0	0.75	0.000320242428732241	1
db2	pk-xt-1M-1000-120-8	1869	9328	1	8	0.75	0	0.75	0.000311613479983397	1
db2	pk-xt-1M-1000-120-8	1869	9336	1	8	1	0	0.75	0.000311327645396985	1
db2	pk-xt-1M-1000-120-8	1869	9339	1	8	0.25	0	1	0.000311495476981888	1
db2	pk-xt-1M-1000-120-8	1869	9348	1	8	0.5	0	1	0.000309855819847628	1
db2	pk-xt-1M-1000-120-8	1869	9353	1	8	0.75	0	1	0.000253052964183136	0.727272727272727
db2	pk-xt-1M-1000-120-8	1869	9355	1	8	1	0	1	0.00030701721794436	1
db2	pk-xt-1M-1000-120-8	1869	9409	1	8	0.25	0.01	0	0.297969294701852	0.545454545454545
db2	pk-xt-1M-1000-120-8	1869	9412	1	8	0.5	0.01	0	7.7392974035874	1
db2	pk-xt-1M-1000-120-8	1869	9414	1	8	0.75	0.01	0	13.9957483050891	1
db2	pk-xt-1M-1000-120-8	1869	9416	1	8	1	0.01	0	2.01973588005901e-06	1
db2	pk-xt-1M-1000-120-8	1869	9419	1	8	0.25	0.1	0	1.15578410404654e-06	1
db2	pk-xt-1M-1000-120-8	1869	9421	1	8	0.5	0.1	0	7.7091363434413e-08	1
db2	pk-xt-1M-1000-120-8	1869	9423	1	8	0.75	0.1	0	0	1
db2	pk-xt-1M-1000-120-8	1869	9425	1	8	1	0.1	0	0.05401934036509	0.363636363636364
db2	pk-xt-1M-1000-120-8	1869	9428	1	8	0.25	1	0	0.00259698743625802	0.636363636363636
db2	pk-xt-1M-1000-120-8	1869	9430	1	8	0.5	1	0	0.0171977610382523	0.454545454545455
db2	pk-xt-1M-1000-120-8	1869	9432	1	8	0.75	1	0	4.59291350647797e-05	1
db2	pk-xt-1M-1000-120-8	1869	9437	1	8	1	1	0	1.5555086734685e-06	1
db2	xt-1M-1000-120-1	689	1602	0	1	0.25	0	0.25	0.000337369054226215	1
db2	xt-1M-1000-120-1	689	1623	0	1	0.5	0	0.25	0.000329751210045364	1
db2	xt-1M-1000-120-1	689	1661	0	1	0.75	0	0.25	0.000818679597480615	0.454545454545455
db2	xt-1M-1000-120-1	689	1683	0	1	1	0	0.25	0.000803213519416837	1
db2	xt-1M-1000-120-1	689	1723	0	1	0.25	0	0.5	0.000356464542703598	1
db2	xt-1M-1000-120-1	689	1763	0	1	0.5	0	0.5	0.000317612863575552	1
db2	xt-1M-1000-120-1	689	1801	0	1	0.75	0	0.5	0.000768778753785965	1
db2	xt-1M-1000-120-1	689	1842	0	1	1	0	0.5	0.000847795752661694	0.636363636363636
db2	xt-1M-1000-120-1	689	1882	0	1	0.25	0	0.75	0.000348392663873567	1
db2	xt-1M-1000-120-1	689	1902	0	1	0.5	0	0.75	0.000347156465882535	1
db2	xt-1M-1000-120-1	689	1923	0	1	0.75	0	0.75	0.000766848707829941	0.0909090909090909
db2	xt-1M-1000-120-1	689	1943	0	1	1	0	0.75	0.000795970046634022	0.181818181818182
db2	xt-1M-1000-120-1	689	1983	0	1	0.25	0	1	0.000355637268125844	1
db2	xt-1M-1000-120-1	689	2022	0	1	0.5	0	1	0.000339073490620986	1
db2	xt-1M-1000-120-1	689	2043	0	1	0.75	0	1	0.000767264263404781	0.545454545454545
db2	xt-1M-1000-120-1	689	2083	0	1	1	0	1	0.000717493094586002	0.545454545454545
db2	xt-1M-1000-120-1	689	2123	0	1	0.25	0.01	0	0.000259993697805673	0.454545454545455
db2	xt-1M-1000-120-1	689	2142	0	1	0.5	0.01	0	0.000246445493498941	0.181818181818182
db2	xt-1M-1000-120-1	689	2144	0	1	0.75	0.01	0	0.000246340714368617	0.181818181818182
db2	xt-1M-1000-120-1	689	2147	0	1	1	0.01	0	0.000282674950129522	0.181818181818182
db2	xt-1M-1000-120-1	689	2503	0	1	0.25	0.1	0	0.000220709810869939	0.181818181818182
db2	xt-1M-1000-120-1	689	2522	0	1	0.5	0.1	0	0.000295463048183427	0.181818181818182
db2	xt-1M-1000-120-1	689	2541	0	1	0.75	0.1	0	0.000378294847600025	0.181818181818182
db2	xt-1M-1000-120-1	689	4105	0	1	0.25	1	0	0.000280983355623193	1
db2	xt-1M-1000-120-1	689	4124	0	1	0.5	1	0	0.000240015938610785	0.181818181818182
db2	xt-1M-1000-120-1	689	4125	0	1	0.75	1	0	0.000242476395873627	1
db2	xt-1M-1000-120-1	689	4144	0	1	1	1	0	0.000255845273283438	0.272727272727273
db2	xt-1M-1000-120-2	949	401	0	2	0.25	0	0.25	0.000233412103515542	1
db2	xt-1M-1000-120-2	949	422	0	2	0.5	0	0.25	0.000241928677968096	1
db2	xt-1M-1000-120-2	949	462	0	2	0.75	0	0.25	0.00024744209158368	0.636363636363636
db2	xt-1M-1000-120-2	949	482	0	2	1	0	0.25	0.000243285869980561	1
db2	xt-1M-1000-120-2	949	521	0	2	0.25	0	0.5	0.000211849912540476	1
db2	xt-1M-1000-120-2	949	542	0	2	0.5	0	0.5	0.000239054558223515	0.454545454545455
db2	xt-1M-1000-120-2	949	582	0	2	0.75	0	0.5	0.00021255219801564	1
db2	xt-1M-1000-120-2	949	601	0	2	1	0	0.5	0.000219001887092395	1
db2	xt-1M-1000-120-2	949	641	0	2	0.25	0	0.75	0.000210982481027835	1
db2	xt-1M-1000-120-2	949	662	0	2	0.5	0	0.75	0.000231949098593128	0.454545454545455
db2	xt-1M-1000-120-2	949	702	0	2	0.75	0	0.75	0.000240393264354143	0.636363636363636
db2	xt-1M-1000-120-2	949	741	0	2	1	0	0.75	0.000252191207459121	0.636363636363636
db2	xt-1M-1000-120-2	949	762	0	2	0.25	0	1	0.000223589718436584	0.727272727272727
db2	xt-1M-1000-120-2	949	841	0	2	0.75	0	1	0.000212361869912508	1
db2	xt-1M-1000-120-2	949	862	0	2	1	0	1	0.000237533909414349	0.545454545454545
db2	xt-1M-1000-120-2	949	902	0	2	0.25	0.01	0	0.000200921187908184	1
db2	xt-1M-1000-120-2	949	941	0	2	0.5	0.01	0	0.000217116484686393	1
db2	xt-1M-1000-120-2	949	962	0	2	0.75	0.01	0	0.000244632496924701	0.454545454545455
db2	xt-1M-1000-120-2	949	1001	0	2	1	0.01	0	0.000178763190541317	0.363636363636364
db2	xt-1M-1000-120-2	949	1441	0	2	0.25	0.1	0	0.00014312545300226	0.727272727272727
db2	xt-1M-1000-120-2	949	1461	0	2	0.5	0.1	0	0.000179562718425084	0.545454545454545
db2	xt-1M-1000-120-2	949	1482	0	2	0.75	0.1	0	0.0002008843919281	1
db2	xt-1M-1000-120-2	949	1501	0	2	1	0.1	0	0.000201692693836928	1
db2	xt-1M-1000-120-2	949	1821	0	2	0.25	1	0	0.000180453815589234	1
db2	xt-1M-1000-120-2	949	1841	0	2	0.5	1	0	0.000163996125250732	0.454545454545455
db2	xt-1M-1000-120-2	949	1861	0	2	0.75	1	0	0.000194127539697173	0.454545454545455
db2	xt-1M-1000-120-2	949	1881	0	2	1	1	0	0.000174001444844719	1
db2	xt-1M-1000-120-4	849	2203	0	4	0.25	0	0.25	6.76811017861603e-05	1
db2	xt-1M-1000-120-4	849	2222	0	4	0.5	0	0.25	6.45881831933404e-05	1
db2	xt-1M-1000-120-4	849	2224	0	4	0.75	0	0.25	6.01247576375826e-05	1
db2	xt-1M-1000-120-4	849	2225	0	4	1	0	0.25	5.99208890177715e-05	1
db2	xt-1M-1000-120-4	849	2228	0	4	0.25	0	0.5	6.90863954672443e-05	1
db2	xt-1M-1000-120-4	849	2242	0	4	0.5	0	0.5	6.36519439257724e-05	1
db2	xt-1M-1000-120-4	849	2261	0	4	0.75	0	0.5	6.23214161350226e-05	1
db2	xt-1M-1000-120-4	849	2263	0	4	1	0	0.5	6.27667684414943e-05	1
db2	xt-1M-1000-120-4	849	2283	0	4	0.25	0	0.75	6.8366267507859e-05	1
db2	xt-1M-1000-120-4	849	2301	0	4	0.5	0	0.75	6.98010761688392e-05	1
db2	xt-1M-1000-120-4	849	2304	0	4	0.75	0	0.75	6.41453287781302e-05	1
db2	xt-1M-1000-120-4	849	2322	0	4	1	0	0.75	5.90308262057316e-05	1
db2	xt-1M-1000-120-4	849	2323	0	4	0.25	0	1	6.47221962576845e-05	1
db2	xt-1M-1000-120-4	849	2326	0	4	0.5	0	1	6.28985997796359e-05	1
db2	xt-1M-1000-120-4	849	2342	0	4	0.75	0	1	6.37267504682648e-05	1
db2	xt-1M-1000-120-4	849	3003	0	4	0.25	0.1	0	4.97783810175182e-05	0.545454545454545
db2	xt-1M-1000-120-4	849	3004	0	4	0.5	0.1	0	7.01446264490279e-05	0.545454545454545
db2	xt-1M-1000-120-4	849	3024	0	4	1	0.1	0	3.56565803977544e-05	0.545454545454545
db2	xt-1M-1000-120-4	849	3184	0	4	0.5	1	0	6.16931449144952e-05	0.454545454545455
db2	xt-1M-1000-120-8	1870	3764	0	8	0.25	0	0.25	0.000299303296565519	1
db2	xt-1M-1000-120-8	1870	3804	0	8	0.5	0	0.25	0.000318400799887823	1
db2	xt-1M-1000-120-8	1870	3806	0	8	0.75	0	0.25	0.000330674887376429	1
db2	xt-1M-1000-120-8	1870	3823	0	8	1	0	0.25	0.00033286076974319	1
db2	xt-1M-1000-120-8	1870	3843	0	8	0.25	0	0.5	0.000314652894570655	1
db2	xt-1M-1000-120-8	1870	3863	0	8	0.5	0	0.5	0.000330105349858697	1
db2	xt-1M-1000-120-8	1870	4164	0	8	0.75	0	0.5	0.000335621885933137	1
db2	xt-1M-1000-120-8	1870	4184	0	8	1	0	0.5	0.000310939695434144	1
db2	xt-1M-1000-120-8	1870	4204	0	8	0.25	0	0.75	0.00031095428223143	1
db2	xt-1M-1000-120-8	1870	4224	0	8	0.5	0	0.75	0.00031965030098702	1
db2	xt-1M-1000-120-8	1870	4244	0	8	0.75	0	0.75	0.000322636628837444	1
db2	xt-1M-1000-120-8	1870	4265	0	8	1	0	0.75	0.000332363792846659	1
db2	xt-1M-1000-120-8	1870	4384	0	8	0.25	0	1	0.000320013549931831	1
db2	xt-1M-1000-120-8	1870	4604	0	8	0.5	0	1	0.000322396077063597	1
db2	xt-1M-1000-120-8	1870	4625	0	8	0.75	0	1	0.000324037172193206	1
db2	xt-1M-1000-120-8	1870	4724	0	8	1	0	1	0.000326924331417887	1
db2	xt-1M-1000-120-8	1870	4765	0	8	0.25	0.01	0	0.254614132379357	0.636363636363636
db2	xt-1M-1000-120-8	1870	4805	0	8	0.5	0.01	0	0.857013732114801	0.454545454545455
db2	xt-1M-1000-120-8	1870	4824	0	8	0.75	0.01	0	6.10734205103232	1
db2	xt-1M-1000-120-8	1870	4844	0	8	1	0.01	0	17.2725892872423	1
db2	xt-1M-1000-120-8	1870	5205	0	8	0.25	0.1	0	0.0338910331605241	1
db2	xt-1M-1000-120-8	1870	5245	0	8	0.5	0.1	0	0.037782858952662	1
db2	xt-1M-1000-120-8	1870	5284	0	8	0.75	0.1	0	0.0154852347843412	0.545454545454545
db2	xt-1M-1000-120-8	1870	5304	0	8	1	0.1	0	0.0402231607607194	0.727272727272727
db2	xt-1M-1000-120-8	1870	5606	0	8	0.25	1	0	0.00358106249164288	1
db2	xt-1M-1000-120-8	1870	5608	0	8	0.5	1	0	0.0140418478734604	1
db2	xt-1M-1000-120-8	1870	5626	0	8	0.75	1	0	0.0355439325556748	0.636363636363636
db2	xt-1M-1000-120-8	1870	5628	0	8	1	1	0	0.000205277911974278	1
oracle	pk-xt-1M-1000-120-1	1329	7207	1	1	0.25	0	0.25	0.010958813292526	0.727272727272727
oracle	pk-xt-1M-1000-120-1	1329	7246	1	1	0.5	0	0.25	0.0129267667360581	0.545454545454545
oracle	pk-xt-1M-1000-120-1	1329	7286	1	1	0.75	0	0.25	0.0130222601227954	0.636363636363636
oracle	pk-xt-1M-1000-120-1	1329	7306	1	1	1	0	0.25	0.0167467333763439	0.454545454545455
oracle	pk-xt-1M-1000-120-1	1329	7327	1	1	0.25	0	0.5	0.0159836243158521	0.0909090909090909
oracle	pk-xt-1M-1000-120-1	1329	7366	1	1	0.5	0	0.5	0.0205718652558622	0.0909090909090909
oracle	pk-xt-1M-1000-120-1	1329	7406	1	1	0.75	0	0.5	0.0216637687585018	0.272727272727273
oracle	pk-xt-1M-1000-120-1	1329	7427	1	1	1	0	0.5	0.0156203684023559	1
oracle	pk-xt-1M-1000-120-1	1329	7467	1	1	0.25	0	0.75	0.0128511924788474	0.0909090909090909
oracle	pk-xt-1M-1000-120-1	1329	7506	1	1	0.5	0	0.75	0.0146513889721542	1
oracle	pk-xt-1M-1000-120-1	1329	7546	1	1	0.75	0	0.75	0.0132405229351333	0.636363636363636
oracle	pk-xt-1M-1000-120-1	1329	7587	1	1	1	0	0.75	0.0119358229946977	0.545454545454545
oracle	pk-xt-1M-1000-120-1	1329	7627	1	1	0.25	0	1	0.0128548490675473	0.727272727272727
oracle	pk-xt-1M-1000-120-1	1329	7666	1	1	0.5	0	1	0.014655108712075	1
oracle	pk-xt-1M-1000-120-1	1329	7686	1	1	0.75	0	1	0.0198749794661493	0.272727272727273
oracle	pk-xt-1M-1000-120-1	1329	7706	1	1	1	0	1	0.0130368415533721	0.636363636363636
oracle	pk-xt-1M-1000-120-1	1329	7726	1	1	0.25	0.01	0	0.013929212699711	1
oracle	pk-xt-1M-1000-120-1	1329	7747	1	1	0.5	0.01	0	0.0140054090143835	1
oracle	pk-xt-1M-1000-120-1	1329	7766	1	1	0.75	0.01	0	0.0136625312867762	1
oracle	pk-xt-1M-1000-120-1	1329	7786	1	1	1	0.01	0	0.013911110672039	1
oracle	pk-xt-1M-1000-120-1	1329	8126	1	1	0.25	0.1	0	0.0142884709699333	1
oracle	pk-xt-1M-1000-120-1	1329	8146	1	1	0.5	0.1	0	0.0135041964518119	1
oracle	pk-xt-1M-1000-120-1	1329	8166	1	1	0.75	0.1	0	0.0137069977701968	1
oracle	pk-xt-1M-1000-120-1	1329	8186	1	1	1	0.1	0	0.0151258938834345	1
oracle	pk-xt-1M-1000-120-1	1329	8526	1	1	0.25	1	0	0.0193174774394589	1
oracle	pk-xt-1M-1000-120-1	1329	8547	1	1	0.5	1	0	0.0167211048330376	1
oracle	pk-xt-1M-1000-120-1	1329	8567	1	1	0.75	1	0	0.0142576507491602	1
oracle	pk-xt-1M-1000-120-1	1329	8586	1	1	1	1	0	0.0138570776593219	1
oracle	pk-xt-1M-1000-120-2	1610	9266	1	2	0.25	0	0.25	0.00261579549544331	1
oracle	pk-xt-1M-1000-120-2	1610	9305	1	2	0.5	0	0.25	0.0025338898836802	1
oracle	pk-xt-1M-1000-120-2	1610	9306	1	2	0.75	0	0.25	0.00287306593665902	1
oracle	pk-xt-1M-1000-120-2	1610	9308	1	2	1	0	0.25	0.00294406994405122	1
oracle	pk-xt-1M-1000-120-2	1610	9310	1	2	0.25	0	0.5	0.00217648957169556	1
oracle	pk-xt-1M-1000-120-2	1610	9312	1	2	0.5	0	0.5	0.00216978567674383	1
oracle	pk-xt-1M-1000-120-2	1610	9313	1	2	0.75	0	0.5	0.0023368554295488	1
oracle	pk-xt-1M-1000-120-2	1610	9315	1	2	1	0	0.5	0.00131782489489277	1
oracle	pk-xt-1M-1000-120-2	1610	9317	1	2	0.25	0	0.75	0.00124334326923017	1
oracle	pk-xt-1M-1000-120-2	1610	9319	1	2	0.5	0	0.75	0.000597436372505743	1
oracle	pk-xt-1M-1000-120-2	1610	9321	1	2	0.75	0	0.75	0.00103191946092574	1
oracle	pk-xt-1M-1000-120-2	1610	9323	1	2	1	0	0.75	0.000481554856048215	1
oracle	pk-xt-1M-1000-120-2	1610	9329	1	2	0.25	0	1	0.0010878685892614	1
oracle	pk-xt-1M-1000-120-2	1610	9334	1	2	0.5	0	1	0.00044652391621128	0.0909090909090909
oracle	pk-xt-1M-1000-120-2	1610	9337	1	2	0.75	0	1	0.00113288806701787	0.454545454545455
oracle	pk-xt-1M-1000-120-2	1610	9340	1	2	1	0	1	0.000408898465249999	1
oracle	pk-xt-1M-1000-120-2	1610	9341	1	2	0.25	0.01	0	0	0.636363636363636
oracle	pk-xt-1M-1000-120-2	1610	9434	1	2	0.5	0.01	0	0.00110122438771241	0.363636363636364
oracle	pk-xt-1M-1000-120-2	1610	9436	1	2	0.75	0.01	0	0.000527698294777717	0.272727272727273
oracle	pk-xt-1M-1000-120-2	1610	9439	1	2	1	0.01	0	0.000790531369617964	0.181818181818182
oracle	pk-xt-1M-1000-120-2	1610	9441	1	2	0.25	0.1	0	0.00112315595210808	0.363636363636364
oracle	pk-xt-1M-1000-120-2	1610	9443	1	2	0.5	0.1	0	0.00452307874983631	1
oracle	pk-xt-1M-1000-120-2	1610	9445	1	2	0.75	0.1	0	0.00347136062690997	1
oracle	pk-xt-1M-1000-120-2	1610	9447	1	2	1	0.1	0	0.00168587362922199	0.545454545454545
oracle	pk-xt-1M-1000-120-2	1610	9448	1	2	0.25	1	0	0.00116999677733068	0.545454545454545
oracle	pk-xt-1M-1000-120-2	1610	9450	1	2	0.5	1	0	0.0011015233656283	0.181818181818182
oracle	pk-xt-1M-1000-120-2	1610	9452	1	2	0.75	1	0	0.00111817266999494	0.272727272727273
oracle	pk-xt-1M-1000-120-2	1610	9454	1	2	1	1	0	0.00584584808789119	0.0909090909090909
oracle	pk-xt-1M-1000-120-4	1709	8686	1	4	0.25	0	0.25	0.00547013859907234	1
oracle	pk-xt-1M-1000-120-4	1709	8766	1	4	0.5	0	0.25	0.0053660026915305	0.272727272727273
oracle	pk-xt-1M-1000-120-4	1709	8806	1	4	0.75	0	0.25	0.00699391780979298	1
oracle	pk-xt-1M-1000-120-4	1709	9413	1	4	1	0	0.25	0.00680157235506864	1
oracle	pk-xt-1M-1000-120-4	1709	9415	1	4	0.25	0	0.5	0.00591055832154067	0.181818181818182
oracle	pk-xt-1M-1000-120-4	1709	9417	1	4	0.5	0	0.5	0.00596353259074931	0.272727272727273
oracle	pk-xt-1M-1000-120-4	1709	9418	1	4	0.75	0	0.5	0.00562587021538517	0.272727272727273
oracle	pk-xt-1M-1000-120-4	1709	9420	1	4	1	0	0.5	0.00562646592223482	0.272727272727273
oracle	pk-xt-1M-1000-120-4	1709	9422	1	4	0.25	0	0.75	0.00727212038916719	0.181818181818182
oracle	pk-xt-1M-1000-120-4	1709	9424	1	4	0.5	0	0.75	0.0126548595662713	0.181818181818182
oracle	pk-xt-1M-1000-120-4	1709	9426	1	4	0.75	0	0.75	0.0091337327152636	0.181818181818182
oracle	pk-xt-1M-1000-120-4	1709	9427	1	4	1	0	0.75	0.0100072083919395	0.272727272727273
oracle	pk-xt-1M-1000-120-4	1709	9429	1	4	0.25	0	1	0.0225980977309183	0.0909090909090909
oracle	pk-xt-1M-1000-120-4	1709	9431	1	4	0.5	0	1	0.0120807837549304	0.0909090909090909
oracle	pk-xt-1M-1000-120-4	1709	9433	1	4	0.75	0	1	0.0159797760848269	0.0909090909090909
oracle	pk-xt-1M-1000-120-4	1709	9435	1	4	1	0	1	0.00940905822072099	0.181818181818182
oracle	pk-xt-1M-1000-120-4	1709	9451	1	4	0.75	0.1	0	0.00303595219983404	1
oracle	pk-xt-1M-1000-120-4	1709	9456	1	4	0.5	1	0	0.00290762760689175	1
oracle	pk-xt-1M-1000-120-4	1709	9457	1	4	0.75	1	0	0.00324493527530644	0.727272727272727
oracle	pk-xt-1M-1000-120-8	1609	9295	1	8	0.25	0	0.25	0.00561589596978081	0.0909090909090909
oracle	pk-xt-1M-1000-120-8	1609	9304	1	8	0.5	0	0.25	0.0059051349313392	0.0909090909090909
oracle	pk-xt-1M-1000-120-8	1609	9307	1	8	0.75	0	0.25	0.00546476988887404	0.0909090909090909
oracle	pk-xt-1M-1000-120-8	1609	9309	1	8	1	0	0.25	0.0049700277085707	0.0909090909090909
oracle	pk-xt-1M-1000-120-8	1609	9311	1	8	0.25	0	0.5	0.00637267828596264	0.0909090909090909
oracle	pk-xt-1M-1000-120-8	1609	9314	1	8	0.5	0	0.5	0.00476961711006058	0.0909090909090909
oracle	pk-xt-1M-1000-120-8	1609	9316	1	8	0.75	0	0.5	0.00656288675617651	0.0909090909090909
oracle	pk-xt-1M-1000-120-8	1609	9318	1	8	1	0	0.5	0.00465967548080928	0.0909090909090909
oracle	pk-xt-1M-1000-120-8	1609	9320	1	8	0.25	0	0.75	0.00461750269542633	0.0909090909090909
oracle	pk-xt-1M-1000-120-8	1609	9322	1	8	0.5	0	0.75	0.0046055577686477	0.0909090909090909
oracle	pk-xt-1M-1000-120-8	1609	9336	1	8	1	0	0.75	0.00413613820759583	0.0909090909090909
oracle	pk-xt-1M-1000-120-8	1609	9339	1	8	0.25	0	1	0.00478717780672924	0.0909090909090909
oracle	pk-xt-1M-1000-120-8	1609	9348	1	8	0.5	0	1	0.00460911039689861	0.0909090909090909
oracle	pk-xt-1M-1000-120-8	1609	9353	1	8	0.75	0	1	0.00415500606942372	0.0909090909090909
oracle	pk-xt-1M-1000-120-8	1609	9355	1	8	1	0	1	0.00745414489783078	0.0909090909090909
oracle	pk-xt-1M-1000-120-8	1609	9409	1	8	0.25	0.01	0	0.00127231616357162	0.727272727272727
oracle	pk-xt-1M-1000-120-8	1609	9412	1	8	0.5	0.01	0	0.00153512510288837	0.636363636363636
oracle	pk-xt-1M-1000-120-8	1609	9414	1	8	0.75	0.01	0	0.00218701015280859	1
oracle	pk-xt-1M-1000-120-8	1609	9416	1	8	1	0.01	0	0.00242128002568224	1
oracle	pk-xt-1M-1000-120-8	1609	9419	1	8	0.25	0.1	0	0.0021323851989401	1
oracle	pk-xt-1M-1000-120-8	1609	9421	1	8	0.5	0.1	0	0.00227768936716041	1
oracle	pk-xt-1M-1000-120-8	1609	9423	1	8	0.75	0.1	0	0.00221581318829129	1
oracle	pk-xt-1M-1000-120-8	1609	9425	1	8	1	0.1	0	0.0020130474529478	1
oracle	pk-xt-1M-1000-120-8	1609	9428	1	8	0.25	1	0	0.00219487190801544	1
oracle	pk-xt-1M-1000-120-8	1609	9430	1	8	0.5	1	0	0.00142165967256362	1
oracle	pk-xt-1M-1000-120-8	1609	9432	1	8	0.75	1	0	0.00154705148763007	0.727272727272727
oracle	pk-xt-1M-1000-120-8	1609	9437	1	8	1	1	0	0.00207634178310202	1
oracle	xt-1M-1000-120-1	889	1602	0	1	0.25	0	0.25	0.00165010798945428	1
oracle	xt-1M-1000-120-1	889	1623	0	1	0.5	0	0.25	0.00305052212027101	1
oracle	xt-1M-1000-120-1	889	1661	0	1	0.75	0	0.25	0.00391984698405783	1
oracle	xt-1M-1000-120-1	889	1683	0	1	1	0	0.25	0.00342294268255952	1
oracle	xt-1M-1000-120-1	889	1723	0	1	0.25	0	0.5	0.00189926122611721	1
oracle	xt-1M-1000-120-1	889	1763	0	1	0.5	0	0.5	0.00325751219970212	1
oracle	xt-1M-1000-120-1	889	1801	0	1	0.75	0	0.5	0.00382522728088595	1
oracle	xt-1M-1000-120-1	889	1842	0	1	1	0	0.5	0.00292637151882949	1
oracle	xt-1M-1000-120-1	889	1882	0	1	0.25	0	0.75	0.00187704917435497	1
oracle	xt-1M-1000-120-1	889	1902	0	1	0.5	0	0.75	0.00325828576974577	1
oracle	xt-1M-1000-120-1	889	1923	0	1	0.75	0	0.75	0.00397529839638674	0.545454545454545
oracle	xt-1M-1000-120-1	889	1943	0	1	1	0	0.75	0.00308358425109636	1
oracle	xt-1M-1000-120-1	889	1983	0	1	0.25	0	1	0.00174132600954342	1
oracle	xt-1M-1000-120-1	889	2022	0	1	0.5	0	1	0.00325571848889665	1
oracle	xt-1M-1000-120-1	889	2043	0	1	0.75	0	1	0.00402436792830035	1
oracle	xt-1M-1000-120-1	889	2083	0	1	1	0	1	0.0028944059014021	1
oracle	xt-1M-1000-120-1	889	2123	0	1	0.25	0.01	0	0.179552046960805	1
oracle	xt-1M-1000-120-1	889	2142	0	1	0.5	0.01	0	0.216308950582485	0.181818181818182
oracle	xt-1M-1000-120-1	889	2144	0	1	0.75	0.01	0	0.201245999235997	0.0909090909090909
oracle	xt-1M-1000-120-1	889	2147	0	1	1	0.01	0	0.326674506409741	1
oracle	xt-1M-1000-120-1	889	2503	0	1	0.25	0.1	0	0.100423931219328	1
oracle	xt-1M-1000-120-1	889	2522	0	1	0.5	0.1	0	0.237607593624826	1
oracle	xt-1M-1000-120-1	889	2541	0	1	0.75	0.1	0	0.124260702025852	1
oracle	xt-1M-1000-120-1	889	2561	0	1	1	0.1	0	0.337972880978319	0.363636363636364
oracle	xt-1M-1000-120-1	889	4105	0	1	0.25	1	0	0.0608254212604063	1
oracle	xt-1M-1000-120-1	889	4124	0	1	0.5	1	0	0.21771638204839	0.454545454545455
oracle	xt-1M-1000-120-1	889	4125	0	1	0.75	1	0	0.166767025240113	1
oracle	xt-1M-1000-120-1	889	4144	0	1	1	1	0	0.137538569337074	1
oracle	xt-1M-1000-120-2	610	401	0	2	0.25	0	0.25	0.00110918739449416	1
oracle	xt-1M-1000-120-2	610	422	0	2	0.5	0	0.25	0.00192932065794494	1
oracle	xt-1M-1000-120-2	610	462	0	2	0.75	0	0.25	0.0025802519841952	1
oracle	xt-1M-1000-120-2	610	482	0	2	1	0	0.25	0.00235750298320938	1
oracle	xt-1M-1000-120-2	610	521	0	2	0.25	0	0.5	0.00103351219013399	1
oracle	xt-1M-1000-120-2	610	542	0	2	0.5	0	0.5	0.00190493334298865	1
oracle	xt-1M-1000-120-2	610	582	0	2	0.75	0	0.5	0.00230895192736145	1
oracle	xt-1M-1000-120-2	610	601	0	2	1	0	0.5	0.00262873733524724	1
oracle	xt-1M-1000-120-2	610	641	0	2	0.25	0	0.75	0.00764403015469692	0.0909090909090909
oracle	xt-1M-1000-120-2	610	662	0	2	0.5	0	0.75	0.00313366967964718	1
oracle	xt-1M-1000-120-2	610	702	0	2	0.75	0	0.75	0.00252054936143892	1
oracle	xt-1M-1000-120-2	610	741	0	2	1	0	0.75	0.00272625597620646	1
oracle	xt-1M-1000-120-2	610	762	0	2	0.25	0	1	0.00117668482850758	1
oracle	xt-1M-1000-120-2	610	802	0	2	0.5	0	1	0.00219073246425814	1
oracle	xt-1M-1000-120-2	610	841	0	2	0.75	0	1	0.00265932549397899	1
oracle	xt-1M-1000-120-2	610	862	0	2	1	0	1	0.00257636183741244	1
oracle	xt-1M-1000-120-2	610	902	0	2	0.25	0.01	0	0.111091886117692	0.636363636363636
oracle	xt-1M-1000-120-2	610	941	0	2	0.5	0.01	0	0.210025765335859	1
oracle	xt-1M-1000-120-2	610	962	0	2	0.75	0.01	0	0.207091310054126	0.0909090909090909
oracle	xt-1M-1000-120-2	610	1001	0	2	1	0.01	0	0.320416271832144	0.181818181818182
oracle	xt-1M-1000-120-2	610	1441	0	2	0.25	0.1	0	0.0925309598037265	0.727272727272727
oracle	xt-1M-1000-120-2	610	1461	0	2	0.5	0.1	0	0.0284602662665063	0.0909090909090909
oracle	xt-1M-1000-120-2	610	1482	0	2	0.75	0.1	0	0.308075291143069	0.272727272727273
oracle	xt-1M-1000-120-2	610	1501	0	2	1	0.1	0	0.218652748896979	0.0909090909090909
oracle	xt-1M-1000-120-2	610	1821	0	2	0.25	1	0	0.100641052750516	0.272727272727273
oracle	xt-1M-1000-120-2	610	1841	0	2	0.5	1	0	0.482385198845814	0.0909090909090909
oracle	xt-1M-1000-120-2	610	1861	0	2	0.75	1	0	0.34299368292638	0.363636363636364
oracle	xt-1M-1000-120-2	610	1881	0	2	1	1	0	0.10207461255427	0.181818181818182
oracle	xt-1M-1000-120-4	809	2222	0	4	0.5	0	0.25	0.0147075373912994	0.0909090909090909
oracle	xt-1M-1000-120-4	809	2224	0	4	0.75	0	0.25	0.00583200228403778	0.454545454545455
oracle	xt-1M-1000-120-4	809	2225	0	4	1	0	0.25	0.00583471662737687	0.363636363636364
oracle	xt-1M-1000-120-4	809	2228	0	4	0.25	0	0.5	0.00547925912113598	0.272727272727273
oracle	xt-1M-1000-120-4	809	2242	0	4	0.5	0	0.5	0.0120937318953498	0.181818181818182
oracle	xt-1M-1000-120-4	809	2261	0	4	0.75	0	0.5	0.00648737909416872	0.272727272727273
oracle	xt-1M-1000-120-4	809	2263	0	4	1	0	0.5	0.00631537685383052	0.454545454545455
oracle	xt-1M-1000-120-4	809	2283	0	4	0.25	0	0.75	0.00549415313958763	0.272727272727273
oracle	xt-1M-1000-120-4	809	2301	0	4	0.5	0	0.75	0.00595252653467364	0.181818181818182
oracle	xt-1M-1000-120-4	809	2304	0	4	0.75	0	0.75	0.00655927807980072	0.0909090909090909
oracle	xt-1M-1000-120-4	809	2322	0	4	1	0	0.75	0.00602352750757936	0.545454545454545
oracle	xt-1M-1000-120-4	809	2323	0	4	0.25	0	1	0.0155197843018098	0.0909090909090909
oracle	xt-1M-1000-120-4	809	2326	0	4	0.5	0	1	0.00564622129571506	0.454545454545455
oracle	xt-1M-1000-120-4	809	2342	0	4	0.75	0	1	0.0059533516540606	0.545454545454545
oracle	xt-1M-1000-120-4	809	2344	0	4	1	0	1	0.00583146138093134	0.454545454545455
oracle	xt-1M-1000-120-4	809	2382	0	4	0.5	0.01	0	58.3153537443024	0.181818181818182
oracle	xt-1M-1000-120-4	809	2387	0	4	1	0.01	0	1.30012331517826	0.454545454545455
oracle	xt-1M-1000-120-4	809	3023	0	4	0.75	0.1	0	0.943780311664117	1
oracle	xt-1M-1000-120-4	809	3204	0	4	1	1	0	0	0.181818181818182
oracle	xt-1M-1000-120-8	1109	3764	0	8	0.25	0	0.25	0.00446292434816674	0.0909090909090909
oracle	xt-1M-1000-120-8	1109	3804	0	8	0.5	0	0.25	0.0104526351572132	0.0909090909090909
oracle	xt-1M-1000-120-8	1109	3823	0	8	1	0	0.25	0.00490951024529459	0.0909090909090909
oracle	xt-1M-1000-120-8	1109	3863	0	8	0.5	0	0.5	0.00473964548252109	0.0909090909090909
oracle	xt-1M-1000-120-8	1109	4164	0	8	0.75	0	0.5	0.00447897359832147	0.0909090909090909
oracle	xt-1M-1000-120-8	1109	4184	0	8	1	0	0.5	0.00474895865530883	0.0909090909090909
oracle	xt-1M-1000-120-8	1109	4204	0	8	0.25	0	0.75	0.00460175880273409	0.0909090909090909
oracle	xt-1M-1000-120-8	1109	4224	0	8	0.5	0	0.75	0.00468954563102483	0.0909090909090909
oracle	xt-1M-1000-120-8	1109	4244	0	8	0.75	0	0.75	0.00780448769216524	0.0909090909090909
oracle	xt-1M-1000-120-8	1109	4265	0	8	1	0	0.75	0.00773432527509601	0.0909090909090909
oracle	xt-1M-1000-120-8	1109	4384	0	8	0.25	0	1	0.0124133960888576	0.0909090909090909
oracle	xt-1M-1000-120-8	1109	4604	0	8	0.5	0	1	0.00575755347821451	0.0909090909090909
oracle	xt-1M-1000-120-8	1109	4625	0	8	0.75	0	1	0.00808795293483477	0.0909090909090909
oracle	xt-1M-1000-120-8	1109	4724	0	8	1	0	1	0.00689026915545441	0.0909090909090909
oracle	xt-1M-1000-120-8	1109	4805	0	8	0.5	0.01	0	0.667233336281898	0.545454545454545
oracle	xt-1M-1000-120-8	1109	4844	0	8	1	0.01	0	2.67738852205391	1
oracle	xt-1M-1000-120-8	1109	5205	0	8	0.25	0.1	0	0.179792603433837	0.363636363636364
oracle	xt-1M-1000-120-8	1109	5245	0	8	0.5	0.1	0	1.1840808216915	0.181818181818182
oracle	xt-1M-1000-120-8	1109	5606	0	8	0.25	1	0	0.231881603231539	0.454545454545455
oracle	xt-1M-1000-120-8	1109	5608	0	8	0.5	1	0	1.08866024821847	1
oracle	xt-1M-1000-120-8	1109	5626	0	8	0.75	1	0	2.04916984416595	0.363636363636364
oracle	xt-1M-1000-120-8	1109	5628	0	8	1	1	0	0.770628131796331	0.272727272727273
pgsql	pk-xt-1M-1000-120-1	1129	7207	1	1	0.25	0	0.25	0.000919472596594898	1
pgsql	pk-xt-1M-1000-120-1	1129	7246	1	1	0.5	0	0.25	0.000820832199997031	1
pgsql	pk-xt-1M-1000-120-1	1129	7286	1	1	0.75	0	0.25	0.000787183156494078	0.727272727272727
pgsql	pk-xt-1M-1000-120-1	1129	7306	1	1	1	0	0.25	0.000901329178414085	1
pgsql	pk-xt-1M-1000-120-1	1129	7327	1	1	0.25	0	0.5	0.000751522754278227	1
pgsql	pk-xt-1M-1000-120-1	1129	7366	1	1	0.5	0	0.5	0.000677023009036734	1
pgsql	pk-xt-1M-1000-120-1	1129	7406	1	1	0.75	0	0.5	0.000622658641483083	1
pgsql	pk-xt-1M-1000-120-1	1129	7427	1	1	1	0	0.5	0.000689264525369646	1
pgsql	pk-xt-1M-1000-120-1	1129	7467	1	1	0.25	0	0.75	0.000750895808295886	1
pgsql	pk-xt-1M-1000-120-1	1129	7506	1	1	0.5	0	0.75	0.000778558405098048	1
pgsql	pk-xt-1M-1000-120-1	1129	7546	1	1	0.75	0	0.75	0.000682600869108497	1
pgsql	pk-xt-1M-1000-120-1	1129	7587	1	1	1	0	0.75	0.000685376784929911	1
pgsql	pk-xt-1M-1000-120-1	1129	7627	1	1	0.25	0	1	0.000670575327863002	1
pgsql	pk-xt-1M-1000-120-1	1129	7666	1	1	0.5	0	1	0.000852543015516012	1
pgsql	pk-xt-1M-1000-120-1	1129	7686	1	1	0.75	0	1	0.000866958739647167	1
pgsql	pk-xt-1M-1000-120-1	1129	7706	1	1	1	0	1	0.000815075100750676	1
pgsql	pk-xt-1M-1000-120-1	1129	7726	1	1	0.25	0.01	0	0.00156408895312036	1
pgsql	pk-xt-1M-1000-120-1	1129	7747	1	1	0.5	0.01	0	0.00159542738795133	1
pgsql	pk-xt-1M-1000-120-1	1129	7766	1	1	0.75	0.01	0	0.00157408741988201	1
pgsql	pk-xt-1M-1000-120-1	1129	7786	1	1	1	0.01	0	0.00153400036804784	1
pgsql	pk-xt-1M-1000-120-1	1129	8126	1	1	0.25	0.1	0	0.0073358535374253	1
pgsql	pk-xt-1M-1000-120-1	1129	8146	1	1	0.5	0.1	0	0.00743469988550848	1
pgsql	pk-xt-1M-1000-120-1	1129	8166	1	1	0.75	0.1	0	0.00701378551338452	1
pgsql	pk-xt-1M-1000-120-1	1129	8186	1	1	1	0.1	0	0.00673609943917713	1
pgsql	pk-xt-1M-1000-120-1	1129	8526	1	1	0.25	1	0	0.0636933712193041	1
pgsql	pk-xt-1M-1000-120-1	1129	8567	1	1	0.75	1	0	0.0659762257858126	1
pgsql	pk-xt-1M-1000-120-2	1729	9266	1	2	0.25	0	0.25	0.000723589347318178	1
pgsql	pk-xt-1M-1000-120-2	1729	9306	1	2	0.75	0	0.25	0.000723431413108105	1
pgsql	pk-xt-1M-1000-120-2	1729	9308	1	2	1	0	0.25	0.000906495011400194	0.545454545454545
pgsql	pk-xt-1M-1000-120-2	1729	9310	1	2	0.25	0	0.5	0.0006739690784679	1
pgsql	pk-xt-1M-1000-120-2	1729	9317	1	2	0.25	0	0.75	4.19439274124374e-07	1
pgsql	pk-xt-1M-1000-120-2	1729	9329	1	2	0.25	0	1	0	1
pgsql	pk-xt-1M-1000-120-2	1729	9447	1	2	1	0.1	0	2.91447783949597	0.545454545454545
pgsql	pk-xt-1M-1000-120-2	1729	9448	1	2	0.25	1	0	2.90204790300859	1
pgsql	pk-xt-1M-1000-120-2	1729	9452	1	2	0.75	1	0	3.03742395570525	1
pgsql	pk-xt-1M-1000-120-2	1729	9454	1	2	1	1	0	2.75087106057696	1
pgsql	pk-xt-1M-1000-120-4	1472	8686	1	4	0.25	0	0.25	0.000134015582816	1
pgsql	pk-xt-1M-1000-120-4	1472	8766	1	4	0.5	0	0.25	0.000119777158220559	0.636363636363636
pgsql	pk-xt-1M-1000-120-4	1472	8806	1	4	0.75	0	0.25	0.000176395401966204	1
pgsql	pk-xt-1M-1000-120-4	1472	9413	1	4	1	0	0.25	0.00017176219710911	1
pgsql	pk-xt-1M-1000-120-4	1472	9415	1	4	0.25	0	0.5	0.000108980650373635	1
pgsql	pk-xt-1M-1000-120-4	1472	9417	1	4	0.5	0	0.5	0.000145239170157182	1
pgsql	pk-xt-1M-1000-120-4	1472	9418	1	4	0.75	0	0.5	0.000149357124625448	1
pgsql	pk-xt-1M-1000-120-4	1472	9420	1	4	1	0	0.5	0.00011246259690637	1
pgsql	pk-xt-1M-1000-120-4	1472	9422	1	4	0.25	0	0.75	0.000104194407088872	1
pgsql	pk-xt-1M-1000-120-4	1472	9424	1	4	0.5	0	0.75	0.000139966933474884	1
pgsql	pk-xt-1M-1000-120-4	1472	9426	1	4	0.75	0	0.75	0.000101635961054255	0.545454545454545
pgsql	pk-xt-1M-1000-120-4	1472	9427	1	4	1	0	0.75	0.000190863071094004	0.454545454545455
pgsql	pk-xt-1M-1000-120-4	1472	9429	1	4	0.25	0	1	0.000486287536159237	0.0909090909090909
pgsql	pk-xt-1M-1000-120-4	1472	9431	1	4	0.5	0	1	0.000224425652255797	0.545454545454545
pgsql	pk-xt-1M-1000-120-4	1472	9433	1	4	0.75	0	1	0.000436205567645179	0.0909090909090909
pgsql	pk-xt-1M-1000-120-4	1472	9435	1	4	1	0	1	0.000191050122180462	0.545454545454545
pgsql	pk-xt-1M-1000-120-4	1472	9438	1	4	0.25	0.01	0	0.000711496517955447	0.545454545454545
pgsql	pk-xt-1M-1000-120-4	1472	9442	1	4	0.75	0.01	0	0.000424122598000759	0.454545454545455
pgsql	pk-xt-1M-1000-120-4	1472	9444	1	4	1	0.01	0	0.000842141180531069	0.272727272727273
pgsql	pk-xt-1M-1000-120-4	1472	9451	1	4	0.75	0.1	0	0.00242819442096529	0.545454545454545
pgsql	pk-xt-1M-1000-120-4	1472	9455	1	4	0.25	1	0	0.0181220099635528	1
pgsql	pk-xt-1M-1000-120-4	1472	9456	1	4	0.5	1	0	0.0191542873448679	0.727272727272727
pgsql	pk-xt-1M-1000-120-4	1472	9457	1	4	0.75	1	0	0.0232218414327801	0.545454545454545
pgsql	pk-xt-1M-1000-120-8	1749	9295	1	8	0.25	0	0.25	0.000203568219129104	0.363636363636364
pgsql	pk-xt-1M-1000-120-8	1749	9307	1	8	0.75	0	0.25	0.000125430512326533	0.363636363636364
pgsql	pk-xt-1M-1000-120-8	1749	9309	1	8	1	0	0.25	0.000684660951784908	0.0909090909090909
pgsql	pk-xt-1M-1000-120-8	1749	9311	1	8	0.25	0	0.5	0.000143828137047124	0.363636363636364
pgsql	pk-xt-1M-1000-120-8	1749	9314	1	8	0.5	0	0.5	0.00090781080600157	0.454545454545455
pgsql	pk-xt-1M-1000-120-8	1749	9318	1	8	1	0	0.5	0.00010981824210239	0.363636363636364
pgsql	pk-xt-1M-1000-120-8	1749	9320	1	8	0.25	0	0.75	0.000105549633038444	0.454545454545455
pgsql	pk-xt-1M-1000-120-8	1749	9322	1	8	0.5	0	0.75	0.000153266179685327	0.363636363636364
pgsql	pk-xt-1M-1000-120-8	1749	9328	1	8	0.75	0	0.75	0.000586367762147695	0.181818181818182
pgsql	pk-xt-1M-1000-120-8	1749	9336	1	8	1	0	0.75	0.00177567786594908	0.0909090909090909
pgsql	pk-xt-1M-1000-120-8	1749	9339	1	8	0.25	0	1	0.00125303382743102	0.454545454545455
pgsql	pk-xt-1M-1000-120-8	1749	9353	1	8	0.75	0	1	0.0121096067634666	0.0909090909090909
pgsql	pk-xt-1M-1000-120-8	1749	9355	1	8	1	0	1	0.00016310684662887	0.454545454545455
pgsql	pk-xt-1M-1000-120-8	1749	9409	1	8	0.25	0.01	0	0.256707153675537	1
pgsql	pk-xt-1M-1000-120-8	1749	9412	1	8	0.5	0.01	0	0.170061449280209	1
pgsql	pk-xt-1M-1000-120-8	1749	9414	1	8	0.75	0.01	0	0.118282098085281	1
pgsql	pk-xt-1M-1000-120-8	1749	9416	1	8	1	0.01	0	0.506426231099603	1
pgsql	pk-xt-1M-1000-120-8	1749	9419	1	8	0.25	0.1	0	0.532144904868285	1
pgsql	pk-xt-1M-1000-120-8	1749	9421	1	8	0.5	0.1	0	0.52319980496887	1
pgsql	pk-xt-1M-1000-120-8	1749	9423	1	8	0.75	0.1	0	0.516772518392793	1
pgsql	pk-xt-1M-1000-120-8	1749	9425	1	8	1	0.1	0	0.506069958778114	1
pgsql	pk-xt-1M-1000-120-8	1749	9428	1	8	0.25	1	0	0.549947761171304	1
pgsql	pk-xt-1M-1000-120-8	1749	9430	1	8	0.5	1	0	0.537688937498607	1
pgsql	pk-xt-1M-1000-120-8	1749	9432	1	8	0.75	1	0	0.528084609416764	1
pgsql	pk-xt-1M-1000-120-8	1749	9437	1	8	1	1	0	0.517319960935237	1
pgsql	xt-1M-1000-120-1	969	1602	0	1	0.25	0	0.25	0.000934972427722922	0.181818181818182
pgsql	xt-1M-1000-120-1	969	1623	0	1	0.5	0	0.25	0.0010180376752132	0.181818181818182
pgsql	xt-1M-1000-120-1	969	1661	0	1	0.75	0	0.25	0.00109388533300324	0.0909090909090909
pgsql	xt-1M-1000-120-1	969	1683	0	1	1	0	0.25	0.00116327749357703	0.181818181818182
pgsql	xt-1M-1000-120-1	969	1723	0	1	0.25	0	0.5	0.000751300755082088	0.0909090909090909
pgsql	xt-1M-1000-120-1	969	1763	0	1	0.5	0	0.5	0.000578417642232482	0.0909090909090909
pgsql	xt-1M-1000-120-1	969	1801	0	1	0.75	0	0.5	0.00121198194817238	0.0909090909090909
pgsql	xt-1M-1000-120-1	969	1842	0	1	1	0	0.5	0.00117102586261591	0.0909090909090909
pgsql	xt-1M-1000-120-1	969	1882	0	1	0.25	0	0.75	0.000721653949917608	0.0909090909090909
pgsql	xt-1M-1000-120-1	969	1902	0	1	0.5	0	0.75	0.000409554694173684	0.0909090909090909
pgsql	xt-1M-1000-120-1	969	1923	0	1	0.75	0	0.75	0.000942767791297078	0.0909090909090909
pgsql	xt-1M-1000-120-1	969	1943	0	1	1	0	0.75	0.000660947890799137	0.0909090909090909
pgsql	xt-1M-1000-120-1	969	1983	0	1	0.25	0	1	0.00119478407738455	0.363636363636364
pgsql	xt-1M-1000-120-1	969	2022	0	1	0.5	0	1	0.000950729481312918	0.0909090909090909
pgsql	xt-1M-1000-120-1	969	2043	0	1	0.75	0	1	0.00140707198641179	0.0909090909090909
pgsql	xt-1M-1000-120-1	969	2083	0	1	1	0	1	0.000427710985824536	0.0909090909090909
pgsql	xt-1M-1000-120-1	969	2123	0	1	0.25	0.01	0	1.40835650639507	0.727272727272727
pgsql	xt-1M-1000-120-1	969	2142	0	1	0.5	0.01	0	0.776244805150579	1
pgsql	xt-1M-1000-120-1	969	2144	0	1	0.75	0.01	0	1.39466394434196	1
pgsql	xt-1M-1000-120-1	969	2147	0	1	1	0.01	0	1.08255533137953	1
pgsql	xt-1M-1000-120-1	969	2503	0	1	0.25	0.1	0	1.32042933497134	1
pgsql	xt-1M-1000-120-1	969	2522	0	1	0.5	0.1	0	1.29932571689284	1
pgsql	xt-1M-1000-120-1	969	2541	0	1	0.75	0.1	0	1.18830485275973	1
pgsql	xt-1M-1000-120-1	969	2561	0	1	1	0.1	0	1.27923998117352	1
pgsql	xt-1M-1000-120-1	969	4124	0	1	0.5	1	0	1.57551912957017	0.636363636363636
pgsql	xt-1M-1000-120-1	969	4125	0	1	0.75	1	0	1.41203893938335	1
pgsql	xt-1M-1000-120-1	969	4144	0	1	1	1	0	1.55584549734089	0.545454545454545
pgsql	xt-1M-1000-120-2	709	401	0	2	0.25	0	0.25	0.000395459411373728	0.181818181818182
pgsql	xt-1M-1000-120-2	709	422	0	2	0.5	0	0.25	0.00037714285125633	0.181818181818182
pgsql	xt-1M-1000-120-2	709	462	0	2	0.75	0	0.25	0.00027847324239861	0.636363636363636
pgsql	xt-1M-1000-120-2	709	482	0	2	1	0	0.25	0.000269613243057233	0.363636363636364
pgsql	xt-1M-1000-120-2	709	521	0	2	0.25	0	0.5	0.000281073750085598	0.0909090909090909
pgsql	xt-1M-1000-120-2	709	542	0	2	0.5	0	0.5	0.000410033730421568	0.272727272727273
pgsql	xt-1M-1000-120-2	709	582	0	2	0.75	0	0.5	0.00050449712647136	1
pgsql	xt-1M-1000-120-2	709	601	0	2	1	0	0.5	0.000273371568660964	0.545454545454545
pgsql	xt-1M-1000-120-2	709	641	0	2	0.25	0	0.75	0.000335060602286016	0.363636363636364
pgsql	xt-1M-1000-120-2	709	662	0	2	0.5	0	0.75	7.07187346356031e-05	0.181818181818182
pgsql	xt-1M-1000-120-2	709	702	0	2	0.75	0	0.75	0.00028811926336065	0.181818181818182
pgsql	xt-1M-1000-120-2	709	741	0	2	1	0	0.75	0.00041993407112994	1
pgsql	xt-1M-1000-120-2	709	762	0	2	0.25	0	1	0.000231105996745324	0.181818181818182
pgsql	xt-1M-1000-120-2	709	802	0	2	0.5	0	1	0.000214006997464526	0.181818181818182
pgsql	xt-1M-1000-120-2	709	841	0	2	0.75	0	1	0.000330542335734116	0.272727272727273
pgsql	xt-1M-1000-120-2	709	862	0	2	1	0	1	0.000421865344380989	0.181818181818182
pgsql	xt-1M-1000-120-2	709	902	0	2	0.25	0.01	0	0	1
pgsql	xt-1M-1000-120-2	709	941	0	2	0.5	0.01	0	4.06313972410913	0.454545454545455
pgsql	xt-1M-1000-120-2	709	962	0	2	0.75	0.01	0	11.0547746363387	1
pgsql	xt-1M-1000-120-2	709	1001	0	2	1	0.01	0	4.29020118544155	0.0909090909090909
pgsql	xt-1M-1000-120-2	709	1441	0	2	0.25	0.1	0	2.83754690288367	0.181818181818182
pgsql	xt-1M-1000-120-2	709	1461	0	2	0.5	0.1	0	3.69335891141422	0.181818181818182
pgsql	xt-1M-1000-120-2	709	1482	0	2	0.75	0.1	0	3.66661179272505	0.181818181818182
pgsql	xt-1M-1000-120-2	709	1501	0	2	1	0.1	0	2.89253288506108	0.181818181818182
pgsql	xt-1M-1000-120-2	709	1821	0	2	0.25	1	0	3.04195949728268	0.181818181818182
pgsql	xt-1M-1000-120-2	709	1841	0	2	0.5	1	0	2.79431264259757	0.181818181818182
pgsql	xt-1M-1000-120-2	709	1861	0	2	0.75	1	0	2.84900825165981	0.181818181818182
pgsql	xt-1M-1000-120-2	709	1881	0	2	1	1	0	3.17139120282156	0.0909090909090909
pgsql	xt-1M-1000-120-4	749	2203	0	4	0.25	0	0.25	0.000147801344242619	0.363636363636364
pgsql	xt-1M-1000-120-4	749	2222	0	4	0.5	0	0.25	0.000154252681472913	0.636363636363636
pgsql	xt-1M-1000-120-4	749	2225	0	4	1	0	0.25	9.45756550331957e-05	0.0909090909090909
pgsql	xt-1M-1000-120-4	749	2228	0	4	0.25	0	0.5	7.552399072848e-05	0.0909090909090909
pgsql	xt-1M-1000-120-4	749	2263	0	4	1	0	0.5	5.86812896902964e-05	0.0909090909090909
pgsql	xt-1M-1000-120-4	749	2283	0	4	0.25	0	0.75	4.81277294426405e-05	0.454545454545455
pgsql	xt-1M-1000-120-4	749	2301	0	4	0.5	0	0.75	4.29065611155169e-05	0.181818181818182
pgsql	xt-1M-1000-120-4	749	2304	0	4	0.75	0	0.75	6.66601193823472e-05	0.636363636363636
pgsql	xt-1M-1000-120-4	749	2322	0	4	1	0	0.75	4.82938167281194e-05	0.272727272727273
pgsql	xt-1M-1000-120-4	749	2323	0	4	0.25	0	1	2.60476428075093e-05	0.0909090909090909
pgsql	xt-1M-1000-120-4	749	2342	0	4	0.75	0	1	3.98842905934344e-05	0.181818181818182
pgsql	xt-1M-1000-120-4	749	2344	0	4	1	0	1	2.19923922540715e-05	0.181818181818182
pgsql	xt-1M-1000-120-4	749	2362	0	4	0.25	0.01	0	1.46919773205261	0.0909090909090909
pgsql	xt-1M-1000-120-4	749	2382	0	4	0.5	0.01	0	0.603765168060976	1
pgsql	xt-1M-1000-120-4	749	2384	0	4	0.75	0.01	0	0.892513809067157	0.0909090909090909
pgsql	xt-1M-1000-120-4	749	2387	0	4	1	0.01	0	0.659848357319886	0.0909090909090909
pgsql	xt-1M-1000-120-4	749	3003	0	4	0.25	0.1	0	1.10048102446845	0.0909090909090909
pgsql	xt-1M-1000-120-4	749	3004	0	4	0.5	0.1	0	0.883772263795029	0.0909090909090909
pgsql	xt-1M-1000-120-4	749	3023	0	4	0.75	0.1	0	0.483106036051983	0.0909090909090909
pgsql	xt-1M-1000-120-4	749	3024	0	4	1	0.1	0	0.625936355403593	0.0909090909090909
pgsql	xt-1M-1000-120-4	749	3183	0	4	0.25	1	0	0.581429625519393	0.0909090909090909
pgsql	xt-1M-1000-120-4	749	3184	0	4	0.5	1	0	0.752019680870127	0.0909090909090909
pgsql	xt-1M-1000-120-4	749	3203	0	4	0.75	1	0	0.554890607176063	0.0909090909090909
pgsql	xt-1M-1000-120-4	749	3204	0	4	1	1	0	0.532008051392904	0.0909090909090909
pgsql	xt-1M-1000-120-8	829	3764	0	8	0.25	0	0.25	3.49077064840028e-05	0.181818181818182
pgsql	xt-1M-1000-120-8	829	3804	0	8	0.5	0	0.25	6.55957954530975e-05	0.363636363636364
pgsql	xt-1M-1000-120-8	829	3806	0	8	0.75	0	0.25	1.89948881542286e-05	0.272727272727273
pgsql	xt-1M-1000-120-8	829	3823	0	8	1	0	0.25	3.98086663083779e-05	0.181818181818182
pgsql	xt-1M-1000-120-8	829	3843	0	8	0.25	0	0.5	5.11438300874023e-05	0.181818181818182
pgsql	xt-1M-1000-120-8	829	3863	0	8	0.5	0	0.5	9.35116957920314e-05	0.181818181818182
pgsql	xt-1M-1000-120-8	829	4164	0	8	0.75	0	0.5	0.000108306448231279	0.181818181818182
pgsql	xt-1M-1000-120-8	829	4184	0	8	1	0	0.5	5.37140703677954e-05	0.181818181818182
pgsql	xt-1M-1000-120-8	829	4204	0	8	0.25	0	0.75	4.78175104820831e-05	0.181818181818182
pgsql	xt-1M-1000-120-8	829	4224	0	8	0.5	0	0.75	4.12310313247463e-05	0.181818181818182
pgsql	xt-1M-1000-120-8	829	4244	0	8	0.75	0	0.75	6.12575086009597e-05	0.0909090909090909
pgsql	xt-1M-1000-120-8	829	4265	0	8	1	0	0.75	5.96412975458325e-05	0.181818181818182
pgsql	xt-1M-1000-120-8	829	4384	0	8	0.25	0	1	9.09635727794366e-05	0.363636363636364
pgsql	xt-1M-1000-120-8	829	4604	0	8	0.5	0	1	0.000145520552258337	0.454545454545455
pgsql	xt-1M-1000-120-8	829	4625	0	8	0.75	0	1	7.16680883792045e-05	0.272727272727273
pgsql	xt-1M-1000-120-8	829	4724	0	8	1	0	1	0.000125540183545287	0.181818181818182
pgsql	xt-1M-1000-120-8	829	4765	0	8	0.25	0.01	0	0.665903854430931	0.545454545454545
pgsql	xt-1M-1000-120-8	829	4805	0	8	0.5	0.01	0	0.387969655313522	0.454545454545455
pgsql	xt-1M-1000-120-8	829	4824	0	8	0.75	0.01	0	0.988676846785039	0.545454545454545
pgsql	xt-1M-1000-120-8	829	4844	0	8	1	0.01	0	1.07441584488136	1
pgsql	xt-1M-1000-120-8	829	5205	0	8	0.25	0.1	0	0.427381660584057	0.454545454545455
pgsql	xt-1M-1000-120-8	829	5245	0	8	0.5	0.1	0	1.11959558991242	0.727272727272727
pgsql	xt-1M-1000-120-8	829	5284	0	8	0.75	0.1	0	0.660878219731048	0.636363636363636
pgsql	xt-1M-1000-120-8	829	5304	0	8	1	0.1	0	0.397910897243507	0.454545454545455
pgsql	xt-1M-1000-120-8	829	5606	0	8	0.25	1	0	0.773944377463169	0.0909090909090909
pgsql	xt-1M-1000-120-8	829	5608	0	8	0.5	1	0	0.475107551605001	0.0909090909090909
pgsql	xt-1M-1000-120-8	829	5626	0	8	0.75	1	0	0.809561804103232	0.0909090909090909
pgsql	xt-1M-1000-120-8	829	5628	0	8	1	1	0	0.274692235576077	0.0909090909090909
mysql	pk-xt-1M-1000-120-1	1290	7207	1	1	0.25	0	0.25	0.311379614517298	1
mysql	pk-xt-1M-1000-120-1	1290	7246	1	1	0.5	0	0.25	0.0982443211602538	0.727272727272727
mysql	pk-xt-1M-1000-120-1	1290	7286	1	1	0.75	0	0.25	0.147928842718936	0.636363636363636
mysql	pk-xt-1M-1000-120-1	1290	7306	1	1	1	0	0.25	1.37377801674102	0.727272727272727
mysql	pk-xt-1M-1000-120-1	1290	7327	1	1	0.25	0	0.5	0.256974858037736	1
mysql	pk-xt-1M-1000-120-1	1290	7366	1	1	0.5	0	0.5	0.101826160743032	1
mysql	pk-xt-1M-1000-120-1	1290	7406	1	1	0.75	0	0.5	0.11160097402055	1
mysql	pk-xt-1M-1000-120-1	1290	7427	1	1	1	0	0.5	1.42793427292305	0.636363636363636
mysql	pk-xt-1M-1000-120-1	1290	7467	1	1	0.25	0	0.75	0.276955154038364	1
mysql	pk-xt-1M-1000-120-1	1290	7506	1	1	0.5	0	0.75	0.0815710331940848	1
mysql	pk-xt-1M-1000-120-1	1290	7546	1	1	0.75	0	0.75	0.694714636360147	0.727272727272727
mysql	pk-xt-1M-1000-120-1	1290	7587	1	1	1	0	0.75	1.32715097711121	1
mysql	pk-xt-1M-1000-120-1	1290	7627	1	1	0.25	0	1	0.288050398074715	1
mysql	pk-xt-1M-1000-120-1	1290	7666	1	1	0.5	0	1	0.0621777422726153	0.727272727272727
mysql	pk-xt-1M-1000-120-1	1290	7686	1	1	0.75	0	1	0.138104650206322	0.727272727272727
mysql	pk-xt-1M-1000-120-1	1290	7706	1	1	1	0	1	1.44571038864333	1
mysql	pk-xt-1M-1000-120-1	1290	7726	1	1	0.25	0.01	0	0.00180411469093866	1
mysql	pk-xt-1M-1000-120-1	1290	7747	1	1	0.5	0.01	0	0.0017794708523139	1
mysql	pk-xt-1M-1000-120-1	1290	7766	1	1	0.75	0.01	0	0.00179073478179338	1
mysql	pk-xt-1M-1000-120-1	1290	7786	1	1	1	0.01	0	0.00177544257829081	1
mysql	pk-xt-1M-1000-120-1	1290	8126	1	1	0.25	0.1	0	0.00436816638474597	1
mysql	pk-xt-1M-1000-120-1	1290	8146	1	1	0.5	0.1	0	0.0043402453794591	1
mysql	pk-xt-1M-1000-120-1	1290	8166	1	1	0.75	0.1	0	0.00456256302197423	1
mysql	pk-xt-1M-1000-120-1	1290	8186	1	1	1	0.1	0	0.00465190782765536	1
mysql	pk-xt-1M-1000-120-1	1290	8526	1	1	0.25	1	0	0.0412442132483895	1
mysql	pk-xt-1M-1000-120-2	1471	9266	1	2	0.25	0	0.25	0.0528699783375592	1
mysql	pk-xt-1M-1000-120-2	1471	9305	1	2	0.5	0	0.25	0.236677299176961	0.0909090909090909
mysql	pk-xt-1M-1000-120-2	1471	9306	1	2	0.75	0	0.25	0.328804413337881	0.0909090909090909
mysql	pk-xt-1M-1000-120-2	1471	9308	1	2	1	0	0.25	0.235213203624364	0.0909090909090909
mysql	pk-xt-1M-1000-120-2	1471	9310	1	2	0.25	0	0.5	0.147408578132542	1
mysql	pk-xt-1M-1000-120-2	1471	9312	1	2	0.5	0	0.5	0.0984557481860521	0.727272727272727
mysql	pk-xt-1M-1000-120-2	1471	9313	1	2	0.75	0	0.5	0.35134984229608	1
mysql	pk-xt-1M-1000-120-2	1471	9315	1	2	1	0	0.5	0.673247802884051	0.0909090909090909
mysql	pk-xt-1M-1000-120-2	1471	9317	1	2	0.25	0	0.75	0.108979012322422	1
mysql	pk-xt-1M-1000-120-2	1471	9319	1	2	0.5	0	0.75	0.0102851294985688	0.636363636363636
mysql	pk-xt-1M-1000-120-2	1471	9321	1	2	0.75	0	0.75	0.400451635815556	0.727272727272727
mysql	pk-xt-1M-1000-120-2	1471	9323	1	2	1	0	0.75	1.43903918329672	1
mysql	pk-xt-1M-1000-120-2	1471	9329	1	2	0.25	0	1	0.0901327374375564	1
mysql	pk-xt-1M-1000-120-2	1471	9334	1	2	0.5	0	1	0.100448591482882	0.727272727272727
mysql	pk-xt-1M-1000-120-2	1471	9337	1	2	0.75	0	1	0.394372070378549	0.545454545454545
mysql	pk-xt-1M-1000-120-2	1471	9340	1	2	1	0	1	1.51302940864292	1
mysql	pk-xt-1M-1000-120-2	1471	9445	1	2	0.75	0.1	0	0.00302510067856255	1
mysql	pk-xt-1M-1000-120-2	1471	9447	1	2	1	0.1	0	0.00298358945945037	0.727272727272727
mysql	pk-xt-1M-1000-120-2	1471	9450	1	2	0.5	1	0	0.0336607480011679	0.636363636363636
mysql	pk-xt-1M-1000-120-2	1471	9452	1	2	0.75	1	0	0.0511309510955057	1
mysql	pk-xt-1M-1000-120-2	1471	9454	1	2	1	1	0	0.0573271865973717	0.272727272727273
mysql	pk-xt-1M-1000-120-4	1473	8686	1	4	0.25	0	0.25	0.175708106894552	1
mysql	pk-xt-1M-1000-120-4	1473	8766	1	4	0.5	0	0.25	0.0469358325691952	0.636363636363636
mysql	pk-xt-1M-1000-120-4	1473	8806	1	4	0.75	0	0.25	0.511266114631758	0.181818181818182
mysql	pk-xt-1M-1000-120-4	1473	9413	1	4	1	0	0.25	0.235100257511879	0.0909090909090909
mysql	pk-xt-1M-1000-120-4	1473	9415	1	4	0.25	0	0.5	0.103495216082785	0.636363636363636
mysql	pk-xt-1M-1000-120-4	1473	9417	1	4	0.5	0	0.5	0.120405561066242	1
mysql	pk-xt-1M-1000-120-4	1473	9418	1	4	0.75	0	0.5	0.89039564779895	0.0909090909090909
mysql	pk-xt-1M-1000-120-4	1473	9420	1	4	1	0	0.5	0.69265590154747	0.0909090909090909
mysql	pk-xt-1M-1000-120-4	1473	9422	1	4	0.25	0	0.75	0.121394907299114	1
mysql	pk-xt-1M-1000-120-4	1473	9424	1	4	0.5	0	0.75	0.0421483599757708	1
mysql	pk-xt-1M-1000-120-4	1473	9426	1	4	0.75	0	0.75	1.34237808647975	0.727272727272727
mysql	pk-xt-1M-1000-120-4	1473	9427	1	4	1	0	0.75	1.20576486378689	1
mysql	pk-xt-1M-1000-120-4	1473	9429	1	4	0.25	0	1	0.0741275710283902	0.545454545454545
mysql	pk-xt-1M-1000-120-4	1473	9431	1	4	0.5	0	1	0.0443194975734262	1
mysql	pk-xt-1M-1000-120-4	1473	9433	1	4	0.75	0	1	1.47598500661151	1
mysql	pk-xt-1M-1000-120-4	1473	9435	1	4	1	0	1	1.27089629717974	1
mysql	pk-xt-1M-1000-120-4	1473	9438	1	4	0.25	0.01	0	0.000284445656895297	1
mysql	pk-xt-1M-1000-120-4	1473	9440	1	4	0.5	0.01	0	0.000271915284646271	1
mysql	pk-xt-1M-1000-120-4	1473	9446	1	4	0.25	0.1	0	0.00139745973612128	1
mysql	pk-xt-1M-1000-120-4	1473	9449	1	4	0.5	0.1	0	0.00138507674701767	1
mysql	pk-xt-1M-1000-120-4	1473	9451	1	4	0.75	0.1	0	0.00134145012983863	1
mysql	pk-xt-1M-1000-120-4	1473	9453	1	4	1	0.1	0	0.00132091323116201	1
mysql	pk-xt-1M-1000-120-4	1473	9455	1	4	0.25	1	0	0.0198095649859328	1
mysql	pk-xt-1M-1000-120-8	1470	9295	1	8	0.25	0	0.25	0.0616793055654646	1
mysql	pk-xt-1M-1000-120-8	1470	9304	1	8	0.5	0	0.25	0.276072694457565	0.0909090909090909
mysql	pk-xt-1M-1000-120-8	1470	9307	1	8	0.75	0	0.25	0.343730216484524	0.0909090909090909
mysql	pk-xt-1M-1000-120-8	1470	9309	1	8	1	0	0.25	0.20718399452575	0.0909090909090909
mysql	pk-xt-1M-1000-120-8	1470	9311	1	8	0.25	0	0.5	0.0683336744244843	1
mysql	pk-xt-1M-1000-120-8	1470	9314	1	8	0.5	0	0.5	0.065031683939939	1
mysql	pk-xt-1M-1000-120-8	1470	9316	1	8	0.75	0	0.5	0.814581585009707	0.0909090909090909
mysql	pk-xt-1M-1000-120-8	1470	9318	1	8	1	0	0.5	0.5566045527278	0.0909090909090909
mysql	pk-xt-1M-1000-120-8	1470	9320	1	8	0.25	0	0.75	0.0868540444899651	0.727272727272727
mysql	pk-xt-1M-1000-120-8	1470	9322	1	8	0.5	0	0.75	0.042213195759252	1
mysql	pk-xt-1M-1000-120-8	1470	9328	1	8	0.75	0	0.75	1.2546772236335	0.636363636363636
mysql	pk-xt-1M-1000-120-8	1470	9336	1	8	1	0	0.75	1.31993324202201	1
mysql	pk-xt-1M-1000-120-8	1470	9339	1	8	0.25	0	1	0.0580077101295259	1
mysql	pk-xt-1M-1000-120-8	1470	9348	1	8	0.5	0	1	0.0576484785339907	0.727272727272727
mysql	pk-xt-1M-1000-120-8	1470	9353	1	8	0.75	0	1	1.44301744696041	1
mysql	pk-xt-1M-1000-120-8	1470	9355	1	8	1	0	1	1.30402957258134	1
mysql	pk-xt-1M-1000-120-8	1470	9409	1	8	0.25	0.01	0	2.11690974485635e-05	1
mysql	pk-xt-1M-1000-120-8	1470	9412	1	8	0.5	0.01	0	2.17876177347278e-05	1
mysql	pk-xt-1M-1000-120-8	1470	9414	1	8	0.75	0.01	0	9.07408646915771e-06	1
mysql	pk-xt-1M-1000-120-8	1470	9416	1	8	1	0.01	0	0	1
mysql	pk-xt-1M-1000-120-8	1470	9419	1	8	0.25	0.1	0	0.000632162401994253	1
mysql	pk-xt-1M-1000-120-8	1470	9421	1	8	0.5	0.1	0	0.000652900847162933	1
mysql	pk-xt-1M-1000-120-8	1470	9423	1	8	0.75	0.1	0	0.000573840447184547	1
mysql	pk-xt-1M-1000-120-8	1470	9425	1	8	1	0.1	0	0.00064881885460949	1
mysql	pk-xt-1M-1000-120-8	1470	9428	1	8	0.25	1	0	0.0109270004586285	0.181818181818182
mysql	pk-xt-1M-1000-120-8	1470	9430	1	8	0.5	1	0	0.0115292565001106	0.181818181818182
mysql	xt-1M-1000-120-1	1289	1602	0	1	0.25	0	0.25	0.752768223271416	1
mysql	xt-1M-1000-120-1	1289	1623	0	1	0.5	0	0.25	0.752594249008764	1
mysql	xt-1M-1000-120-1	1289	1661	0	1	0.75	0	0.25	0.753546075112725	1
mysql	xt-1M-1000-120-1	1289	1683	0	1	1	0	0.25	0.752226640745429	1
mysql	xt-1M-1000-120-1	1289	1723	0	1	0.25	0	0.5	0.752253117674094	1
mysql	xt-1M-1000-120-1	1289	1763	0	1	0.5	0	0.5	0.753082931075381	1
mysql	xt-1M-1000-120-1	1289	1801	0	1	0.75	0	0.5	0.752816823583324	1
mysql	xt-1M-1000-120-1	1289	1842	0	1	1	0	0.5	0.752517558303029	1
mysql	xt-1M-1000-120-1	1289	1882	0	1	0.25	0	0.75	0.753604887067957	1
mysql	xt-1M-1000-120-1	1289	1902	0	1	0.5	0	0.75	0.752750762032485	1
mysql	xt-1M-1000-120-1	1289	1923	0	1	0.75	0	0.75	0.752277782544466	1
mysql	xt-1M-1000-120-1	1289	1943	0	1	1	0	0.75	0.752030623436095	1
mysql	xt-1M-1000-120-1	1289	1983	0	1	0.25	0	1	0.752776311647831	1
mysql	xt-1M-1000-120-1	1289	2022	0	1	0.5	0	1	0.751819775657617	1
mysql	xt-1M-1000-120-1	1289	2043	0	1	0.75	0	1	0.753308750370417	1
mysql	xt-1M-1000-120-1	1289	2083	0	1	1	0	1	0.752067680120254	1
mysql	xt-1M-1000-120-1	1289	2123	0	1	0.25	0.01	0	1.66491261774612	0.181818181818182
mysql	xt-1M-1000-120-1	1289	2142	0	1	0.5	0.01	0	1.5269777950605	0.181818181818182
mysql	xt-1M-1000-120-1	1289	2144	0	1	0.75	0.01	0	1.66387921840982	0.181818181818182
mysql	xt-1M-1000-120-1	1289	2147	0	1	1	0.01	0	1.50183072564989	0.181818181818182
mysql	xt-1M-1000-120-1	1289	2503	0	1	0.25	0.1	0	1.77160982032317	0.181818181818182
mysql	xt-1M-1000-120-1	1289	2522	0	1	0.5	0.1	0	1.63839121612546	0.181818181818182
mysql	xt-1M-1000-120-1	1289	2541	0	1	0.75	0.1	0	1.62495305388066	0.181818181818182
mysql	xt-1M-1000-120-1	1289	2561	0	1	1	0.1	0	1.56414751102629	0.181818181818182
mysql	xt-1M-1000-120-1	1289	4144	0	1	1	1	0	17.1862543926818	0.181818181818182
mysql	xt-1M-1000-120-2	1291	401	0	2	0.25	0	0.25	0.751224602927057	1
mysql	xt-1M-1000-120-2	1291	422	0	2	0.5	0	0.25	0.751706693167932	1
mysql	xt-1M-1000-120-2	1291	462	0	2	0.75	0	0.25	0.751620839753711	1
mysql	xt-1M-1000-120-2	1291	482	0	2	1	0	0.25	0.75102801075859	1
mysql	xt-1M-1000-120-2	1291	521	0	2	0.25	0	0.5	0.75028171373986	1
mysql	xt-1M-1000-120-2	1291	542	0	2	0.5	0	0.5	0.750066986592823	1
mysql	xt-1M-1000-120-2	1291	582	0	2	0.75	0	0.5	0.750261490057169	1
mysql	xt-1M-1000-120-2	1291	601	0	2	1	0	0.5	0.749728748982099	1
mysql	xt-1M-1000-120-2	1291	641	0	2	0.25	0	0.75	0.753240497402677	1
mysql	xt-1M-1000-120-2	1291	662	0	2	0.5	0	0.75	0.750919164015467	1
mysql	xt-1M-1000-120-2	1291	702	0	2	0.75	0	0.75	0.750935849494323	1
mysql	xt-1M-1000-120-2	1291	741	0	2	1	0	0.75	0.750782889939713	1
mysql	xt-1M-1000-120-2	1291	762	0	2	0.25	0	1	0.750292261618129	1
mysql	xt-1M-1000-120-2	1291	802	0	2	0.5	0	1	0.749601954914312	1
mysql	xt-1M-1000-120-2	1291	841	0	2	0.75	0	1	0.750635123978439	1
mysql	xt-1M-1000-120-2	1291	862	0	2	1	0	1	0.750829459338573	1
mysql	xt-1M-1000-120-2	1291	902	0	2	0.25	0.01	0	1.65728204430958	0.181818181818182
mysql	xt-1M-1000-120-2	1291	941	0	2	0.5	0.01	0	1.9064651082011	0.181818181818182
mysql	xt-1M-1000-120-2	1291	962	0	2	0.75	0.01	0	1.58740983445437	0.181818181818182
mysql	xt-1M-1000-120-2	1291	1001	0	2	1	0.01	0	1.54857576290309	0.181818181818182
mysql	xt-1M-1000-120-2	1291	1441	0	2	0.25	0.1	0	1.9420083197418	0.181818181818182
mysql	xt-1M-1000-120-2	1291	1461	0	2	0.5	0.1	0	1.57094938995999	0.181818181818182
mysql	xt-1M-1000-120-2	1291	1482	0	2	0.75	0.1	0	1.59456375214219	0.181818181818182
mysql	xt-1M-1000-120-2	1291	1501	0	2	1	0.1	0	1.67798697753319	0.181818181818182
mysql	xt-1M-1000-120-2	1291	1861	0	2	0.75	1	0	0	0.181818181818182
mysql	xt-1M-1000-120-2	1291	1881	0	2	1	1	0	1.87932355115451	0.181818181818182
mysql	xt-1M-1000-120-4	1270	2203	0	4	0.25	0	0.25	0.74359875991307	1
mysql	xt-1M-1000-120-4	1270	2222	0	4	0.5	0	0.25	0.741152462077879	1
mysql	xt-1M-1000-120-4	1270	2224	0	4	0.75	0	0.25	0.740342865031554	1
mysql	xt-1M-1000-120-4	1270	2225	0	4	1	0	0.25	0.742167694727109	1
mysql	xt-1M-1000-120-4	1270	2228	0	4	0.25	0	0.5	0.741663895472498	1
mysql	xt-1M-1000-120-4	1270	2242	0	4	0.5	0	0.5	0.741013881695632	1
mysql	xt-1M-1000-120-4	1270	2261	0	4	0.75	0	0.5	0.739137262420137	1
mysql	xt-1M-1000-120-4	1270	2263	0	4	1	0	0.5	0.740014093326835	1
mysql	xt-1M-1000-120-4	1270	2283	0	4	0.25	0	0.75	0.741496476022905	1
mysql	xt-1M-1000-120-4	1270	2301	0	4	0.5	0	0.75	0.741120899524322	1
mysql	xt-1M-1000-120-4	1270	2304	0	4	0.75	0	0.75	0.742245966451233	1
mysql	xt-1M-1000-120-4	1270	2322	0	4	1	0	0.75	0.739855032676815	1
mysql	xt-1M-1000-120-4	1270	2323	0	4	0.25	0	1	0.740943905686438	1
mysql	xt-1M-1000-120-4	1270	2326	0	4	0.5	0	1	0.74072509726555	1
mysql	xt-1M-1000-120-4	1270	2342	0	4	0.75	0	1	0.741064400801458	1
mysql	xt-1M-1000-120-4	1270	2344	0	4	1	0	1	0.74206631255383	1
mysql	xt-1M-1000-120-4	1270	2362	0	4	0.25	0.01	0	1.50622040066146	0.363636363636364
mysql	xt-1M-1000-120-4	1270	2382	0	4	0.5	0.01	0	1.26197034435899	0.363636363636364
mysql	xt-1M-1000-120-4	1270	2384	0	4	0.75	0.01	0	1.44633019834669	0.363636363636364
mysql	xt-1M-1000-120-4	1270	2387	0	4	1	0.01	0	1.28235907965203	0.363636363636364
mysql	xt-1M-1000-120-4	1270	3003	0	4	0.25	0.1	0	1.4347145095783	0.363636363636364
mysql	xt-1M-1000-120-4	1270	3004	0	4	0.5	0.1	0	1.4941132237705	0.363636363636364
mysql	xt-1M-1000-120-4	1270	3023	0	4	0.75	0.1	0	1.39268482701537	0.363636363636364
mysql	xt-1M-1000-120-4	1270	3024	0	4	1	0.1	0	1.60867147271552	0.363636363636364
mysql	xt-1M-1000-120-4	1270	3183	0	4	0.25	1	0	1.6184564958267	0.363636363636364
mysql	xt-1M-1000-120-4	1270	3184	0	4	0.5	1	0	6.62975786758329	0.727272727272727
mysql	xt-1M-1000-120-4	1270	3203	0	4	0.75	1	0	4.38604490696737	0.181818181818182
mysql	xt-1M-1000-120-4	1270	3204	0	4	1	1	0	3.38130969931322	0.363636363636364
mysql	xt-1M-1000-120-8	1369	3764	0	8	0.25	0	0.25	0.735477700628711	1
mysql	xt-1M-1000-120-8	1369	3804	0	8	0.5	0	0.25	0.737436973589229	1
mysql	xt-1M-1000-120-8	1369	3806	0	8	0.75	0	0.25	0.736793308642335	1
mysql	xt-1M-1000-120-8	1369	3823	0	8	1	0	0.25	0.736625665926718	1
mysql	xt-1M-1000-120-8	1369	3843	0	8	0.25	0	0.5	0.735267829446762	1
mysql	xt-1M-1000-120-8	1369	3863	0	8	0.5	0	0.5	0.73529882506005	1
mysql	xt-1M-1000-120-8	1369	4164	0	8	0.75	0	0.5	0.735668500527031	1
mysql	xt-1M-1000-120-8	1369	4184	0	8	1	0	0.5	0.734818468967022	1
mysql	xt-1M-1000-120-8	1369	4204	0	8	0.25	0	0.75	0.736130370003764	1
mysql	xt-1M-1000-120-8	1369	4224	0	8	0.5	0	0.75	0.735780402916652	1
mysql	xt-1M-1000-120-8	1369	4244	0	8	0.75	0	0.75	0.736224744859208	1
mysql	xt-1M-1000-120-8	1369	4265	0	8	1	0	0.75	0.736887738421905	1
mysql	xt-1M-1000-120-8	1369	4384	0	8	0.25	0	1	0.735093839314245	1
mysql	xt-1M-1000-120-8	1369	4604	0	8	0.5	0	1	0.736962817031517	1
mysql	xt-1M-1000-120-8	1369	4625	0	8	0.75	0	1	0.736361618176493	1
mysql	xt-1M-1000-120-8	1369	4724	0	8	1	0	1	0.734594614946459	1
mysql	xt-1M-1000-120-8	1369	4765	0	8	0.25	0.01	0	1.13167915358717	0.181818181818182
mysql	xt-1M-1000-120-8	1369	4805	0	8	0.5	0.01	0	1.16067133695941	0.363636363636364
mysql	xt-1M-1000-120-8	1369	4824	0	8	0.75	0.01	0	1.07200689160852	0.363636363636364
mysql	xt-1M-1000-120-8	1369	4844	0	8	1	0.01	0	1.03149481585078	0.181818181818182
mysql	xt-1M-1000-120-8	1369	5205	0	8	0.25	0.1	0	1.0283685043404	0.363636363636364
mysql	xt-1M-1000-120-8	1369	5245	0	8	0.5	0.1	0	1.26175078140236	0.181818181818182
mysql	xt-1M-1000-120-8	1369	5284	0	8	0.75	0.1	0	1.1455782348157	0.363636363636364
mysql	xt-1M-1000-120-8	1369	5304	0	8	1	0.1	0	1.03944645048725	0.363636363636364
mysql	xt-1M-1000-120-8	1369	5606	0	8	0.25	1	0	1.0456948781558	0.363636363636364
mysql	xt-1M-1000-120-8	1369	5608	0	8	0.5	1	0	1.15950810011136	0.181818181818182
mysql	xt-1M-1000-120-8	1369	5626	0	8	0.75	1	0	1.18885533154213	0.363636363636364
sqlserver	pk-xt-30K-1000-120-1	869	4425	1	1	0.25	0	0.25	5.04991583386548	0.545454545454545
sqlserver	pk-xt-30K-1000-120-1	869	4426	1	1	0.5	0	0.25	6.71452029202289	0.545454545454545
sqlserver	pk-xt-30K-1000-120-1	869	4444	1	1	0.75	0	0.25	11.0090547400389	0.545454545454545
sqlserver	pk-xt-30K-1000-120-1	869	4445	1	1	1	0	0.25	8.85830482527177	0.545454545454545
sqlserver	pk-xt-30K-1000-120-1	869	4464	1	1	0.25	0	0.5	9.18230922900409	0.545454545454545
sqlserver	pk-xt-30K-1000-120-1	869	4465	1	1	0.5	0	0.5	5.62139665213547	0.545454545454545
sqlserver	pk-xt-30K-1000-120-1	869	4484	1	1	0.75	0	0.5	7.2666202987502	0.545454545454545
sqlserver	pk-xt-30K-1000-120-1	869	4486	1	1	1	0	0.5	7.36513349241857	0.545454545454545
sqlserver	pk-xt-30K-1000-120-1	869	4504	1	1	0.25	0	0.75	9.78903233537417	0.545454545454545
sqlserver	pk-xt-30K-1000-120-1	869	4505	1	1	0.5	0	0.75	6.41971984960853	0.545454545454545
sqlserver	pk-xt-30K-1000-120-1	869	4524	1	1	0.75	0	0.75	10.3896766785302	0.545454545454545
sqlserver	pk-xt-30K-1000-120-1	869	4525	1	1	1	0	0.75	19.5720323894912	0.545454545454545
sqlserver	pk-xt-30K-1000-120-1	869	4544	1	1	0.25	0	1	10.8805018172414	0.545454545454545
sqlserver	pk-xt-30K-1000-120-1	869	4545	1	1	0.5	0	1	7.17831650702487	0.545454545454545
sqlserver	pk-xt-30K-1000-120-1	869	4564	1	1	0.75	0	1	9.69475751443835	0.545454545454545
sqlserver	pk-xt-30K-1000-120-1	869	4565	1	1	1	0	1	10.6716384429409	0.545454545454545
sqlserver	pk-xt-30K-1000-120-1	869	4584	1	1	0.25	0.01	0	0.557799090085963	0.636363636363636
sqlserver	pk-xt-30K-1000-120-1	869	4585	1	1	0.5	0.01	0	0.643170570568754	0.636363636363636
sqlserver	pk-xt-30K-1000-120-1	869	4624	1	1	0.75	0.01	0	0.395024770082024	0.545454545454545
sqlserver	pk-xt-30K-1000-120-1	869	4626	1	1	1	0.01	0	0.294881764066402	1
sqlserver	pk-xt-30K-1000-120-1	869	4804	1	1	0.25	0.1	0	0.619559118166716	0.545454545454545
sqlserver	pk-xt-30K-1000-120-1	869	4806	1	1	0.5	0.1	0	0.473274643318182	0.545454545454545
sqlserver	pk-xt-30K-1000-120-1	869	4825	1	1	0.75	0.1	0	0.776963180598627	0.545454545454545
sqlserver	pk-xt-30K-1000-120-1	869	4845	1	1	1	0.1	0	0.51081526189298	0.727272727272727
sqlserver	pk-xt-30K-1000-120-1	869	5066	1	1	0.25	1	0	0.643174653324635	0.545454545454545
sqlserver	pk-xt-30K-1000-120-1	869	5085	1	1	0.5	1	0	0.646126433758951	0.545454545454545
sqlserver	pk-xt-30K-1000-120-1	869	5105	1	1	0.75	1	0	0.524945899924161	0.545454545454545
sqlserver	pk-xt-30K-1000-120-1	869	5125	1	1	1	1	0	0.534783745207244	0.545454545454545
sqlserver	pk-xt-30K-1000-120-2	1110	7026	1	2	0.25	0	0.25	0.00465268410162555	0.636363636363636
sqlserver	pk-xt-30K-1000-120-2	1110	7046	1	2	0.5	0	0.25	0.00427659667142524	0.636363636363636
sqlserver	pk-xt-30K-1000-120-2	1110	7066	1	2	0.75	0	0.25	0.00501603378822138	0.636363636363636
sqlserver	pk-xt-30K-1000-120-2	1110	7086	1	2	1	0	0.25	0.00447894359480772	0.636363636363636
sqlserver	pk-xt-30K-1000-120-2	1110	7106	1	2	0.25	0	0.5	0.00276599730793354	0.545454545454545
sqlserver	pk-xt-30K-1000-120-2	1110	7126	1	2	0.5	0	0.5	0.00177439856230379	0.363636363636364
sqlserver	pk-xt-30K-1000-120-2	1110	7146	1	2	0.75	0	0.5	0.00208678721541814	0.636363636363636
sqlserver	pk-xt-30K-1000-120-2	1110	7166	1	2	1	0	0.5	0.0023863984321771	0.181818181818182
sqlserver	pk-xt-30K-1000-120-2	1110	7186	1	2	0.25	0	0.75	0.00157409358488747	0.0909090909090909
sqlserver	pk-xt-30K-1000-120-2	1110	7206	1	2	0.5	0	0.75	0.00162238892791651	0.0909090909090909
sqlserver	pk-xt-30K-1000-120-2	1110	7226	1	2	0.75	0	0.75	0.00192277464008348	0.272727272727273
sqlserver	pk-xt-30K-1000-120-2	1110	7266	1	2	1	0	0.75	0.00304410549928395	0.0909090909090909
sqlserver	pk-xt-30K-1000-120-2	1110	7287	1	2	0.25	0	1	0.00145767888406862	0.545454545454545
sqlserver	pk-xt-30K-1000-120-2	1110	7307	1	2	0.5	0	1	0.00144304758361905	0.363636363636364
sqlserver	pk-xt-30K-1000-120-2	1110	7326	1	2	0.75	0	1	0.0017733650322157	0.545454545454545
sqlserver	pk-xt-30K-1000-120-2	1110	7346	1	2	1	0	1	0.0016467643615356	0.363636363636364
sqlserver	pk-xt-30K-1000-120-2	1110	7386	1	2	0.25	0.01	0	0.00186426732951157	0.0909090909090909
sqlserver	pk-xt-30K-1000-120-2	1110	7407	1	2	0.5	0.01	0	0.00212330152735368	0.0909090909090909
sqlserver	pk-xt-30K-1000-120-2	1110	7426	1	2	0.75	0.01	0	0.00200491766549677	0.0909090909090909
sqlserver	pk-xt-30K-1000-120-2	1110	7446	1	2	1	0.01	0	0.00186186691147668	0.0909090909090909
sqlserver	pk-xt-30K-1000-120-4	1232	8347	1	4	0.25	0	0.25	0.00022447355430135	0.636363636363636
sqlserver	pk-xt-30K-1000-120-4	1232	8446	1	4	0.5	0	0.25	0.000561075769916948	0.636363636363636
sqlserver	pk-xt-30K-1000-120-4	1232	8467	1	4	0.75	0	0.25	0.000375097117456825	0.636363636363636
sqlserver	pk-xt-30K-1000-120-4	1232	8506	1	4	1	0	0.25	0.000806910858946687	0.636363636363636
sqlserver	pk-xt-30K-1000-120-4	1232	8546	1	4	0.25	0	0.5	0.000465884179443985	0.636363636363636
sqlserver	pk-xt-30K-1000-120-4	1232	8566	1	4	0.5	0	0.5	0.000996065759230003	0.636363636363636
sqlserver	pk-xt-30K-1000-120-4	1232	8587	1	4	0.75	0	0.5	0.00129288539317127	0.636363636363636
sqlserver	pk-xt-30K-1000-120-4	1232	8626	1	4	1	0	0.5	0.00112588794225366	0.636363636363636
sqlserver	pk-xt-30K-1000-120-4	1232	8666	1	4	0.25	0	0.75	0.00104388578772703	0.636363636363636
sqlserver	pk-xt-30K-1000-120-4	1232	8826	1	4	0.5	0	0.75	0.00140812928861707	0.636363636363636
sqlserver	pk-xt-30K-1000-120-4	1232	8846	1	4	0.75	0	0.75	0.00134844870998982	0.636363636363636
sqlserver	pk-xt-30K-1000-120-4	1232	8866	1	4	1	0	0.75	0.00156500355886076	0.636363636363636
sqlserver	pk-xt-30K-1000-120-4	1232	8886	1	4	0.25	0	1	0.00127054383178889	0.636363636363636
sqlserver	pk-xt-30K-1000-120-4	1232	8906	1	4	0.5	0	1	0.0012808808821112	0.636363636363636
sqlserver	pk-xt-30K-1000-120-4	1232	8926	1	4	0.75	0	1	0.00127969630030805	0.636363636363636
sqlserver	pk-xt-30K-1000-120-4	1232	8946	1	4	1	0	1	0.00147218058907147	0.636363636363636
sqlserver	pk-xt-30K-1000-120-4	1232	8966	1	4	0.25	0.01	0	0.000539233293967887	1
sqlserver	pk-xt-30K-1000-120-4	1232	8986	1	4	0.5	0.01	0	0.000545426087831977	1
sqlserver	pk-xt-30K-1000-120-4	1232	9006	1	4	0.75	0.01	0	0.000547460396941151	1
sqlserver	pk-xt-30K-1000-120-4	1232	9026	1	4	1	0.01	0	0.00057459458015952	1
sqlserver	pk-xt-30K-1000-120-4	1232	9046	1	4	0.25	0.1	0	0.000588052945564607	1
sqlserver	pk-xt-30K-1000-120-4	1232	9067	1	4	0.5	0.1	0	0.000551727928610117	1
sqlserver	pk-xt-30K-1000-120-4	1232	9086	1	4	0.75	0.1	0	0.000549220681494837	1
sqlserver	pk-xt-30K-1000-120-4	1232	9106	1	4	1	0.1	0	0.000546130345144521	1
sqlserver	pk-xt-30K-1000-120-4	1232	9126	1	4	0.25	1	0	0.000543201889089983	1
sqlserver	pk-xt-30K-1000-120-4	1232	9146	1	4	0.5	1	0	0.000540734796524096	1
sqlserver	pk-xt-30K-1000-120-4	1232	9166	1	4	0.75	1	0	0.000543700046163964	1
sqlserver	pk-xt-30K-1000-120-4	1232	9186	1	4	1	1	0	0.000543625913055756	1
sqlserver	pk-xt-30K-1000-120-8	1649	9398	1	8	0.25	0	0.25	0.000167663488756122	0.727272727272727
sqlserver	pk-xt-30K-1000-120-8	1649	9399	1	8	0.5	0	0.25	0.000134281279526443	1
sqlserver	pk-xt-30K-1000-120-8	1649	9400	1	8	0.75	0	0.25	8.31536326150439e-05	1
sqlserver	pk-xt-30K-1000-120-8	1649	9401	1	8	1	0	0.25	0.00081592022263104	1
sqlserver	pk-xt-30K-1000-120-8	1649	9402	1	8	0.25	0	0.5	0.000148649989280656	1
sqlserver	pk-xt-30K-1000-120-8	1649	9403	1	8	0.5	0	0.5	0.000252324675705149	0.454545454545455
sqlserver	pk-xt-30K-1000-120-8	1649	9404	1	8	0.75	0	0.5	0.000563173942676234	1
sqlserver	pk-xt-30K-1000-120-8	1649	9405	1	8	1	0	0.5	0.000860061036013978	0.727272727272727
sqlserver	pk-xt-30K-1000-120-8	1649	9406	1	8	0.25	0	0.75	0.000171822254374146	0.727272727272727
sqlserver	pk-xt-30K-1000-120-8	1649	9407	1	8	0.5	0	0.75	0.00026558784757089	0.727272727272727
sqlserver	pk-xt-30K-1000-120-8	1649	9408	1	8	0.75	0	0.75	0.000386527881929686	0.727272727272727
sqlserver	pk-xt-30K-1000-120-8	1649	9410	1	8	1	0	0.75	0.00057552501989573	0.727272727272727
sqlserver	pk-xt-30K-1000-120-8	1649	9411	1	8	0.25	0	1	0	0.454545454545455
sqlserver	pk-xt-30K-1000-120-8	1649	9459	1	8	0.5	0	1	0.000218427849648948	0.727272727272727
sqlserver	pk-xt-30K-1000-120-8	1649	9460	1	8	0.75	0	1	0.00033531695766078	0.727272727272727
sqlserver	pk-xt-30K-1000-120-8	1649	9461	1	8	1	0	1	0.000453812282281382	0.727272727272727
sqlserver	pk-xt-30K-1000-120-8	1649	9462	1	8	0.25	0.01	0	0.00123991540628718	0.363636363636364
sqlserver	pk-xt-30K-1000-120-8	1649	9463	1	8	0.5	0.01	0	0.00122721300278673	0.363636363636364
sqlserver	pk-xt-30K-1000-120-8	1649	9464	1	8	0.75	0.01	0	0.00123219321403614	1
sqlserver	pk-xt-30K-1000-120-8	1649	9465	1	8	1	0.01	0	0.00124018761367704	0.363636363636364
sqlserver	pk-xt-30K-1000-120-8	1649	9466	1	8	0.25	0.1	0	0.00125542388953231	0.363636363636364
sqlserver	pk-xt-30K-1000-120-8	1649	9467	1	8	0.5	0.1	0	0.00124275841581266	1
sqlserver	pk-xt-30K-1000-120-8	1649	9468	1	8	0.75	0.1	0	0.00125135782098921	0.363636363636364
sqlserver	pk-xt-30K-1000-120-8	1649	9469	1	8	1	0.1	0	0.0012277420416851	1
sqlserver	pk-xt-30K-1000-120-8	1649	9470	1	8	0.25	1	0	0.00124654563624403	0.363636363636364
sqlserver	pk-xt-30K-1000-120-8	1649	9471	1	8	0.5	1	0	0.00108714617716191	0.363636363636364
sqlserver	pk-xt-30K-1000-120-8	1649	9472	1	8	0.75	1	0	0.00126257881802371	0.363636363636364
sqlserver	pk-xt-30K-1000-120-8	1649	9473	1	8	1	1	0	0.00127391584576923	1
sqlserver	xt-30K-1000-120-1	611	41	0	1	0.25	0	0.25	3.53282403104071	0.545454545454545
sqlserver	xt-30K-1000-120-1	611	42	0	1	0.5	0	0.25	4.37127222115012	0.545454545454545
sqlserver	xt-30K-1000-120-1	611	61	0	1	0.75	0	0.25	7.41978118880624	0.545454545454545
sqlserver	xt-30K-1000-120-1	611	62	0	1	1	0	0.25	4.58601389935379	0.545454545454545
sqlserver	xt-30K-1000-120-1	611	81	0	1	0.25	0	0.5	4.31417316172898	0.545454545454545
sqlserver	xt-30K-1000-120-1	611	101	0	1	0.5	0	0.5	9.33588687270559	0.545454545454545
sqlserver	xt-30K-1000-120-1	611	121	0	1	0.75	0	0.5	8.05296647547478	0.545454545454545
sqlserver	xt-30K-1000-120-1	611	141	0	1	1	0	0.5	36.3139917977798	0.545454545454545
sqlserver	xt-30K-1000-120-1	611	142	0	1	0.25	0	0.75	6.64422994867749	0.545454545454545
sqlserver	xt-30K-1000-120-1	611	143	0	1	0.5	0	0.75	5.38101372388431	0.545454545454545
sqlserver	xt-30K-1000-120-1	611	161	0	1	0.75	0	0.75	7.41367933981616	0.545454545454545
sqlserver	xt-30K-1000-120-1	611	162	0	1	1	0	0.75	0	0.545454545454545
sqlserver	xt-30K-1000-120-1	611	181	0	1	0.25	0	1	5.6061695122971	0.545454545454545
sqlserver	xt-30K-1000-120-1	611	182	0	1	0.5	0	1	6.33797032389949	0.545454545454545
sqlserver	xt-30K-1000-120-1	611	201	0	1	0.75	0	1	7.52778494094605	0.545454545454545
sqlserver	xt-30K-1000-120-1	611	221	0	1	1	0	1	7.20230168854775	0.545454545454545
sqlserver	xt-30K-1000-120-1	611	222	0	1	0.25	0.01	0	0.532871042884376	0.636363636363636
sqlserver	xt-30K-1000-120-1	611	241	0	1	0.5	0.01	0	0.451975576066679	0.636363636363636
sqlserver	xt-30K-1000-120-1	611	261	0	1	0.75	0.01	0	0.470676748078339	0.545454545454545
sqlserver	xt-30K-1000-120-1	611	281	0	1	1	0.01	0	0.442260720234603	0.545454545454545
sqlserver	xt-30K-1000-120-1	611	583	0	1	0.25	0.1	0	0.695368270428051	0.636363636363636
sqlserver	xt-30K-1000-120-1	611	602	0	1	0.5	0.1	0	0.470424623722239	0.636363636363636
sqlserver	xt-30K-1000-120-1	611	621	0	1	0.75	0.1	0	0.333132623610203	0.636363636363636
sqlserver	xt-30K-1000-120-1	611	642	0	1	1	0.1	0	0.629948971967905	0.545454545454545
sqlserver	xt-30K-1000-120-1	611	981	0	1	0.25	1	0	0.496681216063752	0.545454545454545
sqlserver	xt-30K-1000-120-1	611	1002	0	1	0.5	1	0	0.579983972389782	0.545454545454545
sqlserver	xt-30K-1000-120-1	611	1022	0	1	0.75	1	0	0.56055257458946	0.636363636363636
sqlserver	xt-30K-1000-120-1	611	1041	0	1	1	1	0	0.5511034142371	0.636363636363636
sqlserver	xt-30K-1000-120-2	989	6066	0	2	0.25	0	0.25	0.0027878295940686	0.636363636363636
sqlserver	xt-30K-1000-120-2	989	6086	0	2	0.5	0	0.25	0.00158397496458228	0.636363636363636
sqlserver	xt-30K-1000-120-2	989	6106	0	2	0.75	0	0.25	0.00183528466628988	0.272727272727273
sqlserver	xt-30K-1000-120-2	989	6107	0	2	1	0	0.25	0.00188856891472252	0.0909090909090909
sqlserver	xt-30K-1000-120-2	989	6126	0	2	0.25	0	0.5	0.00172216847086532	0.545454545454545
sqlserver	xt-30K-1000-120-2	989	6146	0	2	0.5	0	0.5	0.00352610875932853	0.636363636363636
sqlserver	xt-30K-1000-120-2	989	6166	0	2	0.75	0	0.5	0.00432685005161539	0.636363636363636
sqlserver	xt-30K-1000-120-2	989	6167	0	2	1	0	0.5	0.0043588134592237	0.636363636363636
sqlserver	xt-30K-1000-120-2	989	6186	0	2	0.25	0	0.75	0.00381572526622784	0.636363636363636
sqlserver	xt-30K-1000-120-2	989	6188	0	2	0.5	0	0.75	0.00401190198036	0.636363636363636
sqlserver	xt-30K-1000-120-2	989	6206	0	2	0.75	0	0.75	0.00375095611182272	0.636363636363636
sqlserver	xt-30K-1000-120-2	989	6226	0	2	1	0	0.75	0.00392458534533053	0.636363636363636
sqlserver	xt-30K-1000-120-2	989	6246	0	2	0.25	0	1	0.00341161210633659	0.636363636363636
sqlserver	xt-30K-1000-120-2	989	6247	0	2	0.5	0	1	0.0020145937683938	0.272727272727273
sqlserver	xt-30K-1000-120-2	989	6266	0	2	0.75	0	1	0.00205747203614709	0.272727272727273
sqlserver	xt-30K-1000-120-2	989	6267	0	2	1	0	1	0.00247887605973823	0.0909090909090909
sqlserver	xt-30K-1000-120-2	989	6286	0	2	0.25	0.01	0	0.00192185550095426	0.181818181818182
sqlserver	xt-30K-1000-120-2	989	6287	0	2	0.5	0.01	0	0.00192285874091319	0.181818181818182
sqlserver	xt-30K-1000-120-2	989	6306	0	2	0.75	0.01	0	0.00184968872400742	0.0909090909090909
sqlserver	xt-30K-1000-120-2	989	6307	0	2	1	0.01	0	0.0018193230509535	0.0909090909090909
sqlserver	xt-30K-1000-120-2	989	6486	0	2	0.25	0.1	0	0.00182486532691536	0.181818181818182
sqlserver	xt-30K-1000-120-2	989	6487	0	2	0.5	0.1	0	0.00182318418504537	1
sqlserver	xt-30K-1000-120-2	989	6506	0	2	0.75	0.1	0	0.00187052537738032	0.181818181818182
sqlserver	xt-30K-1000-120-2	989	6507	0	2	1	0.1	0	0.00183667964383368	0.0909090909090909
sqlserver	xt-30K-1000-120-2	989	6726	0	2	0.25	1	0	0.00185609797235061	0.0909090909090909
sqlserver	xt-30K-1000-120-2	989	6727	0	2	0.5	1	0	0.00186746040821089	0.0909090909090909
sqlserver	xt-30K-1000-120-2	989	6728	0	2	0.75	1	0	0.00158179985023535	0.0909090909090909
sqlserver	xt-30K-1000-120-2	989	6746	0	2	1	1	0	0.0017668736953033	0.272727272727273
sqlserver	xt-30K-1000-120-4	1469	7746	0	4	0.25	0	0.25	0.0009328999357793	0.636363636363636
sqlserver	xt-30K-1000-120-4	1469	9345	0	4	0.5	0	0.25	0.00112294819142861	0.636363636363636
sqlserver	xt-30K-1000-120-4	1469	9346	0	4	0.75	0	0.25	0.00124484341349663	0.545454545454545
sqlserver	xt-30K-1000-120-4	1469	9347	0	4	1	0	0.25	0.00118488268173604	0.636363636363636
sqlserver	xt-30K-1000-120-4	1469	9349	0	4	0.25	0	0.5	0.000982934334823574	0.636363636363636
sqlserver	xt-30K-1000-120-4	1469	9350	0	4	0.5	0	0.5	0.00103941973937736	0.727272727272727
sqlserver	xt-30K-1000-120-4	1469	9351	0	4	0.75	0	0.5	0.000985315349002404	0.636363636363636
sqlserver	xt-30K-1000-120-4	1469	9352	0	4	1	0	0.5	0.00120761935322104	0.636363636363636
sqlserver	xt-30K-1000-120-4	1469	9354	0	4	0.25	0	0.75	0.00108861231857097	0.636363636363636
sqlserver	xt-30K-1000-120-4	1469	9356	0	4	0.5	0	0.75	0.000963763521786795	0.636363636363636
sqlserver	xt-30K-1000-120-4	1469	9366	0	4	0.75	0	0.75	0.000997011657940587	0.636363636363636
sqlserver	xt-30K-1000-120-4	1469	9367	0	4	1	0	0.75	0.00101609290503254	0.636363636363636
sqlserver	xt-30K-1000-120-4	1469	9368	0	4	0.25	0	1	0.000989228945920822	0.545454545454545
sqlserver	xt-30K-1000-120-4	1469	9369	0	4	0.5	0	1	0.00111020401464175	0.636363636363636
sqlserver	xt-30K-1000-120-4	1469	9370	0	4	0.75	0	1	0.000983094497747044	0.636363636363636
sqlserver	xt-30K-1000-120-4	1469	9371	0	4	1	0	1	0.00112951617382964	0.636363636363636
sqlserver	xt-30K-1000-120-4	1469	9372	0	4	0.25	0.01	0	0.000635753816500673	1
sqlserver	xt-30K-1000-120-4	1469	9387	0	4	0.5	0.01	0	0.00061013163470712	1
sqlserver	xt-30K-1000-120-4	1469	9388	0	4	0.75	0.01	0	0.000628663930837742	1
sqlserver	xt-30K-1000-120-4	1469	9389	0	4	1	0.01	0	0.000627875166272245	1
sqlserver	xt-30K-1000-120-4	1469	9390	0	4	0.25	0.1	0	0.000644394341372354	1
sqlserver	xt-30K-1000-120-4	1469	9391	0	4	0.5	0.1	0	0.000608788956687434	1
sqlserver	xt-30K-1000-120-4	1469	9392	0	4	0.75	0.1	0	0.000623722101487482	1
sqlserver	xt-30K-1000-120-4	1469	9393	0	4	1	0.1	0	0.000621793636788228	1
sqlserver	xt-30K-1000-120-4	1469	9394	0	4	0.25	1	0	0.000635238791465289	1
sqlserver	xt-30K-1000-120-4	1469	9395	0	4	0.5	1	0	0.000625298494934345	1
sqlserver	xt-30K-1000-120-4	1469	9396	0	4	0.75	1	0	0.000622625423402827	1
sqlserver	xt-30K-1000-120-4	1469	9397	0	4	1	1	0	0.000677340932525432	1
sqlserver	xt-30K-1000-120-8	1769	9286	0	8	0.25	0	0.25	0.000705095059024158	0.727272727272727
sqlserver	xt-30K-1000-120-8	1769	9287	0	8	0.5	0	0.25	0.000923815233033721	0.727272727272727
sqlserver	xt-30K-1000-120-8	1769	9288	0	8	0.75	0	0.25	0.000856304890471035	0.727272727272727
sqlserver	xt-30K-1000-120-8	1769	9289	0	8	1	0	0.25	0.000871720851530187	0.727272727272727
sqlserver	xt-30K-1000-120-8	1769	9290	0	8	0.25	0	0.5	0.000689045208668937	1
sqlserver	xt-30K-1000-120-8	1769	9291	0	8	0.5	0	0.5	0.00085185312438104	1
sqlserver	xt-30K-1000-120-8	1769	9292	0	8	0.75	0	0.5	0.000849558094719764	0.727272727272727
sqlserver	xt-30K-1000-120-8	1769	9293	0	8	1	0	0.5	0.000823382696136276	0.727272727272727
sqlserver	xt-30K-1000-120-8	1769	9294	0	8	0.25	0	0.75	0.000775522126708652	0.727272727272727
sqlserver	xt-30K-1000-120-8	1769	9296	0	8	0.5	0	0.75	0.000848420324705926	0.727272727272727
sqlserver	xt-30K-1000-120-8	1769	9297	0	8	0.75	0	0.75	0.000836237337871297	0.727272727272727
sqlserver	xt-30K-1000-120-8	1769	9298	0	8	1	0	0.75	0.000977199808711416	0.727272727272727
sqlserver	xt-30K-1000-120-8	1769	9299	0	8	0.25	0	1	0.000898227908970924	0.727272727272727
sqlserver	xt-30K-1000-120-8	1769	9300	0	8	0.5	0	1	0.000871932783205739	0.727272727272727
sqlserver	xt-30K-1000-120-8	1769	9301	0	8	0.75	0	1	0.000878135425620242	1
sqlserver	xt-30K-1000-120-8	1769	9302	0	8	1	0	1	0.000762671700382022	1
sqlserver	xt-30K-1000-120-8	1769	9303	0	8	0.25	0.01	0	0.00985055902576706	1
sqlserver	xt-30K-1000-120-8	1769	9324	0	8	0.5	0.01	0	0.00964117028082716	1
sqlserver	xt-30K-1000-120-8	1769	9325	0	8	0.75	0.01	0	0.00943766997701346	1
sqlserver	xt-30K-1000-120-8	1769	9326	0	8	1	0.01	0	0.00922613460200697	1
sqlserver	xt-30K-1000-120-8	1769	9327	0	8	0.25	0.1	0	0.00988769210876453	1
sqlserver	xt-30K-1000-120-8	1769	9330	0	8	0.5	0.1	0	0.00968999396748429	1
sqlserver	xt-30K-1000-120-8	1769	9331	0	8	0.75	0.1	0	0.00945968255975498	1
sqlserver	xt-30K-1000-120-8	1769	9332	0	8	1	0.1	0	0.00925250323236752	1
sqlserver	xt-30K-1000-120-8	1769	9333	0	8	0.25	1	0	0.0101826338298842	1
sqlserver	xt-30K-1000-120-8	1769	9335	0	8	0.5	1	0	0.0103217015255004	1
sqlserver	xt-30K-1000-120-8	1769	9338	0	8	0.75	1	0	0.00980219502123043	1
sqlserver	xt-30K-1000-120-8	1769	9386	0	8	1	1	0	0.00957174374248263	1
