1,1,1351,7207,1,0,0,0,0.25,0.000422288867191205,1,
1,1,1351,7246,1,0,0.333333333333333,0,0.25,0.000426000950555362,1,
1,1,1351,7286,1,0,0.666666666666667,0,0.25,0.00051444202550104,1,
1,1,1351,7306,1,0,1,0,0.25,0.000520209726548039,1,
1,1,1351,7327,1,0,0,0,0.5,0.000465918285683795,1,
1,1,1351,7366,1,0,0.333333333333333,0,0.5,0.000495767898690348,1,
1,1,1351,7406,1,0,0.666666666666667,0,0.5,0.000546952586712142,1,
1,1,1351,7427,1,0,1,0,0.5,0.000586320986134877,1,
1,1,1351,7467,1,0,0,0,0.75,0.000430931488910812,1,
1,1,1351,7506,1,0,0.333333333333333,0,0.75,0.000463087618639373,1,
1,1,1351,7546,1,0,0.666666666666667,0,0.75,0.000500626077101326,1,
1,1,1351,7587,1,0,1,0,0.75,0.000567185359845086,1,
1,1,1351,7627,1,0,0,0,1,0.000454956461000224,1,
1,1,1351,7666,1,0,0.333333333333333,0,1,0.00037025084000176,1,
1,1,1351,7686,1,0,0.666666666666667,0,1,0.000443194864529557,1,
1,1,1351,7706,1,0,1,0,1,0.000510331511295042,0,
1,1,1351,7726,1,0,0,0.01,0,0.000281323274619643,1,
1,1,1351,7747,1,0,0.333333333333333,0.01,0,0.000434633837239783,1,
1,1,1351,7766,1,0,0.666666666666667,0.01,0,0.000267044819812156,0.6,
1,1,1351,7786,1,0,1,0.01,0,0.000334461834592462,0.1,
1,1,1351,8126,1,0,0,0.1,0,0.000473767971682088,1,
1,1,1351,8146,1,0,0.333333333333333,0.1,0,0.000305802616773193,1,
1,1,1351,8166,1,0,0.666666666666667,0.1,0,0.000267657527980531,0.7,
1,1,1351,8186,1,0,1,0.1,0,0.000434902125661165,1,
1,1,1351,8526,1,0,0,1,0,0.000328722737423498,1,
1,1,1351,8547,1,0,0.333333333333333,1,0,0.000273901539062777,0.2,
1,1,1351,8567,1,0,0.666666666666667,1,0,0.000330863032268628,0.1,
1,1,1351,8586,1,0,1,1,0,0.000315923706843434,0,
1,2,1710,9266,1,0.142857142857143,0,0,0.25,0.000202517746062335,1,
1,2,1710,9305,1,0.142857142857143,0.333333333333333,0,0.25,0.000294686116970143,0.4,
1,2,1710,9306,1,0.142857142857143,0.666666666666667,0,0.25,0.000271908714800156,0.6,
1,2,1710,9308,1,0.142857142857143,1,0,0.25,0.000341873251472913,0.2,
1,2,1710,9310,1,0.142857142857143,0,0,0.5,0.000278200169239322,0.5,
1,2,1710,9312,1,0.142857142857143,0.333333333333333,0,0.5,0.000834974865756572,1,
1,2,1710,9313,1,0.142857142857143,0.666666666666667,0,0.5,0.00115306145490967,1,
1,2,1710,9315,1,0.142857142857143,1,0,0.5,0.000598427601335206,1,
1,2,1710,9329,1,0.142857142857143,0,0,1,0.000593248069445746,1,
1,2,1710,9434,1,0.142857142857143,0.333333333333333,0.01,0,0.861974152650706,1,
1,2,1710,9436,1,0.142857142857143,0.666666666666667,0.01,0,0.851749627969904,1,
1,2,1710,9439,1,0.142857142857143,1,0.01,0,0.973919999417753,1,
1,2,1710,9441,1,0.142857142857143,0,0.1,0,0.0386144101211394,1,
1,2,1710,9443,1,0.142857142857143,0.333333333333333,0.1,0,0.0303414716423601,0.4,
1,2,1710,9445,1,0.142857142857143,0.666666666666667,0.1,0,0.0738247719712289,0.1,
1,2,1710,9447,1,0.142857142857143,1,0.1,0,0.0154145942622944,1,
1,3,1630,8686,1,0.428571428571429,0,0,0.25,9.8707629368952e-05,0.6,
1,3,1630,9413,1,0.428571428571429,1,0,0.25,8.53964183054907e-05,1,
1,3,1630,9415,1,0.428571428571429,0,0,0.5,0.000312948063565396,1,
1,3,1630,9417,1,0.428571428571429,0.333333333333333,0,0.5,0.000327493514196533,1,
1,3,1630,9418,1,0.428571428571429,0.666666666666667,0,0.5,0.000345992950558819,1,
1,3,1630,9420,1,0.428571428571429,1,0,0.5,0.00035849073265428,1,
1,3,1630,9422,1,0.428571428571429,0,0,0.75,0.000308172296938457,1,
1,3,1630,9424,1,0.428571428571429,0.333333333333333,0,0.75,0.00030788523981095,1,
1,3,1630,9426,1,0.428571428571429,0.666666666666667,0,0.75,0.000304935333997119,1,
1,3,1630,9427,1,0.428571428571429,1,0,0.75,0.000299367375024425,1,
1,3,1630,9429,1,0.428571428571429,0,0,1,0.000305581130222702,1,
1,3,1630,9431,1,0.428571428571429,0.333333333333333,0,1,0.000298145552049816,1,
1,3,1630,9433,1,0.428571428571429,0.666666666666667,0,1,0.000309680918755368,1,
1,3,1630,9435,1,0.428571428571429,1,0,1,0.000318367255690738,1,
1,3,1630,9438,1,0.428571428571429,0,0.01,0,0.225976071525003,1,
1,3,1630,9440,1,0.428571428571429,0.333333333333333,0.01,0,0.708704476898847,1,
1,3,1630,9442,1,0.428571428571429,0.666666666666667,0.01,0,0.677626237783405,1,
1,3,1630,9444,1,0.428571428571429,1,0.01,0,1,1,
1,3,1630,9446,1,0.428571428571429,0,0.1,0,0.0149941164856014,0.5,
1,3,1630,9449,1,0.428571428571429,0.333333333333333,0.1,0,0.0059169674462516,0.4,
1,3,1630,9451,1,0.428571428571429,0.666666666666667,0.1,0,0.00851254637759116,0.6,
1,3,1630,9453,1,0.428571428571429,1,0.1,0,0.0833389924296109,0.4,
1,3,1630,9455,1,0.428571428571429,0,1,0,0.00612046418502118,1,
1,3,1630,9456,1,0.428571428571429,0.333333333333333,1,0,0.000840751141825651,1,
1,4,1869,9295,1,1,0,0,0.25,0.000306882969454829,1,
1,4,1869,9304,1,1,0.333333333333333,0,0.25,0.000318401050203236,1,
1,4,1869,9307,1,1,0.666666666666667,0,0.25,0.000326393501971503,1,
1,4,1869,9309,1,1,1,0,0.25,0.000341168281791545,1,
1,4,1869,9311,1,1,0,0,0.5,0.000319502805226668,1,
1,4,1869,9314,1,1,0.333333333333333,0,0.5,0.000320721274398118,1,
1,4,1869,9316,1,1,0.666666666666667,0,0.5,0.000327991923912927,1,
1,4,1869,9318,1,1,1,0,0.5,0.00033488917623963,1,
1,4,1869,9320,1,1,0,0,0.75,0.000322001634192541,1,
1,4,1869,9322,1,1,0.333333333333333,0,0.75,0.000320139906351097,1,
1,4,1869,9328,1,1,0.666666666666667,0,0.75,0.000311516407271655,1,
1,4,1869,9336,1,1,1,0,0.75,0.000311230750660207,1,
1,4,1869,9339,1,1,0,0,1,0.000311398477764526,1,
1,4,1869,9348,1,1,0.333333333333333,0,1,0.000309759838958772,1,
1,4,1869,9353,1,1,0.666666666666667,0,1,0.000252988944580805,0.7,
1,4,1869,9355,1,1,1,0,1,0.000306922987302675,1,
1,4,1869,9409,1,1,0,0.01,0,0.229565750066758,0.5,
1,4,1869,9412,1,1,0.333333333333333,0.01,0,0.885574325507047,1,
1,4,1869,9414,1,1,0.666666666666667,0.01,0,0.933314431553867,1,
1,4,1869,9416,1,1,1,0.01,0,2.01973180073422e-06,1,
1,4,1869,9419,1,1,0,0.1,0,1.15578276821119e-06,1,
1,4,1869,9421,1,1,0.333333333333333,0.1,0,7.70913574913351e-08,1,
1,4,1869,9423,1,1,0.666666666666667,0.1,0,0,1,
1,4,1869,9425,1,1,1,0.1,0,0.0512508056506618,0.3,
1,4,1869,9428,1,1,0,1,0,0.00259026056212155,0.6,
1,4,1869,9430,1,1,0.333333333333333,1,0,0.0169069985178679,0.4,
1,4,1869,9432,1,1,0.666666666666667,1,0,4.59270256762143e-05,1,
1,4,1869,9437,1,1,1,1,0,1.55550625386503e-06,1,
1,9,689,1602,0,0,0,0,0.25,0.000337255274733145,1,
1,9,689,1623,0,0,0.333333333333333,0,0.25,0.0003296425100288,1,
1,9,689,1661,0,0,0.666666666666667,0,0.25,0.000818009909457206,0.4,
1,9,689,1683,0,0,1,0,0.25,0.000802568885237951,1,
1,9,689,1723,0,0,0,0,0.5,0.000356337521012123,1,
1,9,689,1763,0,0,0.333333333333333,0,0.5,0.000317512017674399,1,
1,9,689,1801,0,0,0.666666666666667,0,0.5,0.000768188187028868,1,
1,9,689,1842,0,0,1,0,0.5,0.000847077603866961,0.6,
1,9,689,1882,0,0,0,0,0.75,0.000348271328697611,1,
1,9,689,1902,0,0,0.333333333333333,0,0.75,0.000347035990094679,1,
1,9,689,1923,0,0,0.666666666666667,0,0.75,0.0007662611014944,0,
1,9,689,1943,0,0,1,0,0.75,0.000795336982219196,0.1,
1,9,689,1983,0,0,0,0,1,0.000355510835223616,1,
1,9,689,2022,0,0,0.333333333333333,0,1,0.000338958558759292,1,
1,9,689,2043,0,0,0.666666666666667,0,1,0.000766676020292801,0.5,
1,9,689,2083,0,0,1,0,1,0.000716978667343217,0.5,
1,9,689,2123,0,0,0,0.01,0,0.000259926118652929,0.4,
1,9,689,2142,0,0,0.333333333333333,0.01,0,0.000246384773081948,0.1,
1,9,689,2144,0,0,0.666666666666667,0.01,0,0.000246280045566257,0.1,
1,9,689,2147,0,0,1,0.01,0,0.000282595067582887,0.1,
1,9,689,2503,0,0,0,0.1,0,0.00022066110879835,0.1,
1,9,689,2522,0,0,0.333333333333333,0.1,0,0.000295375775556422,0.1,
1,9,689,2541,0,0,0.666666666666667,0.1,0,0.00037815179472447,0.1,
1,9,689,4105,0,0,0,1,0,0.000280904426154923,1,
1,9,689,4124,0,0,0.333333333333333,1,0,0.000239958344783434,0.1,
1,9,689,4125,0,0,0.666666666666667,1,0,0.000242417615323967,1,
1,9,689,4144,0,0,1,1,0,0.000255779833222107,0.2,
1,10,949,401,0,0.142857142857143,0,0,0.25,0.000233357635019081,1,
1,10,949,422,0,0.142857142857143,0.333333333333333,0,0.25,0.000241870162639409,1,
1,10,949,462,0,0.142857142857143,0.666666666666667,0,0.25,0.000247380879141527,0.6,
1,10,949,482,0,0.142857142857143,1,0,0.25,0.000243226696362134,1,
1,10,949,521,0,0.142857142857143,0,0,0.5,0.000211805041660925,1,
1,10,949,542,0,0.142857142857143,0.333333333333333,0,0.5,0.000238997424799713,0.4,
1,10,949,582,0,0.142857142857143,0.666666666666667,0,0.5,0.000212507029179494,1,
1,10,949,601,0,0.142857142857143,1,0,0.5,0.000218953935767276,1,
1,10,949,641,0,0.142857142857143,0,0,0.75,0.000210937976810145,1,
1,10,949,662,0,0.142857142857143,0.333333333333333,0,0.75,0.000231895310684847,0.4,
1,10,949,702,0,0.142857142857143,0.666666666666667,0,0.75,0.000240335489321324,0.6,
1,10,949,741,0,0.142857142857143,1,0,0.75,0.00025212762308942,0.6,
1,10,949,762,0,0.142857142857143,0,0,1,0.000223539737249673,0.7,
1,10,949,841,0,0.142857142857143,0.666666666666667,0,1,0.000212316781923685,1,
1,10,949,862,0,0.142857142857143,1,0,1,0.000237477500455268,0.5,
1,10,949,902,0,0.142857142857143,0,0.01,0,0.000200880826693857,1,
1,10,949,941,0,0.142857142857143,0.333333333333333,0.01,0,0.000217069355351026,1,
1,10,949,962,0,0.142857142857143,0.666666666666667,0.01,0,0.000244572666502615,0.4,
1,10,949,1001,0,0.142857142857143,1,0.01,0,0.00017873123997461,0.3,
1,10,949,1441,0,0.142857142857143,0,0.1,0,0.000143104971038454,0.7,
1,10,949,1461,0,0.142857142857143,0.333333333333333,0.1,0,0.000179530481443795,0.5,
1,10,949,1482,0,0.142857142857143,0.666666666666667,0.1,0,0.000200844045494148,1,
1,10,949,1501,0,0.142857142857143,1,0.1,0,0.000201652022097373,1,
1,10,949,1821,0,0.142857142857143,0,1,0,0.000180421257884835,1,
1,10,949,1841,0,0.142857142857143,0.333333333333333,1,0,0.000163969234931543,0.4,
1,10,949,1861,0,0.142857142857143,0.666666666666667,1,0,0.000194089861509878,0.4,
1,10,949,1881,0,0.142857142857143,1,1,0,0.00017397117360915,1,
1,11,849,2203,0,0.428571428571429,0,0,0.25,6.76765213646293e-05,1,
1,11,849,2222,0,0.428571428571429,0.333333333333333,0,0.25,6.4584011829353e-05,1,
1,11,849,2224,0,0.428571428571429,0.666666666666667,0,0.25,6.01211428684388e-05,1,
1,11,849,2225,0,0.428571428571429,1,0,0.25,5.99172987199647e-05,1,
1,11,849,2228,0,0.428571428571429,0,0,0.5,6.90816228669274e-05,1,
1,11,849,2242,0,0.428571428571429,0.333333333333333,0,0.5,6.36478926136807e-05,1,
1,11,849,2261,0,0.428571428571429,0.666666666666667,0,0.5,6.23175324181523e-05,1,
1,11,849,2263,0,0.428571428571429,1,0,0.5,6.27628290215383e-05,1,
1,11,849,2283,0,0.428571428571429,0,0,0.75,6.83615938808445e-05,1,
1,11,849,2301,0,0.428571428571429,0.333333333333333,0,0.75,6.97962043186653e-05,1,
1,11,849,2304,0,0.428571428571429,0.666666666666667,0,0.75,6.4141214418843e-05,1,
1,11,849,2322,0,0.428571428571429,1,0,0.75,5.90273417729781e-05,1,
1,11,849,2323,0,0.428571428571429,0,0,1,6.47180075660974e-05,1,
1,11,849,2326,0,0.428571428571429,0.333333333333333,0,1,6.28946437946075e-05,1,
1,11,849,2342,0,0.428571428571429,0.666666666666667,0,1,6.37226896283237e-05,1,
1,11,849,3003,0,0.428571428571429,0,0.1,0,4.97759032536406e-05,0.5,
1,11,849,3004,0,0.428571428571429,0.333333333333333,0.1,0,7.01397065255145e-05,0.5,
1,11,849,3024,0,0.428571428571429,1,0.1,0,3.56553090513606e-05,0.5,
1,11,849,3184,0,0.428571428571429,0.333333333333333,1,0,6.16893391051581e-05,0.4,
1,12,1870,3764,0,1,0,0,0.25,0.000299213740906488,1,
1,12,1870,3804,0,1,0.333333333333333,0,0.25,0.000318299453087356,1,
1,12,1870,3806,0,1,0.666666666666667,0,0.25,0.000330565577641272,1,
1,12,1870,3823,0,1,1,0,0.25,0.000332750010318623,1,
1,12,1870,3843,0,1,0,0,0.5,0.000314553919269458,1,
1,12,1870,3863,0,1,0.333333333333333,0,0.5,0.00032999641627625,1,
1,12,1870,4164,0,1,0.666666666666667,0,0.5,0.000335509281675273,1,
1,12,1870,4184,0,1,1,0,0.5,0.000310843041993339,1,
1,12,1870,4204,0,1,0,0,0.75,0.000310857619723413,1,
1,12,1870,4224,0,1,0.333333333333333,0,0.75,0.000319548157322352,1,
1,12,1870,4244,0,1,0.666666666666667,0,0.75,0.000322532568017008,1,
1,12,1870,4265,0,1,1,0,0.75,0.000332253363858461,1,
1,12,1870,4384,0,1,0,0,1,0.00031991117402137,1,
1,12,1870,4604,0,1,0.333333333333333,0,1,0.000322292171331891,1,
1,12,1870,4625,0,1,0.666666666666667,0,1,0.000323932206117153,1,
1,12,1870,4724,0,1,1,0,1,0.000326817486829509,1,
1,12,1870,4765,0,1,0,0.01,0,0.202942184220805,0.6,
1,12,1870,4805,0,1,0.333333333333333,0.01,0,0.461501020317614,0.4,
1,12,1870,4824,0,1,0.666666666666667,0.01,0,0.859300425838552,1,
1,12,1870,4844,0,1,1,0.01,0,0.945273218574546,1,
1,12,1870,5205,0,1,0,0.1,0,0.0327800823041495,1,
1,12,1870,5245,0,1,0.333333333333333,0.1,0,0.0364072875425912,1,
1,12,1870,5284,0,1,0.666666666666667,0.1,0,0.0152490989075088,0.5,
1,12,1870,5304,0,1,1,0.1,0,0.0386678188661979,0.7,
1,12,1870,5606,0,1,0,1,0,0.00356828424278153,1,
1,12,1870,5608,0,1,0.333333333333333,1,0,0.0138474047228992,1,
1,12,1870,5626,0,1,0.666666666666667,1,0,0.0343239252708034,0.6,
1,12,1870,5628,0,1,1,1,0,0.000205235781601569,1,
3,1,1329,7207,1,0,0,0,0.25,0.0108400195422749,0.7,
3,1,1329,7246,1,0,0.333333333333333,0,0.25,0.0127617979508152,0.5,
3,1,1329,7286,1,0,0.666666666666667,0,0.25,0.0128548607818518,0.6,
3,1,1329,7306,1,0,1,0,0.25,0.016470899612072,0.4,
3,1,1329,7327,1,0,0,0,0.5,0.0157321672646202,0,
3,1,1329,7366,1,0,0.333333333333333,0,0.5,0.0201571941733909,0,
3,1,1329,7406,1,0,0.666666666666667,0,0.5,0.0212044015075792,0.2,
3,1,1329,7427,1,0,1,0,0.5,0.015380125180955,1,
3,1,1329,7467,1,0,0,0,0.75,0.0126881348161278,0,
3,1,1329,7506,1,0,0.333333333333333,0,0.75,0.0144398254724671,1,
3,1,1329,7546,1,0,0.666666666666667,0,0.75,0.0130675023702946,0.6,
3,1,1329,7587,1,0,1,0,0.75,0.0117950394911162,0.5,
3,1,1329,7627,1,0,0,0,1,0.0126916991900485,0.7,
3,1,1329,7666,1,0,0.333333333333333,0,1,0.0144434385499493,1,
3,1,1329,7686,1,0,0.666666666666667,0,1,0.0194876625726741,0.2,
3,1,1329,7706,1,0,1,0,1,0.0128690695329319,0.6,
3,1,1329,7726,1,0,0,0.01,0,0.0137378551926941,1,
3,1,1329,7747,1,0,0.333333333333333,0.01,0,0.01381196677047,1,
3,1,1329,7766,1,0,0.666666666666667,0.01,0,0.0134783824646577,1,
3,1,1329,7786,1,0,1,0.01,0,0.0137202468003516,1,
3,1,1329,8126,1,0,0,0.1,0,0.0140871866129659,1,
3,1,1329,8146,1,0,0.333333333333333,0.1,0,0.0133242629868617,1,
3,1,1329,8166,1,0,0.666666666666667,0.1,0,0.0135216564553145,1,
3,1,1329,8186,1,0,1,0.1,0,0.0149005103451449,1,
3,1,1329,8526,1,0,0,1,0,0.0189513844969918,1,
3,1,1329,8547,1,0,0.333333333333333,1,0,0.0164461077413983,1,
3,1,1329,8567,1,0,0.666666666666667,1,0,0.0140572277060262,1,
3,1,1329,8586,1,0,1,1,0,0.0136676835075349,1,
3,2,1610,9266,1,0.142857142857143,0,0,0.25,0.00260897096095589,1,
3,2,1610,9305,1,0.142857142857143,0.333333333333333,0,0.25,0.00252748551370587,1,
3,2,1610,9306,1,0.142857142857143,0.666666666666667,0,0.25,0.00286483507658633,1,
3,2,1610,9308,1,0.142857142857143,1,0,0.25,0.00293542783917697,1,
3,2,1610,9310,1,0.142857142857143,0,0,0.5,0.00217176275271209,1,
3,2,1610,9312,1,0.142857142857143,0.333333333333333,0,0.5,0.00216508790002945,1,
3,2,1610,9313,1,0.142857142857143,0.666666666666667,0,0.5,0.00233140726781652,1,
3,2,1610,9315,1,0.142857142857143,1,0,0.5,0.00131609051804415,1,
3,2,1610,9317,1,0.142857142857143,0,0,0.75,0.00124179928644563,1,
3,2,1610,9319,1,0.142857142857143,0.333333333333333,0,0.75,0.000597079655402322,1,
3,2,1610,9321,1,0.142857142857143,0.666666666666667,0,0.75,0.00103085570086661,1,
3,2,1610,9323,1,0.142857142857143,1,0,0.75,0.000481323072585283,1,
3,2,1610,9329,1,0.142857142857143,0,0,1,0.00108668641724171,1,
3,2,1610,9334,1,0.142857142857143,0.333333333333333,0,1,0.000446324621593344,0,
3,2,1610,9337,1,0.142857142857143,0.666666666666667,0,1,0.00113160608398876,0.4,
3,2,1610,9340,1,0.142857142857143,1,0,1,0.000408731335634159,1,
3,2,1610,9341,1,0.142857142857143,0,0.01,0,0,0.6,
3,2,1610,9434,1,0.142857142857143,0.333333333333333,0.01,0,0.00110001302654078,0.3,
3,2,1610,9436,1,0.142857142857143,0.666666666666667,0.01,0,0.000527419976155668,0.2,
3,2,1610,9439,1,0.142857142857143,1,0.01,0,0.000789906923415926,0.1,
3,2,1610,9441,1,0.142857142857143,0,0.1,0,0.00112189588806376,0.3,
3,2,1610,9443,1,0.142857142857143,0.333333333333333,0.1,0,0.00450271262604085,1,
3,2,1610,9445,1,0.142857142857143,0.666666666666667,0.1,0,0.00345935196869123,1,
3,2,1610,9447,1,0.142857142857143,1,0.1,0,0.00168303624280323,0.5,
3,2,1610,9448,1,0.142857142857143,0,1,0,0.00116862948459981,0.5,
3,2,1610,9450,1,0.142857142857143,0.333333333333333,1,0,0.00110031134697015,0.1,
3,2,1610,9452,1,0.142857142857143,0.666666666666667,1,0,0.00111692375637609,0.2,
3,2,1610,9454,1,0.142857142857143,1,1,0,0.00581187276261479,0,
3,3,1709,8686,1,0.428571428571429,0,0,0.25,0.00544037897206367,1,
3,3,1709,8766,1,0.428571428571429,0.333333333333333,0,0.25,0.00533736239057699,0.2,
3,3,1709,8806,1,0.428571428571429,0.666666666666667,0,0.25,0.00694534265410929,1,
3,3,1709,9413,1,0.428571428571429,1,0,0.25,0.00675562349307687,1,
3,3,1709,9415,1,0.428571428571429,0,0,0.5,0.00587582889218601,0.1,
3,3,1709,9417,1,0.428571428571429,0.333333333333333,0,0.5,0.00592817969791696,0.2,
3,3,1709,9418,1,0.428571428571429,0.666666666666667,0,0.5,0.00559439686469106,0.2,
3,3,1709,9420,1,0.428571428571429,1,0,0.5,0.00559498592459471,0.2,
3,3,1709,9422,1,0.428571428571429,0,0,0.75,0.00721961845460147,0.1,
3,3,1709,9424,1,0.428571428571429,0.333333333333333,0,0.75,0.0124967153879966,0.1,
3,3,1709,9426,1,0.428571428571429,0.666666666666667,0,0.75,0.00905106272752133,0.1,
3,3,1709,9427,1,0.428571428571429,1,0,0.75,0.00990805640671835,0.2,
3,3,1709,9429,1,0.428571428571429,0,0,1,0.02209870894642,0,
3,3,1709,9431,1,0.428571428571429,0.333333333333333,0,1,0.0119365805070514,0,
3,3,1709,9433,1,0.428571428571429,0.666666666666667,0,1,0.015728439149061,0,
3,3,1709,9435,1,0.428571428571429,1,0,1,0.00932135306701753,0.1,
3,3,1709,9451,1,0.428571428571429,0.666666666666667,0.1,0,0.00302676309176721,1,
3,3,1709,9456,1,0.428571428571429,0.333333333333333,1,0,0.00289919781927458,1,
3,3,1709,9457,1,0.428571428571429,0.666666666666667,1,0,0.00323443972773805,0.7,
3,4,1609,9295,1,1,0,0,0.25,0.00558453380887047,0,
3,4,1609,9304,1,1,0.333333333333333,0,0.25,0.00587046901966782,0,
3,4,1609,9307,1,1,0.666666666666667,0,0.25,0.00543506849024459,0,
3,4,1609,9309,1,1,1,0,0.25,0.00494544869154242,0,
3,4,1609,9311,1,1,0,0,0.5,0.00633232441963397,0,
3,4,1609,9314,1,1,0.333333333333333,0,0.5,0.00474697585281196,0,
3,4,1609,9316,1,1,0.666666666666667,0,0.5,0.00652009610380783,0,
3,4,1609,9318,1,1,1,0,0.5,0.00463806360952953,0,
3,4,1609,9320,1,1,0,0,0.75,0.00459627936307838,0,
3,4,1609,9322,1,1,0.333333333333333,0,0.75,0.00458444384767014,0,
3,4,1609,9336,1,1,1,0,0.75,0.00411910103641815,0,
3,4,1609,9339,1,1,0,0,1,0.00476436992078143,0,
3,4,1609,9348,1,1,0.333333333333333,0,1,0.00458796396448928,0,
3,4,1609,9353,1,1,0.666666666666667,0,1,0.00413781342950997,0,
3,4,1609,9355,1,1,1,0,1,0.00739899174129333,0,
3,4,1609,9409,1,1,0,0.01,0,0.00127069943214506,0.7,
3,4,1609,9412,1,1,0.333333333333333,0.01,0,0.00153277210595151,0.6,
3,4,1609,9414,1,1,0.666666666666667,0.01,0,0.00218223757707169,1,
3,4,1609,9416,1,1,1,0.01,0,0.00241543158942137,1,
3,4,1609,9419,1,1,0,0.1,0,0.00212784780776922,1,
3,4,1609,9421,1,1,0.333333333333333,0.1,0,0.00227251328780804,1,
3,4,1609,9423,1,1,0.666666666666667,0.1,0,0.0022109142154146,1,
3,4,1609,9425,1,1,1,0.1,0,0.00200900323410443,1,
3,4,1609,9428,1,1,0,1,0,0.00219006499587925,1,
3,4,1609,9430,1,1,0.333333333333333,1,0,0.00141964142559934,1,
3,4,1609,9432,1,1,0.666666666666667,1,0,0.00154466181626933,0.7,
3,4,1609,9437,1,1,1,1,0,0.00207203952086861,1,
3,9,889,1602,0,0,0,0,0.25,0.00164738961868275,1,
3,9,889,1623,0,0,0.333333333333333,0,0.25,0.00304124473593089,1,
3,9,889,1661,0,0,0.666666666666667,0,0.25,0.00390454177774621,1,
3,9,889,1683,0,0,1,0,0.25,0.00341126611417574,1,
3,9,889,1723,0,0,0,0,0.5,0.00189566087092719,1,
3,9,889,1763,0,0,0.333333333333333,0,0.5,0.00324693526845349,1,
3,9,889,1801,0,0,0.666666666666667,0,0.5,0.00381065067596234,1,
3,9,889,1842,0,0,1,0,0.5,0.00291783285586339,1,
3,9,889,1882,0,0,0,0,0.75,0.00187353246179443,1,
3,9,889,1902,0,0,0.333333333333333,0,0.75,0.00324770382259626,1,
3,9,889,1923,0,0,0.666666666666667,0,0.75,0.00395955797193052,0.5,
3,9,889,1943,0,0,1,0,0.75,0.00307410498936494,1,
3,9,889,1983,0,0,0,0,1,0.00173829906417061,1,
3,9,889,2022,0,0,0.333333333333333,0,1,0.00324515318367725,1,
3,9,889,2043,0,0,0.666666666666667,0,1,0.00400823730663451,1,
3,9,889,2083,0,0,1,0,1,0.00288605249403162,1,
3,9,889,2123,0,0,0,0.01,0,0.152220537807919,1,
3,9,889,2142,0,0,0.333333333333333,0.01,0,0.177840466008982,0.1,
3,9,889,2144,0,0,0.666666666666667,0.01,0,0.167531046400147,0,
3,9,889,2147,0,0,1,0.01,0,0.246235610039565,1,
3,9,889,2503,0,0,0,0.1,0,0.0912593123161664,1,
3,9,889,2522,0,0,0.333333333333333,0.1,0,0.19198944386637,1,
3,9,889,2541,0,0,0.666666666666667,0.1,0,0.110526590320147,1,
3,9,889,2561,0,0,1,0.1,0,0.252600696010516,0.3,
3,9,889,4105,0,0,0,1,0,0.0573378239636615,1,
3,9,889,4124,0,0,0.333333333333333,1,0,0.178790714535807,0.4,
3,9,889,4125,0,0,0.666666666666667,1,0,0.142930869344541,1,
3,9,889,4144,0,0,1,1,0,0.120908928316363,1,
3,10,610,401,0,0.142857142857143,0,0,0.25,0.00110795846093566,1,
3,10,610,422,0,0.142857142857143,0.333333333333333,0,0.25,0.00192560554738332,1,
3,10,610,462,0,0.142857142857143,0.666666666666667,0,0.25,0.00257361141822677,1,
3,10,610,482,0,0.142857142857143,1,0,0.25,0.0023519582346548,1,
3,10,610,521,0,0.142857142857143,0,0,0.5,0.00103244514549048,1,
3,10,610,542,0,0.142857142857143,0.333333333333333,0,0.5,0.00190131147137143,1,
3,10,610,582,0,0.142857142857143,0.666666666666667,0,0.5,0.00230363294962248,1,
3,10,610,601,0,0.142857142857143,1,0,0.5,0.00262184519290142,1,
3,10,610,641,0,0.142857142857143,0,0,0.75,0.00758604221921841,0,
3,10,610,662,0,0.142857142857143,0.333333333333333,0,0.75,0.00312388047013507,1,
3,10,610,702,0,0.142857142857143,0.666666666666667,0,0.75,0.00251421216557047,1,
3,10,610,741,0,0.142857142857143,1,0,0.75,0.00271884371228747,1,
3,10,610,762,0,0.142857142857143,0,0,1,0.00117530186862984,1,
3,10,610,802,0,0.142857142857143,0.333333333333333,0,1,0.00218594364654661,1,
3,10,610,841,0,0.142857142857143,0.666666666666667,0,1,0.00265227223879739,1,
3,10,610,862,0,0.142857142857143,1,0,1,0.00256974125411332,1,
3,10,610,902,0,0.142857142857143,0,0.01,0,0.0999844274858872,0.6,
3,10,610,941,0,0.142857142857143,0.333333333333333,0.01,0,0.173571316704619,1,
3,10,610,962,0,0.142857142857143,0.666666666666667,0.01,0,0.171562257411032,0,
3,10,610,1001,0,0.142857142857143,1,0.01,0,0.242663074264868,0.1,
3,10,610,1441,0,0.142857142857143,0,0.1,0,0.0846941306087561,0.7,
3,10,610,1461,0,0.142857142857143,0.333333333333333,0.1,0,0.0276726940262088,0,
3,10,610,1482,0,0.142857142857143,0.666666666666667,0.1,0,0.235518011255954,0.2,
3,10,610,1501,0,0.142857142857143,1,0.1,0,0.179421700804339,0,
3,10,610,1821,0,0.142857142857143,0,1,0,0.0914385779987148,0.2,
3,10,610,1841,0,0.142857142857143,0.333333333333333,1,0,0.325411505202156,0,
3,10,610,1861,0,0.142857142857143,0.666666666666667,1,0,0.255394859474691,0.3,
3,10,610,1881,0,0.142857142857143,1,1,0,0.0926204191544638,0.1,
3,11,809,2222,0,0.428571428571429,0.333333333333333,0,0.25,0.0144943610344226,0,
3,11,809,2224,0,0.428571428571429,0.666666666666667,0,0.25,0.00579818724279453,0.4,
3,11,809,2225,0,0.428571428571429,1,0,0.25,0.00580087019360499,0.3,
3,11,809,2228,0,0.428571428571429,0,0,0.5,0.00544940044404821,0.2,
3,11,809,2242,0,0.428571428571429,0.333333333333333,0,0.5,0.0119492212175861,0.1,
3,11,809,2261,0,0.428571428571429,0.666666666666667,0,0.5,0.00644556427523942,0.2,
3,11,809,2263,0,0.428571428571429,1,0,0.5,0.00627574317066988,0.4,
3,11,809,2283,0,0.428571428571429,0,0,0.75,0.00546413235962885,0.2,
3,11,809,2301,0,0.428571428571429,0.333333333333333,0,0.75,0.00591730362781535,0.1,
3,11,809,2304,0,0.428571428571429,0.666666666666667,0,0.75,0.00651653431908528,0,
3,11,809,2322,0,0.428571428571429,1,0,0.75,0.00598746186632696,0.5,
3,11,809,2323,0,0.428571428571429,0,0,1,0.0152826016210801,0,
3,11,809,2326,0,0.428571428571429,0.333333333333333,0,1,0.00561452047066835,0.4,
3,11,809,2342,0,0.428571428571429,0.666666666666667,0,1,0.00591811901046074,0.5,
3,11,809,2344,0,0.428571428571429,1,0,1,0.00579765259373094,0.4,
3,11,809,2382,0,0.428571428571429,0.333333333333333,0.01,0,0.9831409586747,0.1,
3,11,809,2387,0,0.428571428571429,1,0.01,0,0.565240701052369,0.4,
3,11,809,3023,0,0.428571428571429,0.666666666666667,0.1,0,0.485538569354128,1,
3,11,809,3204,0,0.428571428571429,1,1,0,1,0.1,
3,12,1109,3764,0,1,0,0,0.25,0.00444309515063773,0,
3,12,1109,3804,0,1,0.333333333333333,0,0.25,0.0103445077913889,0,
3,12,1109,3823,0,1,1,0,0.25,0.00488552471166901,0,
3,12,1109,3863,0,1,0.333333333333333,0,0.5,0.00471728721348991,0,
3,12,1109,4164,0,1,0.666666666666667,0,0.5,0.00445900184677489,0,
3,12,1109,4184,0,1,1,0,0.5,0.00472651264218729,0,
3,12,1109,4204,0,1,0,0,0.75,0.00458067961997039,0,
3,12,1109,4224,0,1,0.333333333333333,0,0.75,0.00466765644314476,0,
3,12,1109,4244,0,1,0.666666666666667,0,0.75,0.00774404935429215,0,
3,12,1109,4265,0,1,1,0,0.75,0.00767496460238631,0,
3,12,1109,4384,0,1,0,0,1,0.0122611930430918,0,
3,12,1109,4604,0,1,0.333333333333333,0,1,0.00572459382313674,0,
3,12,1109,4625,0,1,0.666666666666667,0,1,0.00802306278067148,0,
3,12,1109,4724,0,1,1,0,1,0.00684311822899405,0,
3,12,1109,4805,0,1,0.333333333333333,0.01,0,0.400203931724336,0.5,
3,12,1109,4844,0,1,1,0.01,0,0.728067895463633,1,
3,12,1109,5205,0,1,0,0.1,0,0.152393397712905,0.3,
3,12,1109,5245,0,1,0.333333333333333,0.1,0,0.542141485759885,0.1,
3,12,1109,5606,0,1,0,1,0,0.188233676534542,0.4,
3,12,1109,5608,0,1,0.333333333333333,1,0,0.521224191032049,1,
3,12,1109,5626,0,1,0.666666666666667,1,0,0.672041883165897,0.3,
3,12,1109,5628,0,1,1,1,0,0.435228672784339,0.2,
4,1,1129,7207,1,0,0,0,0.25,0.000918627943374498,1,
4,1,1129,7246,1,0,0.333333333333333,0,0.25,0.000820158987091309,1,
4,1,1129,7286,1,0,0.666666666666667,0,0.25,0.000786563986572344,0.7,
4,1,1129,7306,1,0,1,0,0.25,0.000900517515701511,1,
4,1,1129,7327,1,0,0,0,0.5,0.000750958391959154,1,
4,1,1129,7366,1,0,0.333333333333333,0,0.5,0.000676564958992388,1,
4,1,1129,7406,1,0,0.666666666666667,0,0.5,0.000622271178956161,1,
4,1,1129,7427,1,0,1,0,0.5,0.000688789767017803,1,
4,1,1129,7467,1,0,0,0,0.75,0.00075033238685177,1,
4,1,1129,7506,1,0,0.333333333333333,0,0.75,0.000777952723466424,1,
4,1,1129,7546,1,0,0.666666666666667,0,0.75,0.000682135242998777,1,
4,1,1129,7587,1,0,1,0,0.75,0.000684907365321892,1,
4,1,1129,7627,1,0,0,0,1,0.000670125957929054,1,
4,1,1129,7666,1,0,0.333333333333333,0,1,0.000851816805048369,1,
4,1,1129,7686,1,0,0.666666666666667,0,1,0.000866207773247799,1,
4,1,1129,7706,1,0,1,0,1,0.000814411294382854,1,
4,1,1129,7726,1,0,0,0.01,0,0.00156164639923863,1,
4,1,1129,7747,1,0,0.333333333333333,0.01,0,0.00159288605391503,1,
4,1,1129,7766,1,0,0.666666666666667,0.01,0,0.00157161356274398,1,
4,1,1129,7786,1,0,1,0.01,0,0.00153165081513371,1,
4,1,1129,8126,1,0,0,0.1,0,0.0072824306924689,1,
4,1,1129,8146,1,0,0.333333333333333,0.1,0,0.00737983304163874,1,
4,1,1129,8166,1,0,0.666666666666667,0.1,0,0.00696493495350595,1,
4,1,1129,8186,1,0,1,0.1,0,0.00669102800915713,1,
4,1,1129,8526,1,0,0,1,0,0.0598794473507838,1,
4,1,1129,8567,1,0,0.666666666666667,1,0,0.0618927741443543,1,
4,2,1729,9266,1,0.142857142857143,0,0,0.25,0.000723066144358714,1,
4,2,1729,9306,1,0.142857142857143,0.666666666666667,0,0.25,0.00072290843843494,1,
4,2,1729,9308,1,0.142857142857143,1,0,0.25,0.000905674022416919,0.5,
4,2,1729,9310,1,0.142857142857143,0,0,0.5,0.000673515150082865,1,
4,2,1729,9317,1,0.142857142857143,0,0,0.75,4.19439098195143e-07,1,
4,2,1729,9329,1,0.142857142857143,0,0,1,0,1,
4,2,1729,9447,1,0.142857142857143,1,0.1,0,0.744538086303547,0.5,
4,2,1729,9448,1,0.142857142857143,0,1,0,0.743724314806855,1,
4,2,1729,9452,1,0.142857142857143,0.666666666666667,1,0,0.752317316444584,1,
4,2,1729,9454,1,0.142857142857143,1,1,0,0.733395261034065,1,
4,3,1472,8686,1,0.428571428571429,0,0,0.25,0.000133997625046183,1,
4,3,1472,8766,1,0.428571428571429,0.333333333333333,0,0.25,0.000119762813371113,0.6,
4,3,1472,8806,1,0.428571428571429,0.666666666666667,0,0.25,0.000176364292116004,1,
4,3,1472,9413,1,0.428571428571429,1,0,0.25,0.000171732699923255,1,
4,3,1472,9415,1,0.428571428571429,0,0,0.5,0.000108968774885677,1,
4,3,1472,9417,1,0.428571428571429,0.333333333333333,0,0.5,0.000145218078803925,1,
4,3,1472,9418,1,0.428571428571429,0.666666666666667,0,0.5,0.000149334820406066,1,
4,3,1472,9420,1,0.428571428571429,1,0,0.5,0.000112449950492916,1,
4,3,1472,9422,1,0.428571428571429,0,0,0.75,0.000104183551745469,1,
4,3,1472,9424,1,0.428571428571429,0.333333333333333,0,0.75,0.00013994734547409,1,
4,3,1472,9426,1,0.428571428571429,0.666666666666667,0,0.75,0.000101625632235455,0.5,
4,3,1472,9427,1,0.428571428571429,1,0,0.75,0.000190826649333666,0.4,
4,3,1472,9429,1,0.428571428571429,0,0,1,0.000486051175530641,0,
4,3,1472,9431,1,0.428571428571429,0.333333333333333,0,1,0.000224375296683488,0.5,
4,3,1472,9433,1,0.428571428571429,0.666666666666667,0,1,0.00043601537531089,0,
4,3,1472,9435,1,0.428571428571429,1,0,1,0.000191013629003303,0.5,
4,3,1472,9438,1,0.428571428571429,0,0.01,0,0.000710990650583258,0.5,
4,3,1472,9442,1,0.428571428571429,0.666666666666667,0.01,0,0.000423942794281444,0.4,
4,3,1472,9444,1,0.428571428571429,1,0.01,0,0.000841432575508593,0.2,
4,3,1472,9451,1,0.428571428571429,0.666666666666667,0.1,0,0.00242231257508463,0.5,
4,3,1472,9455,1,0.428571428571429,0,1,0,0.0177994481861772,1,
4,3,1472,9456,1,0.428571428571429,0.333333333333333,1,0,0.0187942959988613,0.7,
4,3,1472,9457,1,0.428571428571429,0.666666666666667,1,0,0.0226948257870096,0.5,
4,4,1749,9295,1,1,0,0,0.25,0.000203526787543418,0.3,
4,4,1749,9307,1,1,0.666666666666667,0,0.25,0.000125414781486238,0.3,
4,4,1749,9309,1,1,1,0,0.25,0.000684192511888515,0,
4,4,1749,9311,1,1,0,0,0.5,0.000143807453488995,0.3,
4,4,1749,9314,1,1,0.333333333333333,0,0.5,0.000906987433008976,0.4,
4,4,1749,9318,1,1,1,0,0.5,0.000109806183380359,0.3,
4,4,1749,9320,1,1,0,0,0.75,0.000105538493489185,0.4,
4,4,1749,9322,1,1,0.333333333333333,0,0.75,0.000153242692763242,0.3,
4,4,1749,9328,1,1,0.666666666666667,0,0.75,0.000586024136486219,0.1,
4,4,1749,9336,1,1,1,0,0.75,0.00177253042291039,0,
4,4,1749,9339,1,1,0,0,1,0.00125146569857683,0.4,
4,4,1749,9353,1,1,0.666666666666667,0,1,0.0119647187246753,0,
4,4,1749,9355,1,1,1,0,1,0.000163080247124015,0.4,
4,4,1749,9409,1,1,0,0.01,0,0.204269668494157,1,
4,4,1749,9412,1,1,0.333333333333333,0.01,0,0.14534403247353,1,
4,4,1749,9414,1,1,0.666666666666667,0.01,0,0.105771252430673,1,
4,4,1749,9416,1,1,1,0.01,0,0.336177252257445,1,
4,4,1749,9419,1,1,0,0.1,0,0.347320219632902,1,
4,4,1749,9421,1,1,0.333333333333333,0.1,0,0.343487310897839,1,
4,4,1749,9423,1,1,0.666666666666667,0.1,0,0.340705354379955,1,
4,4,1749,9425,1,1,1,0.1,0,0.336020219929686,1,
4,4,1749,9428,1,1,0,1,0,0.35481696541547,1,
4,4,1749,9430,1,1,0.333333333333333,1,0,0.349673412083772,1,
4,4,1749,9432,1,1,0.666666666666667,1,0,0.345585974861904,1,
4,4,1749,9437,1,1,1,1,0,0.340943225063996,1,
4,9,969,1602,0,0,0,0,0.25,0.000934099070846919,0.1,
4,9,969,1623,0,0,0.333333333333333,0,0.25,0.00101700232852698,0.1,
4,9,969,1661,0,0,0.666666666666667,0,0.25,0.00109269005537814,0,
4,9,969,1683,0,0,1,0,0.25,0.0011619258513849,0.1,
4,9,969,1723,0,0,0,0,0.5,0.000750736726012967,0,
4,9,969,1763,0,0,0.333333333333333,0,0.5,0.000578083268671204,0,
4,9,969,1801,0,0,0.666666666666667,0,0.5,0.00121051482605521,0,
4,9,969,1842,0,0,1,0,0.5,0.00116965616499633,0,
4,9,969,1882,0,0,0,0,0.75,0.000721133541049292,0,
4,9,969,1902,0,0,0.333333333333333,0,0.75,0.000409387027794716,0,
4,9,969,1923,0,0,0.666666666666667,0,0.75,0.000941879817342016,0,
4,9,969,1943,0,0,1,0,0.75,0.000660511327230555,0,
4,9,969,1983,0,0,0,0,1,0.00119335827192264,0.3,
4,9,969,2022,0,0,0.333333333333333,0,1,0.000949826453301633,0,
4,9,969,2043,0,0,0.666666666666667,0,1,0.00140509491671623,0,
4,9,969,2083,0,0,1,0,1,0.000427528127347721,0,
4,9,969,2123,0,0,0,0.01,0,0.584779081774382,0.7,
4,9,969,2142,0,0,0.333333333333333,0.01,0,0.437014539268293,1,
4,9,969,2144,0,0,0.666666666666667,0.01,0,0.582404870477643,1,
4,9,969,2147,0,0,1,0.01,0,0.519820681384933,1,
4,9,969,2503,0,0,0,0.1,0,0.569045268938409,1,
4,9,969,2522,0,0,0.333333333333333,0.1,0,0.565089890199925,1,
4,9,969,2541,0,0,0.666666666666667,0.1,0,0.543025278795652,1,
4,9,969,2561,0,0,1,0.1,0,0.56125725756832,1,
4,9,969,4124,0,0,0.333333333333333,1,0,0.611728762361438,0.6,
4,9,969,4125,0,0,0.666666666666667,1,0,0.585412994926337,1,
4,9,969,4144,0,0,1,1,0,0.608740042760643,0.5,
4,10,709,401,0,0.142857142857143,0,0,0.25,0.000395303085048401,0.1,
4,10,709,422,0,0.142857142857143,0.333333333333333,0,0.25,0.000377000668149419,0.1,
4,10,709,462,0,0.142857142857143,0.666666666666667,0,0.25,0.000278395716640727,0.6,
4,10,709,482,0,0.142857142857143,1,0,0.25,0.000269540571349656,0.3,
4,10,709,521,0,0.142857142857143,0,0,0.5,0.000280994769831887,0,
4,10,709,542,0,0.142857142857143,0.333333333333333,0,0.5,0.000409865671671241,0.2,
4,10,709,582,0,0.142857142857143,0.666666666666667,0,0.5,0.000504242737459268,1,
4,10,709,601,0,0.142857142857143,1,0,0.5,0.000273296857070437,0.5,
4,10,709,641,0,0.142857142857143,0,0,0.75,0.000334948374281994,0.3,
4,10,709,662,0,0.142857142857143,0.333333333333333,0,0.75,7.07137338498238e-05,0.1,
4,10,709,702,0,0.142857142857143,0.666666666666667,0,0.75,0.000288036274561402,0.1,
4,10,709,741,0,0.142857142857143,1,0,0.75,0.000419757800527876,1,
4,10,709,762,0,0.142857142857143,0,0,1,0.000231052599104108,0.1,
4,10,709,802,0,0.142857142857143,0.333333333333333,0,1,0.000213961208268771,0.1,
4,10,709,841,0,0.142857142857143,0.666666666666667,0,1,0.000330433113600943,0.2,
4,10,709,862,0,0.142857142857143,1,0,1,0.000421687449060071,0.1,
4,10,709,902,0,0.142857142857143,0,0.01,0,1,1,
4,10,709,941,0,0.142857142857143,0.333333333333333,0.01,0,0.802494093686906,0.4,
4,10,709,962,0,0.142857142857143,0.666666666666667,0.01,0,0.917045317712906,1,
4,10,709,1001,0,0.142857142857143,1,0.01,0,0.81097127217922,0,
4,10,709,1441,0,0.142857142857143,0,0.1,0,0.739416865693925,0.1,
4,10,709,1461,0,0.142857142857143,0.333333333333333,0.1,0,0.786932979370487,0.1,
4,10,709,1482,0,0.142857142857143,0.666666666666667,0.1,0,0.785711765962848,0.1,
4,10,709,1501,0,0.142857142857143,1,0.1,0,0.74309786724273,0.1,
4,10,709,1821,0,0.142857142857143,0,1,0,0.752595244788505,0.1,
4,10,709,1841,0,0.142857142857143,0.333333333333333,1,0,0.736447653582019,0.1,
4,10,709,1861,0,0.142857142857143,0.666666666666667,1,0,0.740192814715643,0.1,
4,10,709,1881,0,0.142857142857143,1,1,0,0.760271825063161,0,
4,11,749,2203,0,0.428571428571429,0,0,0.25,0.000147779502233537,0.3,
4,11,749,2222,0,0.428571428571429,0.333333333333333,0,0.25,0.000154228891252876,0.6,
4,11,749,2225,0,0.428571428571429,1,0,0.25,9.45667113245278e-05,0,
4,11,749,2228,0,0.428571428571429,0,0,0.5,7.55182872860512e-05,0,
4,11,749,2263,0,0.428571428571429,1,0,0.5,5.86778463985935e-05,0,
4,11,749,2283,0,0.428571428571429,0,0,0.75,4.8125413275771e-05,0.4,
4,11,749,2301,0,0.428571428571429,0.333333333333333,0,0.75,4.29047202215166e-05,0.1,
4,11,749,2304,0,0.428571428571429,0.666666666666667,0,0.75,6.66556761070204e-05,0.6,
4,11,749,2322,0,0.428571428571429,1,0,0.75,4.82914845480151e-05,0.2,
4,11,749,2323,0,0.428571428571429,0,0,1,2.60469643454858e-05,0,
4,11,749,2342,0,0.428571428571429,0.666666666666667,0,1,3.9882699900242e-05,0.1,
4,11,749,2344,0,0.428571428571429,1,0,1,2.19919085993911e-05,0.1,
4,11,749,2362,0,0.428571428571429,0,0.01,0,0.595010157745158,0,
4,11,749,2382,0,0.428571428571429,0.333333333333333,0.01,0,0.376467315842104,1,
4,11,749,2384,0,0.428571428571429,0.666666666666667,0.01,0,0.471602270372383,0,
4,11,749,2387,0,0.428571428571429,1,0.01,0,0.39753532568802,0,
4,11,749,3003,0,0.428571428571429,0,0.1,0,0.523918574673597,0,
4,11,749,3004,0,0.428571428571429,0.333333333333333,0.1,0,0.469150268735028,0,
4,11,749,3023,0,0.428571428571429,0.666666666666667,0.1,0,0.325739376894458,0,
4,11,749,3024,0,0.428571428571429,1,0.1,0,0.3849697765373,0,
4,11,749,3183,0,0.428571428571429,0,1,0,0.367660764751661,0,
4,11,749,3184,0,0.428571428571429,0.333333333333333,1,0,0.429230155962998,0,
4,11,749,3203,0,0.428571428571429,0.666666666666667,1,0,0.356867939529094,0,
4,11,749,3204,0,0.428571428571429,1,1,0,0.347261916090585,0,
4,12,829,3764,0,1,0,0,0.25,3.49064879785661e-05,0.1,
4,12,829,3804,0,1,0.333333333333333,0,0.25,6.5591492926944e-05,0.3,
4,12,829,3806,0,1,0.666666666666667,0,0.25,1.8994527355306e-05,0.2,
4,12,829,3823,0,1,1,0,0.25,3.98070816415481e-05,0.1,
4,12,829,3843,0,1,0,0,0.5,5.11412145298159e-05,0.1,
4,12,829,3863,0,1,0.333333333333333,0,0.5,9.35029521724122e-05,0.1,
4,12,829,4164,0,1,0.666666666666667,0,0.5,0.000108294719214878,0.1,
4,12,829,4184,0,1,1,0,0.5,5.37111853214075e-05,0.1,
4,12,829,4204,0,1,0,0,0.75,4.78152240771046e-05,0.1,
4,12,829,4224,0,1,0.333333333333333,0,0.75,4.1229331396892e-05,0.1,
4,12,829,4244,0,1,0.666666666666667,0,0.75,6.12537563484533e-05,0,
4,12,829,4265,0,1,1,0,0.75,5.96377406735961e-05,0.1,
4,12,829,4384,0,1,0,0,1,9.09552991604617e-05,0.3,
4,12,829,4604,0,1,0.333333333333333,0,1,0.000145499379108335,0.4,
4,12,829,4625,0,1,0.666666666666667,0,1,7.16629524323961e-05,0.2,
4,12,829,4724,0,1,1,0,1,0.00012552442518591,0.1,
4,12,829,4765,0,1,0,0.01,0,0.399725261850962,0.5,
4,12,829,4805,0,1,0.333333333333333,0.01,0,0.279523153714686,0.4,
4,12,829,4824,0,1,0.666666666666667,0.01,0,0.497153093718251,0.5,
4,12,829,4844,0,1,1,0.01,0,0.517936578402296,1,
4,12,829,5205,0,1,0,0.1,0,0.299416527748564,0.4,
4,12,829,5245,0,1,0.333333333333333,0.1,0,0.528211888739908,0.7,
4,12,829,5284,0,1,0.666666666666667,0.1,0,0.397908896558392,0.6,
4,12,829,5304,0,1,1,0.1,0,0.284646824077367,0.4,
4,12,829,5606,0,1,0,1,0,0.436284467143186,0,
4,12,829,5608,0,1,0.333333333333333,1,0,0.322083329509131,0,
4,12,829,5626,0,1,0.666666666666667,1,0,0.4473800244167,0,
4,12,829,5628,0,1,1,1,0,0.215496908123814,0,
2,1,1290,7207,1,0,0,0,0.25,0.237358404708047,1,
2,1,1290,7246,1,0,0.333333333333333,0,0.25,0.0894234365595522,0.7,
2,1,1290,7286,1,0,0.666666666666667,0,0.25,0.128819247423955,0.6,
2,1,1290,7306,1,0,1,0,0.25,0.578521262013526,0.7,
2,1,1290,7327,1,0,0,0,0.5,0.204365183607176,1,
2,1,1290,7366,1,0,0.333333333333333,0,0.5,0.0923823819608594,1,
2,1,1290,7406,1,0,0.666666666666667,0,0.5,0.100360295728959,1,
2,1,1290,7427,1,0,1,0,0.5,0.587914481506807,0.6,
2,1,1290,7467,1,0,0,0,0.75,0.216808683473691,1,
2,1,1290,7506,1,0,0.333333333333333,0,0.75,0.0753917426187092,1,
2,1,1290,7546,1,0,0.666666666666667,0,0.75,0.409781864845965,0.7,
2,1,1290,7587,1,0,1,0,0.75,0.570083718111267,1,
2,1,1290,7627,1,0,0,0,1,0.22355196394168,1,
2,1,1290,7666,1,0,0.333333333333333,0,1,0.0585168066190179,0.7,
2,1,1290,7686,1,0,0.666666666666667,0,1,0.121302281797194,0.7,
2,1,1290,7706,1,0,1,0,1,0.590907006462403,1,
2,1,1290,7726,1,0,0,0.01,0,0.00180021426134655,1,
2,1,1290,7747,1,0,0.333333333333333,0.01,0,0.00177566738225017,1,
2,1,1290,7766,1,0,0.666666666666667,0.01,0,0.00178688714440447,1,
2,1,1290,7786,1,0,1,0.01,0,0.00177165484235994,1,
2,1,1290,8126,1,0,0,0.1,0,0.00434759518599389,1,
2,1,1290,8146,1,0,0.333333333333333,0.1,0,0.0043199257624174,1,
2,1,1290,8166,1,0,0.666666666666667,0.1,0,0.00454019758198852,1,
2,1,1290,8186,1,0,1,0.1,0,0.00462869275283128,1,
2,1,1290,8526,1,0,0,1,0,0.0395961799095151,1,
2,2,1471,9266,1,0.142857142857143,0,0,0.25,0.0501969414702296,1,
2,2,1471,9305,1,0.142857142857143,0.333333333333333,0,0.25,0.191312383246453,0,
2,2,1471,9306,1,0.142857142857143,0.666666666666667,0,0.25,0.247354287348229,0,
2,2,1471,9308,1,0.142857142857143,1,0,0.25,0.190354276334523,0,
2,2,1471,9310,1,0.142857142857143,0,0,0.5,0.128424395670726,1,
2,2,1471,9312,1,0.142857142857143,0.333333333333333,0,0.5,0.0895986316107712,0.7,
2,2,1471,9313,1,0.142857142857143,0.666666666666667,0,0.5,0.259905119212165,1,
2,2,1471,9315,1,0.142857142857143,1,0,0.5,0.402214337313215,0,
2,2,1471,9317,1,0.142857142857143,0,0,0.75,0.0982341307351936,1,
2,2,1471,9319,1,0.142857142857143,0.333333333333333,0,0.75,0.0101767397772823,0.6,
2,2,1471,9321,1,0.142857142857143,0.666666666666667,0,0.75,0.285841197667192,0.7,
2,2,1471,9323,1,0.142857142857143,1,0,0.75,0.589789053916628,1,
2,2,1471,9329,1,0.142857142857143,0,0,1,0.0826506065914072,1,
2,2,1471,9334,1,0.142857142857143,0.333333333333333,0,1,0.0912466562159044,0.7,
2,2,1471,9337,1,0.142857142857143,0.666666666666667,0,1,0.282728989679835,0.5,
2,2,1471,9340,1,0.142857142857143,1,0,1,0.601856097123329,1,
2,2,1471,9445,1,0.142857142857143,0.666666666666667,0.1,0,0.00301488601782802,1,
2,2,1471,9447,1,0.142857142857143,1,0.1,0,0.00297363803399965,0.7,
2,2,1471,9450,1,0.142857142857143,0.333333333333333,1,0,0.0325528190230369,0.6,
2,2,1471,9452,1,0.142857142857143,0.666666666666667,1,0,0.0486261530728676,1,
2,2,1471,9454,1,0.142857142857143,1,1,0,0.0541993521723339,0.2,
2,3,1473,8686,1,0.428571428571429,0,0,0.25,0.149394687032645,1,
2,3,1473,8766,1,0.428571428571429,0.333333333333333,0,0.25,0.0448154052248588,0.6,
2,3,1473,8806,1,0.428571428571429,0.666666666666667,0,0.25,0.338180787422603,0.1,
2,3,1473,9413,1,0.428571428571429,1,0,0.25,0.190280269808911,0,
2,3,1473,9415,1,0.428571428571429,0,0,0.5,0.0937546219404755,0.6,
2,3,1473,9417,1,0.428571428571429,0.333333333333333,0,0.5,0.107427175179607,1,
2,3,1473,9418,1,0.428571428571429,0.666666666666667,0,0.5,0.470839820830099,0,
2,3,1473,9420,1,0.428571428571429,1,0,0.5,0.409064437354857,0,
2,3,1473,9422,1,0.428571428571429,0,0,0.75,0.108214324881369,1,
2,3,1473,9424,1,0.428571428571429,0.333333333333333,0,0.75,0.0404290928901483,1,
2,3,1473,9426,1,0.428571428571429,0.666666666666667,0,0.75,0.572876125490142,0.7,
2,3,1473,9427,1,0.428571428571429,1,0,0.75,0.546444772695902,1,
2,3,1473,9429,1,0.428571428571429,0,0,1,0.0689869224624854,0.5,
2,3,1473,9431,1,0.428571428571429,0.333333333333333,0,1,0.0424232863071378,1,
2,3,1473,9433,1,0.428571428571429,0.666666666666667,0,1,0.595904687081827,1,
2,3,1473,9435,1,0.428571428571429,1,0,1,0.559442786249451,1,
2,3,1473,9438,1,0.428571428571429,0,0.01,0,0.000284261901913965,1,
2,3,1473,9440,1,0.428571428571429,0.333333333333333,0.01,0,0.000271743028494429,1,
2,3,1473,9446,1,0.428571428571429,0,0.1,0,0.00139500474356727,1,
2,3,1473,9449,1,0.428571428571429,0.333333333333333,0.1,0,0.00138266060590355,1,
2,3,1473,9451,1,0.428571428571429,0.666666666666667,0.1,0,0.0013391684339921,1,
2,3,1473,9453,1,0.428571428571429,1,0.1,0,0.0013186935124782,1,
2,3,1473,9455,1,0.428571428571429,0,1,0,0.0194177418769931,1,
2,4,1470,9295,1,1,0,0,0.25,0.0580749693605052,1,
2,4,1470,9304,1,1,0.333333333333333,0,0.25,0.216267322895222,0,
2,4,1470,9307,1,1,0.666666666666667,0,0.25,0.255710460495808,0,
2,4,1470,9309,1,1,1,0,0.25,0.171563777247141,0,
2,4,1470,9311,1,1,0,0,0.5,0.063939718858214,1,
2,4,1470,9314,1,1,0.333333333333333,0,0.5,0.0610387087790882,1,
2,4,1470,9316,1,1,0.666666666666667,0,0.5,0.448746376411463,0,
2,4,1470,9318,1,1,1,0,0.5,0.357446726363389,0,
2,4,1470,9320,1,1,0,0,0.75,0.079884346541905,0.7,
2,4,1470,9322,1,1,0.333333333333333,0,0.75,0.0404887650162974,1,
2,4,1470,9328,1,1,0.666666666666667,0,0.75,0.556276229837973,0.6,
2,4,1470,9336,1,1,1,0,0.75,0.568747295679384,1,
2,4,1470,9339,1,1,0,0,1,0.0548074700648027,1,
2,4,1470,9348,1,1,0.333333333333333,0,1,0.0544865571378212,0.7,
2,4,1470,9353,1,1,0.666666666666667,0,1,0.590456461417369,1,
2,4,1470,9355,1,1,1,0,1,0.565773051164154,1,
2,4,1470,9409,1,1,0,0.01,0,2.11609915906812e-05,1,
2,4,1470,9412,1,1,0.333333333333333,0.01,0,2.17792615686485e-05,1,
2,4,1470,9414,1,1,0.666666666666667,0.01,0,9.07072161938668e-06,1,
2,4,1470,9416,1,1,1,0.01,0,0,1,
2,4,1470,9419,1,1,0,0.1,0,0.000631534485551335,1,
2,4,1470,9421,1,1,0.333333333333333,0.1,0,0.000652238813692553,1,
2,4,1470,9423,1,1,0.666666666666667,0.1,0,0.000573303876052306,1,
2,4,1470,9425,1,1,1,0.1,0,0.000648163604302302,1,
2,4,1470,9428,1,1,0,1,0,0.0108049815889009,0.1,
2,4,1470,9430,1,1,0.333333333333333,1,0,0.0113937246299194,0.1,
2,9,1289,1602,0,0,0,0,0.25,0.429318548890653,1,
2,9,1289,1623,0,0,0.333333333333333,0,0.25,0.429261935130956,1,
2,9,1289,1661,0,0,0.666666666666667,0,0.25,0.429571535816263,1,
2,9,1289,1683,0,0,1,0,0.25,0.42914227307237,1,
2,9,1289,1723,0,0,0,0,0.5,0.429150893391638,1,
2,9,1289,1763,0,0,0.333333333333333,0,0.5,0.429420930847515,1,
2,9,1289,1801,0,0,0.666666666666667,0,0.5,0.429334362131968,1,
2,9,1289,1842,0,0,1,0,0.5,0.429236975288475,1,
2,9,1289,1882,0,0,0,0,0.75,0.429590654568944,1,
2,9,1289,1902,0,0,0.333333333333333,0,0.75,0.429312867256503,1,
2,9,1289,1923,0,0,0.666666666666667,0,0.75,0.429158923509274,1,
2,9,1289,1943,0,0,1,0,0.75,0.429078445942242,1,
2,9,1289,1983,0,0,0,0,1,0.429321180692782,1,
2,9,1289,2022,0,0,0.333333333333333,0,1,0.429009773771128,1,
2,9,1289,2043,0,0,0.666666666666667,0,1,0.429494372603416,1,
2,9,1289,2083,0,0,1,0,1,0.42909051342955,1,
2,9,1289,2123,0,0,0,0.01,0,0.624527170711234,0.1,
2,9,1289,2142,0,0,0.333333333333333,0.01,0,0.604051771024311,0.1,
2,9,1289,2144,0,0,0.666666666666667,0.01,0,0.624381653775338,0.1,
2,9,1289,2147,0,0,1,0.01,0,0.600075546506362,0.1,
2,9,1289,2503,0,0,0,0.1,0,0.638967624282387,0.1,
2,9,1289,2522,0,0,0.333333333333333,0.1,0,0.620756512458129,0.1,
2,9,1289,2541,0,0,0.666666666666667,0.1,0,0.618816868521544,0.1,
2,9,1289,2561,0,0,1,0.1,0,0.609786166974313,0.1,
2,9,1289,4144,0,0,1,1,0,0.944671558652682,0.1,
2,10,1291,401,0,0.142857142857143,0,0,0.25,0.428815839476013,1,
2,10,1291,422,0,0.142857142857143,0.333333333333333,0,0.25,0.428972936503138,1,
2,10,1291,462,0,0.142857142857143,0.666666666666667,0,0.25,0.428944966085957,1,
2,10,1291,482,0,0.142857142857143,1,0,0.25,0.428751751857191,1,
2,10,1291,521,0,0.142857142857143,0,0,0.5,0.428508333389731,1,
2,10,1291,542,0,0.142857142857143,0.333333333333333,0,0.5,0.428438257730487,1,
2,10,1291,582,0,0.142857142857143,0.666666666666667,0,0.5,0.428501734175674,1,
2,10,1291,601,0,0.142857142857143,1,0,0.5,0.428327839860804,1,
2,10,1291,641,0,0.142857142857143,0,0,0.75,0.42947217712493,1,
2,10,1291,662,0,0.142857142857143,0.333333333333333,0,0.75,0.428716262419753,1,
2,10,1291,702,0,0.142857142857143,0.666666666666667,0,0.75,0.42872170299987,1,
2,10,1291,741,0,0.142857142857143,1,0,0.75,0.428671824090606,1,
2,10,1291,762,0,0.142857142857143,0,0,1,0.428511775219979,1,
2,10,1291,802,0,0.142857142857143,0.333333333333333,0,1,0.428286436860082,1,
2,10,1291,841,0,0.142857142857143,0.666666666666667,0,1,0.428623630494019,1,
2,10,1291,862,0,0.142857142857143,1,0,1,0.428687010928553,1,
2,10,1291,902,0,0.142857142857143,0,0.01,0,0.62345001269878,0.1,
2,10,1291,941,0,0.142857142857143,0.333333333333333,0.01,0,0.655702158980405,0.1,
2,10,1291,962,0,0.142857142857143,0.666666666666667,0.01,0,0.613291164577747,0.1,
2,10,1291,1001,0,0.142857142857143,1,0.01,0,0.607404178356637,0.1,
2,10,1291,1441,0,0.142857142857143,0,0.1,0,0.659857345488497,0.1,
2,10,1291,1461,0,0.142857142857143,0.333333333333333,0.1,0,0.610817586219003,0.1,
2,10,1291,1482,0,0.142857142857143,0.666666666666667,0.1,0,0.614356428537156,0.1,
2,10,1291,1501,0,0.142857142857143,1,0.1,0,0.626358522867015,0.1,
2,10,1291,1861,0,0.142857142857143,0.666666666666667,1,0,0.999638251049307,0.1,
2,10,1291,1881,0,0.142857142857143,1,1,0,0.652460091565116,0.1,
2,11,1270,2203,0,0.428571428571429,0,0,0.25,0.4263192776525,1,
2,11,1270,2222,0,0.428571428571429,0.333333333333333,0,0.25,0.425513771532823,1,
2,11,1270,2224,0,0.428571428571429,0.666666666666667,0,0.25,0.425246692273799,1,
2,11,1270,2225,0,0.428571428571429,1,0,0.25,0.425848337440624,1,
2,11,1270,2228,0,0.428571428571429,0,0,0.5,0.425682361139725,1,
2,11,1270,2242,0,0.428571428571429,0.333333333333333,0,0.5,0.425468072649738,1,
2,11,1270,2261,0,0.428571428571429,0.666666666666667,0,0.5,0.424848513258147,1,
2,11,1270,2263,0,0.428571428571429,1,0,0.5,0.425138162295405,1,
2,11,1270,2283,0,0.428571428571429,0,0,0.75,0.425627183664202,1,
2,11,1270,2301,0,0.428571428571429,0.333333333333333,0,0.75,0.42550336396455,1,
2,11,1270,2304,0,0.428571428571429,0.666666666666667,0,0.75,0.425874115388564,1,
2,11,1270,2322,0,0.428571428571429,1,0,0.75,0.425085640472703,1,
2,11,1270,2323,0,0.428571428571429,0,0,1,0.425444994285437,1,
2,11,1270,2326,0,0.428571428571429,0.333333333333333,0,1,0.425372818431826,1,
2,11,1270,2342,0,0.428571428571429,0.666666666666667,0,1,0.425484732897338,1,
2,11,1270,2344,0,0.428571428571429,1,0,1,0.425814944872254,1,
2,11,1270,2362,0,0.428571428571429,0,0.01,0,0.600775385363003,0.3,
2,11,1270,2382,0,0.428571428571429,0.333333333333333,0.01,0,0.557705732551772,0.3,
2,11,1270,2384,0,0.428571428571429,0.666666666666667,0.01,0,0.591010563861005,0.3,
2,11,1270,2387,0,0.428571428571429,1,0.01,0,0.561653597380475,0.3,
2,11,1270,3003,0,0.428571428571429,0,0.1,0,0.589061057248278,0.3,
2,11,1270,3004,0,0.428571428571429,0.333333333333333,0.1,0,0.598839184863333,0.3,
2,11,1270,3023,0,0.428571428571429,0.666666666666667,0.1,0,0.581848895860285,0.3,
2,11,1270,3024,0,0.428571428571429,1,0.1,0,0.616440036362379,0.3,
2,11,1270,3183,0,0.428571428571429,0,1,0,0.617872026312508,0.3,
2,11,1270,3184,0,0.428571428571429,0.333333333333333,1,0,0.868619905723239,0.7,
2,11,1270,3203,0,0.428571428571429,0.666666666666667,1,0,0.814040420300407,0.1,
2,11,1270,3204,0,0.428571428571429,1,1,0,0.771478563728869,0.3,
2,12,1369,3764,0,1,0,0,0.25,0.423636467397942,1,
2,12,1369,3804,0,1,0.333333333333333,0,0.25,0.424286013100649,1,
2,12,1369,3806,0,1,0.666666666666667,0,0.25,0.424072784464954,1,
2,12,1369,3823,0,1,1,0,0.25,0.424017223062329,1,
2,12,1369,3843,0,1,0,0,0.5,0.423566803123017,1,
2,12,1369,3863,0,1,0.333333333333333,0,0.5,0.423577092813512,1,
2,12,1369,4164,0,1,0.666666666666667,0,0.5,0.423699786563854,1,
2,12,1369,4184,0,1,1,0,0.5,0.423417586506503,1,
2,12,1369,4204,0,1,0,0,0.75,0.423853005700975,1,
2,12,1369,4224,0,1,0.333333333333333,0,0.75,0.4237369161975,1,
2,12,1369,4244,0,1,0.666666666666667,0,0.75,0.423884303290448,1,
2,12,1369,4265,0,1,1,0,0.75,0.424104076366518,1,
2,12,1369,4384,0,1,0,0,1,0.423509036364071,1,
2,12,1369,4604,0,1,0.333333333333333,0,1,0.424128953298364,1,
2,12,1369,4625,0,1,0.666666666666667,0,1,0.423929688624899,1,
2,12,1369,4724,0,1,1,0,1,0.42334322370647,1,
2,12,1369,4765,0,1,0,0.01,0,0.530694203176471,0.1,
2,12,1369,4805,0,1,0.333333333333333,0.01,0,0.536986558517465,0.3,
2,12,1369,4824,0,1,0.666666666666667,0.01,0,0.517188962343863,0.3,
2,12,1369,4844,0,1,1,0.01,0,0.507567957170332,0.1,
2,12,1369,5205,0,1,0,0.1,0,0.506809532347438,0.3,
2,12,1369,5245,0,1,0.333333333333333,0.1,0,0.557662831268752,0.1,
2,12,1369,5284,0,1,0.666666666666667,0.1,0,0.533732028275205,0.3,
2,12,1369,5304,0,1,1,0.1,0,0.509486498935159,0.3,
2,12,1369,5606,0,1,0,1,0,0.510983632159864,0.3,
2,12,1369,5608,0,1,0.333333333333333,1,0,0.536737347367697,0.1,
2,12,1369,5626,0,1,0.666666666666667,1,0,0.542943723711575,0.3,
5,5,869,4425,1,0,0,0,0.25,0.834708444305568,0.5,
5,5,869,4426,1,0,0.333333333333333,0,0.25,0.87037431205748,0.5,
5,5,869,4444,1,0,0.666666666666667,0,0.25,0.916729499394658,0.5,
5,5,869,4445,1,0,1,0,0.25,0.898562682152362,0.5,
5,5,869,4464,1,0,0,0,0.5,0.90179045072099,0.5,
5,5,869,4465,1,0,0.333333333333333,0,0.5,0.848974460746512,0.5,
5,5,869,4484,1,0,0.666666666666667,0,0.5,0.879031579549966,0.5,
5,5,869,4486,1,0,1,0,0.5,0.880456181493539,0.5,
5,5,869,4504,1,0,0,0,0.75,0.907313281774003,0.5,
5,5,869,4505,1,0,0.333333333333333,0,0.75,0.865224021894471,0.5,
5,5,869,4524,1,0,0.666666666666667,0,0.75,0.912201195150252,0.5,
5,5,869,4525,1,0,1,0,0.75,0.951390315693318,0.5,
5,5,869,4544,1,0,0,0,1,0.915828471273094,0.5,
5,5,869,4545,1,0,0.333333333333333,0,1,0.877725446411736,0.5,
5,5,869,4564,1,0,0.666666666666667,0,1,0.9064962437297,0.5,
5,5,869,4565,1,0,1,0,1,0.914322226062031,0.5,
5,5,869,4584,1,0,0,0.01,0,0.358068696814544,0.6,
5,5,869,4585,1,0,0.333333333333333,0.01,0,0.39142045390098,0.6,
5,5,869,4624,1,0,0.666666666666667,0.01,0,0.283166850190622,0.5,
5,5,869,4626,1,0,1,0.01,0,0.227728717979907,1,
5,5,869,4804,1,0,0,0.1,0,0.382548010268396,0.5,
5,5,869,4806,1,0,0.333333333333333,0.1,0,0.32123993001892,0.5,
5,5,869,4825,1,0,0.666666666666667,0.1,0,0.437242138206196,0.5,
5,5,869,4845,1,0,1,0.1,0,0.338105706751302,0.7,
5,5,869,5066,1,0,0,1,0,0.391421966023697,0.5,
5,5,869,5085,1,0,0.333333333333333,1,0,0.392513248380025,0.5,
5,5,869,5105,1,0,0.666666666666667,1,0,0.344239031660249,0.5,
5,5,869,5125,1,0,1,1,0,0.348442408826158,0.5,
5,6,1110,7026,1,0.142857142857143,0,0,0.25,0.00463113688466979,0.6,
5,6,1110,7046,1,0.142857142857143,0.333333333333333,0,0.25,0.00425838527513197,0.6,
5,6,1110,7066,1,0.142857142857143,0.666666666666667,0,0.25,0.00499099876975532,0.6,
5,6,1110,7086,1,0.142857142857143,1,0,0.25,0.00445897211023516,0.6,
5,6,1110,7106,1,0.142857142857143,0,0,0.5,0.00275836767038297,0.5,
5,6,1110,7126,1,0.142857142857143,0.333333333333333,0,0.5,0.00177125564882704,0.3,
5,6,1110,7146,1,0.142857142857143,0.666666666666667,0,0.5,0.00208244160290435,0.6,
5,6,1110,7166,1,0.142857142857143,1,0,0.5,0.00238071709263976,0.1,
5,6,1110,7186,1,0.142857142857143,0,0,0.75,0.00157161970838662,0,
5,6,1110,7206,1,0.142857142857143,0.333333333333333,0,0.75,0.00161976104553037,0,
5,6,1110,7226,1,0.142857142857143,0.666666666666667,0,0.75,0.00191908467274256,0.2,
5,6,1110,7266,1,0.142857142857143,1,0,0.75,0.00303486704382624,0,
5,6,1110,7287,1,0.142857142857143,0,0,1,0.00145555714914775,0.5,
5,6,1110,7307,1,0.142857142857143,0.333333333333333,0,1,0.00144096819794293,0.3,
5,6,1110,7326,1,0.142857142857143,0.666666666666667,0,1,0.0017702257757259,0.5,
5,6,1110,7346,1,0.142857142857143,1,0,1,0.00164405698708094,0.3,
5,6,1110,7386,1,0.142857142857143,0,0.01,0,0.00186079830402656,0,
5,6,1110,7407,1,0.142857142857143,0.333333333333333,0.01,0,0.00211880267040744,0,
5,6,1110,7426,1,0.142857142857143,0.666666666666667,0.01,0,0.00200090601368294,0,
5,6,1110,7446,1,0.142857142857143,1,0.01,0,0.00185840680533775,0,
5,7,1232,8347,1,0.428571428571429,0,0,0.25,0.000224423177233089,0.6,
5,7,1232,8446,1,0.428571428571429,0.333333333333333,0,0.25,0.000560761140428342,0.6,
5,7,1232,8467,1,0.428571428571429,0.666666666666667,0,0.25,0.000374956472364869,0.6,
5,7,1232,8506,1,0.428571428571429,1,0,0.25,0.000806260278772608,0.6,
5,7,1232,8546,1,0.428571428571429,0,0,0.5,0.000465667232447502,0.6,
5,7,1232,8566,1,0.428571428571429,0.333333333333333,0,0.5,0.000995074599493568,0.6,
5,7,1232,8587,1,0.428571428571429,0.666666666666667,0,0.5,0.00129121599886691,0.6,
5,7,1232,8626,1,0.428571428571429,1,0,0.5,0.00112462174419228,0.6,
5,7,1232,8666,1,0.428571428571429,0,0,0.75,0.00104279722652279,0.6,
5,7,1232,8826,1,0.428571428571429,0.333333333333333,0,0.75,0.00140614924867585,0.6,
5,7,1232,8846,1,0.428571428571429,0.666666666666667,0,0.75,0.0013466328446676,0.6,
5,7,1232,8866,1,0.428571428571429,1,0,0.75,0.00156255814979541,0.6,
5,7,1232,8886,1,0.428571428571429,0,0,1,0.00126893159857336,0.6,
5,7,1232,8906,1,0.428571428571429,0.333333333333333,0,1,0.00127924232507342,0.6,
5,7,1232,8926,1,0.428571428571429,0.666666666666667,0,1,0.00127806077066826,0.6,
5,7,1232,8946,1,0.428571428571429,1,0,1,0.00147001645937436,0.6,
5,7,1232,8966,1,0.428571428571429,0,0.01,0,0.000538942678132298,1,
5,7,1232,8986,1,0.428571428571429,0.333333333333333,0.01,0,0.000545128760384836,1,
5,7,1232,9006,1,0.428571428571429,0.666666666666667,0.01,0,0.000547160848046089,1,
5,7,1232,9026,1,0.428571428571429,1,0.01,0,0.000574264610826562,1,
5,7,1232,9046,1,0.428571428571429,0,0.1,0,0.000587707342530702,1,
5,7,1232,9067,1,0.428571428571429,0.333333333333333,0.1,0,0.000551423692758325,1,
5,7,1232,9086,1,0.428571428571429,0.666666666666667,0.1,0,0.000548919203715686,1,
5,7,1232,9106,1,0.428571428571429,1,0.1,0,0.000545832249589662,1,
5,7,1232,9126,1,0.428571428571429,0,1,0,0.000542906980992308,1,
5,7,1232,9146,1,0.428571428571429,0.333333333333333,1,0,0.000540442560426151,1,
5,7,1232,9166,1,0.428571428571429,0.666666666666667,1,0,0.000543404597059457,1,
5,7,1232,9186,1,0.428571428571429,1,1,0,0.000543330544492415,1,
5,8,1649,9398,1,1,0,0,0.25,0.000167635382423066,0.7,
5,8,1649,9399,1,1,0.333333333333333,0,0.25,0.000134263250485374,1,
5,8,1649,9400,1,1,0.666666666666667,0,0.25,8.3146718663347e-05,1,
5,8,1649,9401,1,1,1,0,0.25,0.000815255039557663,1,
5,8,1649,9402,1,1,0,0,0.5,0.000148627895745546,1,
5,8,1649,9403,1,1,0.333333333333333,0,0.5,0.000252261024024069,0.4,
5,8,1649,9404,1,1,0.666666666666667,0,0.5,0.000562856956304989,1,
5,8,1649,9405,1,1,1,0,0.5,0.000859321966673051,0.7,
5,8,1649,9406,1,1,0,0,0.75,0.000171792736558865,0.7,
5,8,1649,9407,1,1,0.333333333333333,0,0.75,0.000265517329394883,0.7,
5,8,1649,9408,1,1,0.666666666666667,0,0.75,0.0003863785358526,0.7,
5,8,1649,9410,1,1,1,0,0.75,0.000575193981368159,0.7,
5,8,1649,9411,1,1,0,0,1,0,0.4,
5,8,1649,9459,1,1,0.333333333333333,0,1,0.000218380149342521,0.7,
5,8,1649,9460,1,1,0.666666666666667,0,1,0.000335204557888235,0.7,
5,8,1649,9461,1,1,1,0,1,0.000453606430112075,0.7,
5,8,1649,9462,1,1,0,0.01,0,0.0012383799199456,0.3,
5,8,1649,9463,1,1,0.333333333333333,0.01,0,0.00122570879701341,0.3,
5,8,1649,9464,1,1,0.666666666666667,0.01,0,0.00123067678245613,1,
5,8,1649,9465,1,1,1,0.01,0,0.00123865145348676,0.3,
5,8,1649,9466,1,1,0,0.1,0,0.00125384977656892,0.3,
5,8,1649,9467,1,1,0.333333333333333,0.1,0,0.00124121588432657,1,
5,8,1649,9468,1,1,0.666666666666667,0.1,0,0.00124979388164079,0.3,
5,8,1649,9469,1,1,1,0.1,0,0.00122623653953247,1,
5,8,1649,9470,1,1,0,1,0,0.00124499369478664,0.3,
5,8,1649,9471,1,1,0.333333333333333,1,0,0.00108596557383978,0.3,
5,8,1649,9472,1,1,0.666666666666667,1,0,0.00126098672289757,0.3,
5,8,1649,9473,1,1,1,1,0,0.00127229504894588,1,
5,13,611,41,0,0,0,0,0.25,0.779386979694774,0.5,
5,13,611,42,0,0,0.333333333333333,0,0.25,0.813824368077573,0.5,
5,13,611,61,0,0,0.666666666666667,0,0.25,0.881232067962828,0.5,
5,13,611,62,0,0,1,0,0.25,0.820981469431058,0.5,
5,13,611,81,0,0,0,0,0.5,0.811823971563123,0.5,
5,13,611,101,0,0,0.333333333333333,0,0.5,0.903249715064051,0.5,
5,13,611,121,0,0,0.666666666666667,0,0.5,0.889538970158668,0.5,
5,13,611,141,0,0,1,0,0.5,0.973200401462823,0.5,
5,13,611,142,0,0,0,0,0.75,0.869182375894774,0.5,
5,13,611,143,0,0,0.333333333333333,0,0.75,0.843285088659663,0.5,
5,13,611,161,0,0,0.666666666666667,0,0.75,0.881145933947389,0.5,
5,13,611,162,0,0,1,0,0.75,1,0.5,
5,13,611,181,0,0,0,0,1,0.848626348727724,0.5,
5,13,611,182,0,0,0.333333333333333,0,1,0.863722534180462,0.5,
5,13,611,201,0,0,0.666666666666667,0,1,0.882736254851068,0.5,
5,13,611,221,0,0,1,0,1,0.878083001824205,0.5,
5,13,611,222,0,0,0,0.01,0,0.347629401284587,0.6,
5,13,611,241,0,0,0.333333333333333,0.01,0,0.311283181009873,0.6,
5,13,611,261,0,0,0.666666666666667,0.01,0,0.320040925848151,0.5,
5,13,611,281,0,0,1,0.01,0,0.306644085933827,0.5,
5,13,611,583,0,0,0,0.1,0,0.410157652798635,0.6,
5,13,611,602,0,0,0.333333333333333,0.1,0,0.319924337591276,0.6,
5,13,611,621,0,0,0.666666666666667,0.1,0,0.249887083783202,0.6,
5,13,611,642,0,0,1,0.1,0,0.38648386102992,0.5,
5,13,611,981,0,0,0,1,0,0.331855047509727,0.5,
5,13,611,1002,0,0,0.333333333333333,1,0,0.367082187240504,0.5,
5,13,611,1022,0,0,0.666666666666667,1,0,0.359201339139072,0.6,
5,13,611,1041,0,0,1,1,0,0.355297660477497,0.6,
5,14,989,6066,0,0.142857142857143,0,0,0.25,0.00278007920698152,0.6,
5,14,989,6086,0,0.142857142857143,0.333333333333333,0,0.25,0.0015814699557651,0.6,
5,14,989,6106,0,0.142857142857143,0.666666666666667,0,0.25,0.00183192256689303,0.2,
5,14,989,6107,0,0.142857142857143,1,0,0.25,0.00188500894542422,0,
5,14,989,6126,0,0.142857142857143,0,0,0.5,0.00171920770555993,0.5,
5,14,989,6146,0,0.142857142857143,0.333333333333333,0,0.5,0.00351371900397081,0.6,
5,14,989,6166,0,0.142857142857143,0.666666666666667,0,0.5,0.00430820907694843,0.6,
5,14,989,6167,0,0.142857142857143,1,0,0.5,0.00433989665925371,0.6,
5,14,989,6186,0,0.142857142857143,0,0,0.75,0.00380122085178119,0.6,
5,14,989,6188,0,0.142857142857143,0.333333333333333,0,0.75,0.00399587093783126,0.6,
5,14,989,6206,0,0.142857142857143,0.666666666666667,0,0.75,0.00373693901757524,0.6,
5,14,989,6226,0,0.142857142857143,1,0,0.75,0.00390924318680825,0.6,
5,14,989,6246,0,0.142857142857143,0,0,1,0.00340001258224929,0.6,
5,14,989,6247,0,0.142857142857143,0.333333333333333,0,1,0.00201054334030933,0.2,
5,14,989,6266,0,0.142857142857143,0.666666666666667,0,1,0.00205324753675692,0.2,
5,14,989,6267,0,0.142857142857143,1,0,1,0.00247274642781651,0,
5,14,989,6286,0,0.142857142857143,0,0.01,0,0.00191816905719992,0.1,
5,14,989,6287,0,0.142857142857143,0.333333333333333,0.01,0,0.00191916845108174,0.1,
5,14,989,6306,0,0.142857142857143,0.666666666666667,0.01,0,0.00184627369237719,0,
5,14,989,6307,0,0.142857142857143,1,0.01,0,0.00181601912549751,0,
5,14,989,6486,0,0.142857142857143,0,0.1,0,0.00182154125942948,0.1,
5,14,989,6487,0,0.142857142857143,0.333333333333333,0.1,0,0.00181986623370917,1,
5,14,989,6506,0,0.142857142857143,0.666666666666667,0.1,0,0.00186703304468982,0.1,
5,14,989,6507,0,0.142857142857143,1,0.1,0,0.00183331243620132,0,
5,14,989,6726,0,0.142857142857143,0,1,0,0.00185265925526346,0,
5,14,989,6727,0,0.142857142857143,0.333333333333333,1,0,0.00186397950029238,0,
5,14,989,6728,0,0.142857142857143,0.666666666666667,1,0,0.00157930171102537,0,
5,14,989,6746,0,0.142857142857143,1,1,0,0.0017637573588211,0.2,
5,15,1469,7746,0,0.428571428571429,0,0,0.25,0.000932030444637353,0.6,
5,15,1469,9345,0,0.428571428571429,0.333333333333333,0,0.25,0.00112168859325147,0.6,
5,15,1469,9346,0,0.428571428571429,0.666666666666667,0,0.25,0.0012432957050272,0.5,
5,15,1469,9347,0,0.428571428571429,1,0,0.25,0.00118348039631028,0.6,
5,15,1469,9349,0,0.428571428571429,0,0,0.5,0.000981969123656196,0.6,
5,15,1469,9350,0,0.428571428571429,0.333333333333333,0,0.5,0.00103834046779893,0.7,
5,15,1469,9351,0,0.428571428571429,0.666666666666667,0,0.5,0.000984345458313607,0.6,
5,15,1469,9352,0,0.428571428571429,1,0,0.5,0.00120616276771961,0.6,
5,15,1469,9354,0,0.428571428571429,0,0,0.75,0.00108742853047713,0.6,
5,15,1469,9356,0,0.428571428571429,0.333333333333333,0,0.75,0.000962835575981185,0.6,
5,15,1469,9366,0,0.428571428571429,0.666666666666667,0,0.75,0.000996018615769139,0.6,
5,15,1469,9367,0,0.428571428571429,1,0,0.75,0.00101506150823585,0.6,
5,15,1469,9368,0,0.428571428571429,0,0,1,0.000988251339090349,0.5,
5,15,1469,9369,0,0.428571428571429,0.333333333333333,0,1,0.00110897282855536,0.6,
5,15,1469,9370,0,0.428571428571429,0.666666666666667,0,1,0.000982128972158437,0.6,
5,15,1469,9371,0,0.428571428571429,1,0,1,0.00112824180646125,0.6,
5,15,1469,9372,0,0.428571428571429,0,0.01,0,0.000635349890383049,1,
5,15,1469,9387,0,0.428571428571429,0.333333333333333,0.01,0,0.000609759601084932,1,
5,15,1469,9388,0,0.428571428571429,0.666666666666667,0.01,0,0.00062826896080322,1,
5,15,1469,9389,0,0.428571428571429,1,0.01,0,0.00062748118641799,1,
5,15,1469,9390,0,0.428571428571429,0,0.1,0,0.000643979364713772,1,
5,15,1469,9391,0,0.428571428571429,0.333333333333333,0.1,0,0.000608418558188166,1,
5,15,1469,9392,0,0.428571428571429,0.666666666666667,0.1,0,0.000623333314722496,1,
5,15,1469,9393,0,0.428571428571429,1,0.1,0,0.000621407249714502,1,
5,15,1469,9394,0,0.428571428571429,0,1,0,0.000634835519317218,1,
5,15,1469,9395,0,0.428571428571429,0.333333333333333,1,0,0.000624907741064384,1,
5,15,1469,9396,0,0.428571428571429,0.666666666666667,1,0,0.000622238002203248,1,
5,15,1469,9397,0,0.428571428571429,1,1,0,0.000676882452333958,1,
5,16,1769,9286,0,1,0,0,0.25,0.000704598250279289,0.7,
5,16,1769,9287,0,1,0.333333333333333,0,0.25,0.000922962586137128,0.7,
5,16,1769,9288,0,1,0.666666666666667,0,0.25,0.00085557225976085,0.7,
5,16,1769,9289,0,1,1,0,0.25,0.000870961616128525,0.7,
5,16,1769,9290,0,1,0,0,0.5,0.000688570752291241,1,
5,16,1769,9291,0,1,0.333333333333333,0,0.5,0.000851128088259808,1,
5,16,1769,9292,0,1,0.666666666666667,0,0.5,0.000848836958410649,0.7,
5,16,1769,9293,0,1,1,0,0.5,0.000822705294832491,0.7,
5,16,1769,9294,0,1,0,0,0.75,0.00077492115820401,0.7,
5,16,1769,9296,0,1,0.333333333333333,0,0.75,0.000847701117848267,0.7,
5,16,1769,9297,0,1,0.666666666666667,0,0.75,0.000835538629272265,0.7,
5,16,1769,9298,0,1,1,0,0.75,0.000976245821481409,0.7,
5,16,1769,9299,0,1,0,0,1,0.000897421819646398,0.7,
5,16,1769,9300,0,1,0.333333333333333,0,1,0.000871173178751336,0.7,
5,16,1769,9301,0,1,0.666666666666667,0,1,0.000877364980349798,1,
5,16,1769,9302,0,1,1,0,1,0.000762090475543195,1,
5,16,1769,9303,0,1,0,0.01,0,0.00975447202333599,1,
5,16,1769,9324,0,1,0.333333333333333,0.01,0,0.00954910572648847,1,
5,16,1769,9325,0,1,0.666666666666667,0.01,0,0.00934943311282248,1,
5,16,1769,9326,0,1,1,0.01,0,0.00914179120583846,1,
5,16,1769,9327,0,1,0,0.1,0,0.00979088287343899,1,
5,16,1769,9330,0,1,0.333333333333333,0.1,0,0.00959699910406,1,
5,16,1769,9331,0,1,0.666666666666667,0.1,0,0.00937103553830642,1,
5,16,1769,9332,0,1,1,0.1,0,0.00916767925046925,1,
5,16,1769,9333,0,1,0,1,0,0.0100799929526397,1,
5,16,1769,9335,0,1,0.333333333333333,1,0,0.0102162524173395,1,
5,16,1769,9338,0,1,0.666666666666667,1,0,0.00970704467623418,1,
5,16,1769,9386,0,1,1,1,0,0.00948099409656631,1,
