DBMS	EXPERIMENTNAME	RUNID	BATCHSETID	PK	NUMPROCESSORS	ACTROWPOOL	PCTREAD	PCTUPDATE	ATP	MAXMPL
db2	pk-xt-1M-1000-120-1	1351	7207	1	1	.25	0	25	6.47154020288525668429408365479465909523E01	1100
db2	pk-xt-1M-1000-120-1	1351	7246	1	1	.5	0	25	6.52336578881003178019568149681655096397E01	1100
db2	pk-xt-1M-1000-120-1	1351	7286	1	1	.75	0	25	7.75811998995049584140602725598665335516E01	1100
db2	pk-xt-1M-1000-120-1	1351	7306	1	1	1	0	25	7.83864471336751674291855456945817343174E01	1100
db2	pk-xt-1M-1000-120-1	1351	7327	1	1	.25	0	50	7.08066450186206537414289050911233902533E01	1100
db2	pk-xt-1M-1000-120-1	1351	7366	1	1	.5	0	50	7.49740451870261063195120041445753151073E01	1100
db2	pk-xt-1M-1000-120-1	1351	7406	1	1	.75	0	50	8.21201035776317764442606497259388775176E01	1100
db2	pk-xt-1M-1000-120-1	1351	7427	1	1	1	0	50	8.76164520344154692901144366590344490638E01	1100
db2	pk-xt-1M-1000-120-1	1351	7467	1	1	.25	0	75	6.59220261549960786933476847589836436693E01	1100
db2	pk-xt-1M-1000-120-1	1351	7506	1	1	.5	0	75	7.0411446517553494786146471186626953736E01	1100
db2	pk-xt-1M-1000-120-1	1351	7546	1	1	.75	0	75	7.56523110500913407730892861930730275631E01	1100
db2	pk-xt-1M-1000-120-1	1351	7587	1	1	1	0	75	8.49448659001124093298679033080363136434E01	1100
db2	pk-xt-1M-1000-120-1	1351	7627	1	1	.25	0	100	6.92762295314142816786032691573371378493E01	1100
db2	pk-xt-1M-1000-120-1	1351	7666	1	1	.5	0	100	5.74502062212829458918195400723883673604E01	1100
db2	pk-xt-1M-1000-120-1	1351	7686	1	1	.75	0	100	6.76341553409778439490857772725508991327E01	1100
db2	pk-xt-1M-1000-120-1	1351	7706	1	1	1	0	100	7.70073178330759009125548121880948422873E01	100
db2	pk-xt-1M-1000-120-1	1351	7726	1	1	.25	.01	0	4.50347437203799413778042595774364893458E01	1100
db2	pk-xt-1M-1000-120-1	1351	7747	1	1	.5	.01	0	6.64389228747714448524078880670535414522E01	1100
db2	pk-xt-1M-1000-120-1	1351	7766	1	1	.75	.01	0	4.30412828686017157884857073690702676852E01	700
db2	pk-xt-1M-1000-120-1	1351	7786	1	1	1	.01	0	5.24535884380965757188537820154967849988E01	200
db2	pk-xt-1M-1000-120-1	1351	8126	1	1	.25	.1	0	7.19025648465940203099325206133622316216E01	1100
db2	pk-xt-1M-1000-120-1	1351	8146	1	1	.5	.1	0	4.84523831581429344325346575835222520761E01	1100
db2	pk-xt-1M-1000-120-1	1351	8166	1	1	.75	.1	0	4.31268250203043214839465557268138235609E01	800
db2	pk-xt-1M-1000-120-1	1351	8186	1	1	1	.1	0	6.64763794814015795423401641587461985013E01	1100
db2	pk-xt-1M-1000-120-1	1351	8526	1	1	.25	1	0	5.16523346830417041873478748589039067259E01	1100
db2	pk-xt-1M-1000-120-1	1351	8547	1	1	.5	1	0	4.39985714255244961090470550224865634776E01	300
db2	pk-xt-1M-1000-120-1	1351	8567	1	1	.75	1	0	5.1951148108062390224035671754343581746E01	200
db2	pk-xt-1M-1000-120-1	1351	8586	1	1	1	1	0	4.98654209906237320936411083101517015212E01	100
db2	pk-xt-1M-1000-120-2	1710	9266	1	2	.25	0	25	3.40324512313980982591269395507072625596E01	1100
db2	pk-xt-1M-1000-120-2	1710	9305	1	2	.5	0	25	4.69003729816244183579522509580257034113E01	500
db2	pk-xt-1M-1000-120-2	1710	9306	1	2	.75	0	25	4.37203468413121273620637027987277408249E01	700
db2	pk-xt-1M-1000-120-2	1710	9308	1	2	1	0	25	5.34883201094564386477933825233737784856E01	300
db2	pk-xt-1M-1000-120-2	1710	9310	1	2	.25	0	50	4.45987169656933184581702983022900558952E01	600
db2	pk-xt-1M-1000-120-2	1710	9312	1	2	.5	0	50	1.22331817341920411898774807408214247747E02	1100
db2	pk-xt-1M-1000-120-2	1710	9313	1	2	.75	0	50	1.66740905825350248584678959593133602607E02	1100
db2	pk-xt-1M-1000-120-2	1710	9315	1	2	1	0	50	8.93066953958150135976524776360015074526E01	1100
db2	pk-xt-1M-1000-120-2	1710	9329	1	2	.25	0	100	8.85835643433736496697539011754927524842E01	1100
db2	pk-xt-1M-1000-120-2	1710	9434	1	2	.5	.01	0	1.2034873320263767599358403136695776154E05	1100
db2	pk-xt-1M-1000-120-2	1710	9436	1	2	.75	.01	0	1.18921254532569538770448237170023031949E05	1100
db2	pk-xt-1M-1000-120-2	1710	9439	1	2	1	.01	0	1.35977851763299462044231918708906156605E05	1100
db2	pk-xt-1M-1000-120-2	1710	9441	1	2	.25	.1	0	5.39683989257169280235718567945178227217E03	1100
db2	pk-xt-1M-1000-120-2	1710	9443	1	2	.5	.1	0	4.24182842886847923082955862995754386039E03	500
db2	pk-xt-1M-1000-120-2	1710	9445	1	2	.75	.1	0	1.03126713933509170712445135193969554146E04	200
db2	pk-xt-1M-1000-120-2	1710	9447	1	2	1	.1	0	2.157839222918051304133474371335586197E03	1100
db2	pk-xt-1M-1000-120-4	1630	8686	1	4	.25	0	25	1.9539188029117219257652406092399875438E01	700
db2	pk-xt-1M-1000-120-4	1630	9413	1	4	1	0	25	1.76807671773838430071681595721791666747E01	1100
db2	pk-xt-1M-1000-120-4	1630	9415	1	4	.25	0	50	4.9449981892793992759942546279430613778E01	1100
db2	pk-xt-1M-1000-120-4	1630	9417	1	4	.5	0	50	5.14807188874888596781075466443393740042E01	1100
db2	pk-xt-1M-1000-120-4	1630	9418	1	4	.75	0	50	5.40634845064157762209433110438844231733E01	1100
db2	pk-xt-1M-1000-120-4	1630	9420	1	4	1	0	50	5.58083399321087441387280173837826618682E01	1100
db2	pk-xt-1M-1000-120-4	1630	9422	1	4	.25	0	75	4.8783221803106932315692443125509463502E01	1100
db2	pk-xt-1M-1000-120-4	1630	9424	1	4	.5	0	75	4.87431448372430159895478124418062777211E01	1100
db2	pk-xt-1M-1000-120-4	1630	9426	1	4	.75	0	75	4.8331299029304412105218774029211375984E01	1100
db2	pk-xt-1M-1000-120-4	1630	9427	1	4	1	0	75	4.75539384264923950418924105899972854538E01	1100
db2	pk-xt-1M-1000-120-4	1630	9429	1	4	.25	0	100	4.84214607107526192208904461648606792049E01	1100
db2	pk-xt-1M-1000-120-4	1630	9431	1	4	.5	0	100	4.73833558038959796464481253111495964293E01	1100
db2	pk-xt-1M-1000-120-4	1630	9433	1	4	.75	0	100	4.89938453315419064011934199025302708236E01	1100
db2	pk-xt-1M-1000-120-4	1630	9435	1	4	1	0	100	5.02065726791071185909806231457039798156E01	1100
db2	pk-xt-1M-1000-120-4	1630	9438	1	4	.25	.01	0	3.15550021145001850187661891420415499287E04	1100
db2	pk-xt-1M-1000-120-4	1630	9440	1	4	.5	.01	0	9.89502623950083993280537556995440364772E04	1100
db2	pk-xt-1M-1000-120-4	1630	9442	1	4	.75	.01	0	9.46113297966190601082472997782599365775E04	1100
db2	pk-xt-1M-1000-120-4	1630	9444	1	4	1	.01	0	1.39618964255934182000111179053866251598E05	1100
db2	pk-xt-1M-1000-120-4	1630	9446	1	4	.25	.1	0	2.0991349724804720286588828607451166678E03	600
db2	pk-xt-1M-1000-120-4	1630	9449	1	4	.5	.1	0	8.31845094151945609397893767979623701313E02	500
db2	pk-xt-1M-1000-120-4	1630	9451	1	4	.75	.1	0	1.19422219006939093858256906250628755519E03	700
db2	pk-xt-1M-1000-120-4	1630	9453	1	4	1	.1	0	1.16409822137224835317562872222509375556E04	500
db2	pk-xt-1M-1000-120-4	1630	9455	1	4	.25	1	0	8.60255926253257643159146202237636702912E02	1100
db2	pk-xt-1M-1000-120-4	1630	9456	1	4	.5	1	0	1.23138261762414216555160841890087839376E02	1100
db2	pk-xt-1M-1000-120-8	1869	9295	1	8	.25	0	25	4.8603214659589816484389840628844693753E01	1100
db2	pk-xt-1M-1000-120-8	1869	9304	1	8	.5	0	25	5.02112908393406793450425960854597028113E01	1100
db2	pk-xt-1M-1000-120-8	1869	9307	1	8	.75	0	25	5.13271426541611903904490756573536723543E01	1100
db2	pk-xt-1M-1000-120-8	1869	9309	1	8	1	0	25	5.33898970321384996978224257465909289097E01	1100
db2	pk-xt-1M-1000-120-8	1869	9311	1	8	.25	0	50	5.03651103903407311935167143408649447213E01	1100
db2	pk-xt-1M-1000-120-8	1869	9314	1	8	.5	0	50	5.05352247777260542874841716251197965848E01	1100
db2	pk-xt-1M-1000-120-8	1869	9316	1	8	.75	0	50	5.15503034658745500131239365390101368231E01	1100
db2	pk-xt-1M-1000-120-8	1869	9318	1	8	1	0	50	5.25132509754964615736257240346043350472E01	1100
db2	pk-xt-1M-1000-120-8	1869	9320	1	8	.25	0	75	5.07139799134032880324200241531464461632E01	1100
db2	pk-xt-1M-1000-120-8	1869	9322	1	8	.5	0	75	5.04540581208407883370335935332977887351E01	1100
db2	pk-xt-1M-1000-120-8	1869	9328	1	8	.75	0	75	4.92501037677969632517957937249061081333E01	1100
db2	pk-xt-1M-1000-120-8	1869	9336	1	8	1	0	75	4.9210222332470126127305785790232701719E01	1100
db2	pk-xt-1M-1000-120-8	1869	9339	1	8	.25	0	100	4.92336392512298070230034320910236353618E01	1100
db2	pk-xt-1M-1000-120-8	1869	9348	1	8	.5	0	100	4.90048636341537626179445621636739761842E01	1100
db2	pk-xt-1M-1000-120-8	1869	9353	1	8	.75	0	100	4.10788970650283106080300486368034498718E01	800
db2	pk-xt-1M-1000-120-8	1869	9355	1	8	1	0	100	4.86088016796230968731954983834911221593E01	1100
db2	pk-xt-1M-1000-120-8	1869	9409	1	8	.25	.01	0	3.20561686440677966101694915254237288137E04	600
db2	pk-xt-1M-1000-120-8	1869	9412	1	8	.5	.01	0	1.23643628996238834038551951104842501175E05	1100
db2	pk-xt-1M-1000-120-8	1869	9414	1	8	.75	.01	0	1.30308778254138382755746099797546742884E05	1100
db2	pk-xt-1M-1000-120-8	1869	9416	1	8	1	.01	0	6.0402806724252742749161985486017299199E00	1100
db2	pk-xt-1M-1000-120-8	1869	9419	1	8	.25	.1	0	5.91966197821172288891890934177353320212E00	1100
db2	pk-xt-1M-1000-120-8	1869	9421	1	8	.5	.1	0	5.76906241212339097436203878532902318163E00	1100
db2	pk-xt-1M-1000-120-8	1869	9423	1	8	.75	.1	0	5.75829944055248821913842330823970099347E00	1100
db2	pk-xt-1M-1000-120-8	1869	9425	1	8	1	.1	0	7.16104758418262285008269541285603153539E03	400
db2	pk-xt-1M-1000-120-8	1869	9428	1	8	.25	1	0	3.67392880781011601361976379988479234536E02	700
db2	pk-xt-1M-1000-120-8	1869	9430	1	8	.5	1	0	2.36619856562177998466903075974733470872E03	500
db2	pk-xt-1M-1000-120-8	1869	9432	1	8	.75	1	0	1.21703187352549670371457757727574146116E01	1100
db2	pk-xt-1M-1000-120-8	1869	9437	1	8	1	1	0	5.97546865553996008956215694605969154899E00	1100
db2	xt-1M-1000-120-1	689	1602	0	1	.25	0	25	5.28435895717849472462713405697513553207E01	1100
db2	xt-1M-1000-120-1	689	1623	0	1	.5	0	25	5.1780747085218801463390876120619056478E01	1100
db2	xt-1M-1000-120-1	689	1661	0	1	.75	0	25	1.19963285404054039828731443472376725588E02	500
db2	xt-1M-1000-120-1	689	1683	0	1	1	0	25	1.17807514509552011361633266284843007872E02	1100
db2	xt-1M-1000-120-1	689	1723	0	1	.25	0	50	5.55077231516443207448690442338682913538E01	1100
db2	xt-1M-1000-120-1	689	1763	0	1	.5	0	50	5.00871701577901469724203154197588143609E01	1100
db2	xt-1M-1000-120-1	689	1801	0	1	.75	0	50	1.13007515009559261386673406166725780627E02	1100
db2	xt-1M-1000-120-1	689	1842	0	1	1	0	50	1.24021519410363626250756312464630307072E02	700
db2	xt-1M-1000-120-1	689	1882	0	1	.25	0	75	5.43815761827537668662053539667373463153E01	1100
db2	xt-1M-1000-120-1	689	1902	0	1	.5	0	75	5.42091065999566097591256406644308291423E01	1100
db2	xt-1M-1000-120-1	689	1923	0	1	.75	0	75	1.12738468419939843456993171563018281767E02	100
db2	xt-1M-1000-120-1	689	1943	0	1	1	0	75	1.16797845343937150482221446080449589983E02	200
db2	xt-1M-1000-120-1	689	1983	0	1	.25	0	100	5.53923068983921837484263128090899359364E01	1100
db2	xt-1M-1000-120-1	689	2022	0	1	.5	0	100	5.30813905153297877226030788080310063276E01	1100
db2	xt-1M-1000-120-1	689	2043	0	1	.75	0	100	1.12796396563596259420686664020954954678E02	600
db2	xt-1M-1000-120-1	689	2083	0	1	1	0	100	1.05857989790753414023060422945689312003E02	600
db2	xt-1M-1000-120-1	689	2123	0	1	.25	.01	0	4.20474181775158041420244748522290125759E01	500
db2	xt-1M-1000-120-1	689	2142	0	1	.5	.01	0	4.01568675093864719445881374614583536762E01	200
db2	xt-1M-1000-120-1	689	2144	0	1	.75	.01	0	4.01422461651689694334411224163929641714E01	200
db2	xt-1M-1000-120-1	689	2147	0	1	1	.01	0	4.52123028132912564396944422245136239862E01	200
db2	xt-1M-1000-120-1	689	2503	0	1	.25	.1	0	3.65655042698047041216087332912711105894E01	200
db2	xt-1M-1000-120-1	689	2522	0	1	.5	.1	0	4.69966584278702271670903242005790602434E01	200
db2	xt-1M-1000-120-1	689	2541	0	1	.75	.1	0	5.85532838402376766405103289356107676217E01	200
db2	xt-1M-1000-120-1	689	4105	0	1	.25	1	0	4.49762669434103963730378590712960947765E01	1100
db2	xt-1M-1000-120-1	689	4124	0	1	.5	1	0	3.92596532517814035572898990317632536739E01	200
db2	xt-1M-1000-120-1	689	4125	0	1	.75	1	0	3.96029998962596016249148244594535625318E01	1100
db2	xt-1M-1000-120-1	689	4144	0	1	1	1	0	4.14685419757080404648813662862626998191E01	300
db2	xt-1M-1000-120-2	949	401	0	2	.25	0	25	3.83381069999916835075638498706785426181E01	1100
db2	xt-1M-1000-120-2	949	422	0	2	.5	0	25	3.95265682718589233930831275596688581091E01	1100
db2	xt-1M-1000-120-2	949	462	0	2	.75	0	25	4.02959370698369898653101828550206267167E01	700
db2	xt-1M-1000-120-2	949	482	0	2	1	0	25	3.97159582938765871844488508423200869188E01	1100
db2	xt-1M-1000-120-2	949	521	0	2	.25	0	50	3.53290803445828722850681331828242578359E01	1100
db2	xt-1M-1000-120-2	949	542	0	2	.5	0	50	3.91254961321864258484200428582176540483E01	500
db2	xt-1M-1000-120-2	949	582	0	2	.75	0	50	3.54270870725917888436036018715630437423E01	1100
db2	xt-1M-1000-120-2	949	601	0	2	1	0	50	3.63271603698140253705708236437033699979E01	1100
db2	xt-1M-1000-120-2	949	641	0	2	.25	0	75	3.52080266409933460063555029227019407466E01	1100
db2	xt-1M-1000-120-2	949	662	0	2	.5	0	75	3.81339472115411081523540996693967552696E01	500
db2	xt-1M-1000-120-2	949	702	0	2	.75	0	75	3.93123076098252316561412151376713301363E01	700
db2	xt-1M-1000-120-2	949	741	0	2	1	0	75	4.09586452102569410134631995428388676007E01	700
db2	xt-1M-1000-120-2	949	762	0	2	.25	0	100	3.69673988166514948723740107204384987485E01	800
db2	xt-1M-1000-120-2	949	841	0	2	.75	0	100	3.54005260432838957323792682626001417383E01	1100
db2	xt-1M-1000-120-2	949	862	0	2	1	0	100	3.89132946216471258070340546418868897287E01	600
db2	xt-1M-1000-120-2	949	902	0	2	.25	.01	0	3.38039156704726763831778284915209682788E01	1100
db2	xt-1M-1000-120-2	949	941	0	2	.5	.01	0	3.60640480560186508933169210943495993619E01	1100
db2	xt-1M-1000-120-2	949	962	0	2	.75	.01	0	3.99038735003109334944210898268569485151E01	500
db2	xt-1M-1000-120-2	949	1001	0	2	1	.01	0	3.07115408579871352960923147470060879518E01	400
db2	xt-1M-1000-120-2	949	1441	0	2	.25	.1	0	2.57376432355421750567829286863532577579E01	800
db2	xt-1M-1000-120-2	949	1461	0	2	.5	.1	0	3.08231255218335565322638610091771064754E01	600
db2	xt-1M-1000-120-2	949	1482	0	2	.75	.1	0	3.3798780529262391373975987655897673463E01	1100
db2	xt-1M-1000-120-2	949	1501	0	2	1	.1	0	3.39115847331764605019789852692600400889E01	1100
db2	xt-1M-1000-120-2	949	1821	0	2	.25	1	0	3.09474896765576440264407254503851868216E01	1100
db2	xt-1M-1000-120-2	949	1841	0	2	.5	1	0	2.8650570007578711378431867234311772921E01	500
db2	xt-1M-1000-120-2	949	1861	0	2	.75	1	0	3.28558072495983552055097077831930359691E01	500
db2	xt-1M-1000-120-2	949	1881	0	2	1	1	0	3.00469727321396406122538770585396367074E01	1100
db2	xt-1M-1000-120-4	849	2203	0	4	.25	0	25	1.52068355562515114195134683600373844877E01	1100
db2	xt-1M-1000-120-4	849	2222	0	4	.5	0	25	1.47750803855805618183553424181548561893E01	1100
db2	xt-1M-1000-120-4	849	2224	0	4	.75	0	25	1.41520049421836091450846403704439169077E01	1100
db2	xt-1M-1000-120-4	849	2225	0	4	1	0	25	1.41235456070996698337830509734817791638E01	1100
db2	xt-1M-1000-120-4	849	2228	0	4	.25	0	50	1.54030062816816411220797905310663827135E01	1100
db2	xt-1M-1000-120-4	849	2242	0	4	.5	0	50	1.46443857807230844872197730372785581483E01	1100
db2	xt-1M-1000-120-4	849	2261	0	4	.75	0	50	1.44586499287484478669336953681378596074E01	1100
db2	xt-1M-1000-120-4	849	2263	0	4	1	0	50	1.45208192151487154868918199613067196219E01	1100
db2	xt-1M-1000-120-4	849	2283	0	4	.25	0	75	1.53024807265530038031398225673778786926E01	1100
db2	xt-1M-1000-120-4	849	2301	0	4	.5	0	75	1.55027712890758156006446539375986697475E01	1100
db2	xt-1M-1000-120-4	849	2304	0	4	.75	0	75	1.47132600195100375393052050798999551223E01	1100
db2	xt-1M-1000-120-4	849	2322	0	4	1	0	75	1.39992958645676115629125581696338604221E01	1100
db2	xt-1M-1000-120-4	849	2323	0	4	.25	0	100	1.47937879599719574762690172726061061445E01	1100
db2	xt-1M-1000-120-4	849	2326	0	4	.5	0	100	1.45392222982093337925203655433450251927E01	1100
db2	xt-1M-1000-120-4	849	2342	0	4	.75	0	100	1.46548284317333608127594997635019883115E01	1100
db2	xt-1M-1000-120-4	849	3003	0	4	.25	.1	0	1.27076728731735094705877402711065023858E01	600
db2	xt-1M-1000-120-4	849	3004	0	4	.5	.1	0	1.5550728733427159035747917759342319874E01	600
db2	xt-1M-1000-120-4	849	3024	0	4	1	.1	0	1.073625144658252962401783586942668597E01	600
db2	xt-1M-1000-120-4	849	3184	0	4	.5	1	0	1.4370945846360904977357515252155292265E01	500
db2	xt-1M-1000-120-8	1870	3764	0	8	.25	0	25	4.75324890747429689086512279064790582126E01	1100
db2	xt-1M-1000-120-8	1870	3804	0	8	.5	0	25	5.01971065402767865478060450422457292704E01	1100
db2	xt-1M-1000-120-8	1870	3806	0	8	.75	0	25	5.19096195139106217739463504209839473027E01	1100
db2	xt-1M-1000-120-8	1870	3823	0	8	1	0	25	5.22145951631918069987650977788264111428E01	1100
db2	xt-1M-1000-120-8	1870	3843	0	8	.25	0	50	4.96741805559416637905087894013138964942E01	1100
db2	xt-1M-1000-120-8	1870	3863	0	8	.5	0	50	5.1830157071033410340927108989294822392E01	1100
db2	xt-1M-1000-120-8	1870	4164	0	8	.75	0	50	5.25998258833975764372226518946317895921E01	1100
db2	xt-1M-1000-120-8	1870	4184	0	8	1	0	50	4.91560930825114578297088246525338217351E01	1100
db2	xt-1M-1000-120-8	1870	4204	0	8	.25	0	75	4.9158128326142661401038805382522695505E01	1100
db2	xt-1M-1000-120-8	1870	4224	0	8	.5	0	75	5.0371442141816022498665974573748328546E01	1100
db2	xt-1M-1000-120-8	1870	4244	0	8	.75	0	75	5.07881052867878620201016699559142080514E01	1100
db2	xt-1M-1000-120-8	1870	4265	0	8	1	0	75	5.21452567586616493233847931699174031894E01	1100
db2	xt-1M-1000-120-8	1870	4384	0	8	.25	0	100	5.0422124066981633166531547901931732409E01	1100
db2	xt-1M-1000-120-8	1870	4604	0	8	.5	0	100	5.07545427348773135565037699557809794433E01	1100
db2	xt-1M-1000-120-8	1870	4625	0	8	.75	0	100	5.09835132491279206508885017565373972876E01	1100
db2	xt-1M-1000-120-8	1870	4724	0	8	1	0	100	5.13863365394644230324642767317730300068E01	1100
db2	xt-1M-1000-120-8	1870	4765	0	8	.25	.01	0	2.83391672623204480411891166522888167713E04	700
db2	xt-1M-1000-120-8	1870	4805	0	8	.5	.01	0	6.44373952981755468820913134247072705817E04	500
db2	xt-1M-1000-120-8	1870	4824	0	8	.75	.01	0	1.19975445630540980640492129545865749955E05	1100
db2	xt-1M-1000-120-8	1870	4844	0	8	1	.01	0	1.31978382849446273570787189464232265789E05	1100
db2	xt-1M-1000-120-8	1870	5205	0	8	.25	.1	0	4.5822906814405832075149876497975324864E03	1100
db2	xt-1M-1000-120-8	1870	5245	0	8	.5	.1	0	5.08869643344162834873227845375770944081E03	1100
db2	xt-1M-1000-120-8	1870	5284	0	8	.75	.1	0	2.1347338858655207451922953123688345478E03	600
db2	xt-1M-1000-120-8	1870	5304	0	8	1	.1	0	5.4042964586954299151416010632859625805E03	800
db2	xt-1M-1000-120-8	1870	5606	0	8	.25	1	0	5.03937902339321412338511203011450383868E02	1100
db2	xt-1M-1000-120-8	1870	5608	0	8	.5	1	0	1.93903886698160053321012143276321275031E03	1100
db2	xt-1M-1000-120-8	1870	5626	0	8	.75	1	0	4.79783154750851939125909149159306732084E03	700
db2	xt-1M-1000-120-8	1870	5628	0	8	1	1	0	3.44119248869342621049609676855437084845E01	1100
mysql	pk-xt-1M-1000-120-1	1290	7207	1	1	.25	0	25	2.80056105217966835411337495304366491958E04	1100
mysql	pk-xt-1M-1000-120-1	1290	7246	1	1	.5	0	25	10577.5168715265100807269481968277149	800
mysql	pk-xt-1M-1000-120-1	1290	7286	1	1	.75	0	25	1.52187040753791941167458250344721924314E04	700
mysql	pk-xt-1M-1000-120-1	1290	7306	1	1	1	0	25	6.8197718591508477032314157368497319229E04	800
mysql	pk-xt-1M-1000-120-1	1290	7327	1	1	.25	0	50	2.41187070102965657562118502990319995068E04	1100
mysql	pk-xt-1M-1000-120-1	1290	7366	1	1	.5	0	50	1.09261077301006146055888636855628864815E04	1100
mysql	pk-xt-1M-1000-120-1	1290	7406	1	1	.75	0	50	1.18659790128973604326856403223569656533E04	1100
mysql	pk-xt-1M-1000-120-1	1290	7427	1	1	1	0	50	69304.32584640792733278282411230388109	700
mysql	pk-xt-1M-1000-120-1	1290	7467	1	1	.25	0	75	2.55846652196704124758378927366248402844E04	1100
mysql	pk-xt-1M-1000-120-1	1290	7506	1	1	.5	0	75	8.92445485966011979384315364256860286951E03	1100
mysql	pk-xt-1M-1000-120-1	1290	7546	1	1	.75	0	75	4.83186727301238827034655794260624117924E04	800
mysql	pk-xt-1M-1000-120-1	1290	7587	1	1	1	0	75	6.72036986708144796380090497737556561086E04	1100
mysql	pk-xt-1M-1000-120-1	1290	7627	1	1	.25	0	100	2.63790853961643099452524099015886877372E04	1100
mysql	pk-xt-1M-1000-120-1	1290	7666	1	1	.5	0	100	6.93643290227053359813627244381781153509E03	800
mysql	pk-xt-1M-1000-120-1	1290	7686	1	1	.75	0	100	1.4333136703792252220732015472233560752E04	800
mysql	pk-xt-1M-1000-120-1	1290	7706	1	1	1	0	100	6.96568726839112089524857824252430746653E04	1100
mysql	pk-xt-1M-1000-120-1	1290	7726	1	1	.25	.01	0	2.54699059995364807639517039957158222066E02	1100
mysql	pk-xt-1M-1000-120-1	1290	7747	1	1	.5	.01	0	2.5180721290155204741215930512480563609E02	1100
mysql	pk-xt-1M-1000-120-1	1290	7766	1	1	.75	.01	0	2.53129003604630970016247907493090596674E02	1100
mysql	pk-xt-1M-1000-120-1	1290	7786	1	1	1	.01	0	2.51334498966113640698576267834574811601E02	1100
mysql	pk-xt-1M-1000-120-1	1290	8126	1	1	.25	.1	0	5.54803855185518170455336346726438758553E02	1100
mysql	pk-xt-1M-1000-120-1	1290	8146	1	1	.5	.1	0	5.51544143763833685226787945029374760472E02	1100
mysql	pk-xt-1M-1000-120-1	1290	8166	1	1	.75	.1	0	5.77494180783800421732340240417746553633E02	1100
mysql	pk-xt-1M-1000-120-1	1290	8186	1	1	1	.1	0	5.87919722116908909113410324458858726719E02	1100
mysql	pk-xt-1M-1000-120-1	1290	8526	1	1	.25	1	0	4.70740985016819917612089623696187948526E03	1100
mysql	pk-xt-1M-1000-120-2	1471	9266	1	2	.25	0	25	5.95627661613030490897818858141238798399E03	1100
mysql	pk-xt-1M-1000-120-2	1471	9305	1	2	.5	0	25	2.25809676243210941164011558419945838817E04	100
mysql	pk-xt-1M-1000-120-2	1471	9306	1	2	.75	0	25	2.91832170130174346618478733728206672691E04	100
mysql	pk-xt-1M-1000-120-2	1471	9308	1	2	1	0	25	2.24680938582529725681116000374496769965E04	100
mysql	pk-xt-1M-1000-120-2	1471	9310	1	2	.25	0	50	1.51721869238268995009315301226916876623E04	1100
mysql	pk-xt-1M-1000-120-2	1471	9312	1	2	.5	0	50	1.05981564525391746656821724505701862335E04	800
mysql	pk-xt-1M-1000-120-2	1471	9313	1	2	.75	0	50	3.06618199143538949364192082638684580432E04	1100
mysql	pk-xt-1M-1000-120-2	1471	9315	1	2	1	0	50	4.74271487030974565600604381767816670865E04	100
mysql	pk-xt-1M-1000-120-2	1471	9317	1	2	.25	0	75	1.16154973107613631353877353083807256535E04	1100
mysql	pk-xt-1M-1000-120-2	1471	9319	1	2	.5	0	75	1.24153045613334664138137538676514622218E03	700
mysql	pk-xt-1M-1000-120-2	1471	9321	1	2	.75	0	75	3.37173274112780317875027215327672545177E04	800
mysql	pk-xt-1M-1000-120-2	1471	9323	1	2	1	0	75	6.9525167638726878853524412597900349942E04	1100
mysql	pk-xt-1M-1000-120-2	1471	9329	1	2	.25	0	100	9.77961549337699062360470308081559755916E03	1100
mysql	pk-xt-1M-1000-120-2	1471	9334	1	2	.5	0	100	1.07923088393324140554419666207027720983E04	800
mysql	pk-xt-1M-1000-120-2	1471	9337	1	2	.75	0	100	3.33506808168884809545663148233134465351E04	600
mysql	pk-xt-1M-1000-120-2	1471	9340	1	2	1	0	100	7.09467758069670821348673697666986257593E04	1100
mysql	pk-xt-1M-1000-120-2	1471	9445	1	2	.75	.1	0	3.9779851370294092273165998016340582626E02	1100
mysql	pk-xt-1M-1000-120-2	1471	9447	1	2	1	.1	0	3.92939123566567459999441304197499882077E02	800
mysql	pk-xt-1M-1000-120-2	1471	9450	1	2	.5	1	0	3.87763745302288676706321336857398660784E03	700
mysql	pk-xt-1M-1000-120-2	1471	9452	1	2	.75	1	0	5.77122336174014908474778547750616737252E03	1100
mysql	pk-xt-1M-1000-120-2	1471	9454	1	2	1	1	0	6.4277972404704451198650285203280878618E03	300
mysql	pk-xt-1M-1000-120-4	1473	8686	1	4	.25	0	25	1.76426792374637380853709075839204309988E04	1100
mysql	pk-xt-1M-1000-120-4	1473	8766	1	4	.5	0	25	5.32228237636069664064998175979679062498E03	700
mysql	pk-xt-1M-1000-120-4	1473	8806	1	4	.75	0	25	3.98834102738395805010681685764226063315E04	200
mysql	pk-xt-1M-1000-120-4	1473	9413	1	4	1	0	25	2.24593752119773244827753282620281990407E04	100
mysql	pk-xt-1M-1000-120-4	1473	9415	1	4	.25	0	50	1.10877701630920464700625558534405719392E04	700
mysql	pk-xt-1M-1000-120-4	1473	9417	1	4	.5	0	50	1.26985221122234811196344657218744776092E04	1100
mysql	pk-xt-1M-1000-120-4	1473	9418	1	4	.75	0	50	5.55118589544749566645379071252622935864E04	100
mysql	pk-xt-1M-1000-120-4	1473	9420	1	4	1	0	50	4.8234153203342618384401114206128133705E04	100
mysql	pk-xt-1M-1000-120-4	1473	9422	1	4	.25	0	75	1.27912555537538511431814496513701962057E04	1100
mysql	pk-xt-1M-1000-120-4	1473	9424	1	4	.5	0	75	4.8055346249302434869445178723529238993E03	1100
mysql	pk-xt-1M-1000-120-4	1473	9426	1	4	.75	0	75	6.75326698256254738438210765731614859738E04	800
mysql	pk-xt-1M-1000-120-4	1473	9427	1	4	1	0	75	6.44188144771120208410867138072199478975E04	1100
mysql	pk-xt-1M-1000-120-4	1473	9429	1	4	.25	0	100	8.16990840662839275453100652796256128053E03	600
mysql	pk-xt-1M-1000-120-4	1473	9431	1	4	.5	0	100	5.04046886707073912087198883692755901536E03	1100
mysql	pk-xt-1M-1000-120-4	1473	9433	1	4	.75	0	100	7.02456452165961824208480969253628986171E04	1100
mysql	pk-xt-1M-1000-120-4	1473	9435	1	4	1	0	100	6.59500994756078182107103130462418560304E04	1100
mysql	pk-xt-1M-1000-120-4	1473	9438	1	4	.25	.01	0	7.61059929186274693312283278997773005801E01	1100
mysql	pk-xt-1M-1000-120-4	1473	9440	1	4	.5	.01	0	7.46311550146333668100374088035434963296E01	1100
mysql	pk-xt-1M-1000-120-4	1473	9446	1	4	.25	.1	0	2.06961668949663701605336411398939344199E02	1100
mysql	pk-xt-1M-1000-120-4	1473	9449	1	4	.5	.1	0	2.05507416517479041742152687498721876105E02	1100
mysql	pk-xt-1M-1000-120-4	1473	9451	1	4	.75	.1	0	2.00383640478499838344649207888781118655E02	1100
mysql	pk-xt-1M-1000-120-4	1473	9453	1	4	1	.1	0	1.97971507268263986641108733961043246296E02	1100
mysql	pk-xt-1M-1000-120-4	1473	9455	1	4	.25	1	0	2.33020510846058064093321973917032570942E03	1100
mysql	pk-xt-1M-1000-120-8	1470	9295	1	8	.25	0	25	6.88438042802517394377592124200539928294E03	1100
mysql	pk-xt-1M-1000-120-8	1470	9304	1	8	.5	0	25	2.55208879871593716748724052733142166677E04	100
mysql	pk-xt-1M-1000-120-8	1470	9307	1	8	.75	0	25	3.01676507138291071809077349243554229704E04	100
mysql	pk-xt-1M-1000-120-8	1470	9309	1	8	1	0	25	2.02544010314057248812145092131185537143E04	100
mysql	pk-xt-1M-1000-120-8	1470	9311	1	8	.25	0	50	7.57530161292613300131136054840435352766E03	1100
mysql	pk-xt-1M-1000-120-8	1470	9314	1	8	.5	0	50	7.23353606572547890553504776202276536457E03	1100
mysql	pk-xt-1M-1000-120-8	1470	9316	1	8	.75	0	50	5.29090489278521502191683449828219405286E04	100
mysql	pk-xt-1M-1000-120-8	1470	9318	1	8	1	0	50	4.21531142682554231591811793461655973113E04	100
mysql	pk-xt-1M-1000-120-8	1470	9320	1	8	.25	0	75	9.45372473335512047297899521673252324785E03	800
mysql	pk-xt-1M-1000-120-8	1470	9322	1	8	.5	0	75	4.81256454771221404753435086587786284922E03	1100
mysql	pk-xt-1M-1000-120-8	1470	9328	1	8	.75	0	75	6.55770501392757660167130919220055710307E04	700
mysql	pk-xt-1M-1000-120-8	1470	9336	1	8	1	0	75	6.70462558728696453247351450944265315523E04	1100
mysql	pk-xt-1M-1000-120-8	1470	9339	1	8	.25	0	100	6.49943909575994032933616386482299615582E03	1100
mysql	pk-xt-1M-1000-120-8	1470	9348	1	8	.5	0	100	6.46163261487841463217939688496298406999E03	800
mysql	pk-xt-1M-1000-120-8	1470	9353	1	8	.75	0	100	6.96037943526904635055940330314331379858E04	1100
mysql	pk-xt-1M-1000-120-8	1470	9355	1	8	1	0	100	6.6695862638606019461416610092781172211E04	1100
mysql	pk-xt-1M-1000-120-8	1470	9409	1	8	.25	.01	0	4.51102968910132126796226172387873355564E01	1100
mysql	pk-xt-1M-1000-120-8	1470	9412	1	8	.5	.01	0	4.51831347549207404434176723022983425163E01	1100
mysql	pk-xt-1M-1000-120-8	1470	9414	1	8	.75	.01	0	4.3685952397253877771969016685401275442E01	1100
mysql	pk-xt-1M-1000-120-8	1470	9416	1	8	1	.01	0	4.26173383444930870850843169130432578372E01	1100
mysql	pk-xt-1M-1000-120-8	1470	9419	1	8	.25	.1	0	1.17017882687165345685066295079252467471E02	1100
mysql	pk-xt-1M-1000-120-8	1470	9421	1	8	.5	.1	0	1.19457042098406504727810878158634653055E02	1100
mysql	pk-xt-1M-1000-120-8	1470	9423	1	8	.75	.1	0	1.10157783764220369670948241713739213171E02	1100
mysql	pk-xt-1M-1000-120-8	1470	9425	1	8	1	.1	0	1.1897694512210233038553758012638399826E02	1100
mysql	pk-xt-1M-1000-120-8	1470	9428	1	8	.25	1	0	1.31554309334102736813846218246970906239E03	200
mysql	pk-xt-1M-1000-120-8	1470	9430	1	8	.5	1	0	1.38490241374535152429612917930061537308E03	200
mysql	xt-1M-1000-120-1	1289	1602	0	1	.25	0	25	5.06202729765563791960465256433435786175E04	1100
mysql	xt-1M-1000-120-1	1289	1623	0	1	.5	0	25	5.06136033573430577740273047828576595041E04	1100
mysql	xt-1M-1000-120-1	1289	1661	0	1	.75	0	25	5.06500771525873240710044905216840963205E04	1100
mysql	xt-1M-1000-120-1	1289	1683	0	1	1	0	25	5.05995060712886799843321582452017234625E04	1100
mysql	xt-1M-1000-120-1	1289	1723	0	1	.25	0	50	5.06005216238208613363069226364485699649E04	1100
mysql	xt-1M-1000-120-1	1289	1763	0	1	.5	0	50	5.06323345084214649432040736388562475519E04	1100
mysql	xt-1M-1000-120-1	1289	1801	0	1	.75	0	50	5.06221359211596998282149422862481540641E04	1100
mysql	xt-1M-1000-120-1	1289	1842	0	1	1	0	50	5.06106628593815924296305225724790549092E04	1100
mysql	xt-1M-1000-120-1	1289	1882	0	1	.25	0	75	5.06523295166927805230806315535735808127E04	1100
mysql	xt-1M-1000-120-1	1289	1902	0	1	.5	0	75	5.06196036280359187609232809015850057253E04	1100
mysql	xt-1M-1000-120-1	1289	1923	0	1	.75	0	75	5.06014676451972633292142620332137798004E04	1100
mysql	xt-1M-1000-120-1	1289	1943	0	1	1	0	75	5.05919866509974085457723136262279274393E04	1100
mysql	xt-1M-1000-120-1	1289	1983	0	1	.25	0	100	5.06205830269423181242842504972575492734E04	1100
mysql	xt-1M-1000-120-1	1289	2022	0	1	.5	0	100	5.05838964405196057747370324602911480151E04	1100
mysql	xt-1M-1000-120-1	1289	2043	0	1	.75	0	100	5.06409866196546424373926408100533405658E04	1100
mysql	xt-1M-1000-120-1	1289	2083	0	1	1	0	100	5.05934083114847964319079046499713708827E04	1100
mysql	xt-1M-1000-120-1	1289	2123	0	1	.25	.01	0	7.36176358381502890173410404624277456647E04	200
mysql	xt-1M-1000-120-1	1289	2142	0	1	.5	.01	0	7.1205446294754371357202331390507910075E04	200
mysql	xt-1M-1000-120-1	1289	2144	0	1	.75	.01	0	7.36004926108374384236453201970443349754E04	200
mysql	xt-1M-1000-120-1	1289	2147	0	1	1	.01	0	7.07370106426524764633647155137126483831E04	200
mysql	xt-1M-1000-120-1	1289	2503	0	1	.25	.1	0	7.53188534768211920529801324503311258278E04	200
mysql	xt-1M-1000-120-1	1289	2522	0	1	.5	.1	0	7.31734177740863787375415282392026578074E04	200
mysql	xt-1M-1000-120-1	1289	2541	0	1	.75	.1	0	7.29449099601593625498007968127490039841E04	200
mysql	xt-1M-1000-120-1	1289	2561	0	1	1	.1	0	7.18810106382978723404255319148936170213E04	200
mysql	xt-1M-1000-120-1	1289	4144	0	1	1	1	0	1.11333575784487862640615748963883955003E05	200
mysql	xt-1M-1000-120-2	1291	401	0	2	.25	0	25	5.05610492050108407612623464225487834259E04	1100
mysql	xt-1M-1000-120-2	1291	422	0	2	.5	0	25	5.05795566730908214887978800289086966997E04	1100
mysql	xt-1M-1000-120-2	1291	462	0	2	.75	0	25	5.0576261501866795134288811273033843189E04	1100
mysql	xt-1M-1000-120-2	1291	482	0	2	1	0	25	5.05534990967664237971939543565966158844E04	1100
mysql	xt-1M-1000-120-2	1291	521	0	2	.25	0	50	5.05248221727086595206551848729374924726E04	1100
mysql	xt-1M-1000-120-2	1291	542	0	2	.5	0	50	5.05165666184797012408143597156969039874E04	1100
mysql	xt-1M-1000-120-2	1291	582	0	2	.75	0	50	5.05240447248742583501490829141945004967E04	1100
mysql	xt-1M-1000-120-2	1291	601	0	2	1	0	50	5.05035583825123449355654582680958689634E04	1100
mysql	xt-1M-1000-120-2	1291	641	0	2	.25	0	75	5.06383717890806155328695756918721956215E04	1100
mysql	xt-1M-1000-120-2	1291	662	0	2	.5	0	75	5.05493181161165984100216815225246928452E04	1100
mysql	xt-1M-1000-120-2	1291	702	0	2	.75	0	75	5.05499590662650602409638554216867469878E04	1100
mysql	xt-1M-1000-120-2	1291	741	0	2	1	0	75	5.05440828740928117565573523654651127775E04	1100
mysql	xt-1M-1000-120-2	1291	762	0	2	.25	0	100	5.05252276518230813235781170023785866979E04	1100
mysql	xt-1M-1000-120-2	1291	802	0	2	.5	0	100	5.04986807299665733128557231908934863131E04	1100
mysql	xt-1M-1000-120-2	1291	841	0	2	.75	0	100	5.05384052271837644154045346421366414739E04	1100
mysql	xt-1M-1000-120-2	1291	862	0	2	1	0	100	5.05458720226444638501611009063808003854E04	1100
mysql	xt-1M-1000-120-2	1291	902	0	2	.25	.01	0	7.3490736762481089258698940998487140696E04	200
mysql	xt-1M-1000-120-2	1291	941	0	2	.5	.01	0	7.72903348754448398576512455516014234874E04	200
mysql	xt-1M-1000-120-2	1291	962	0	2	.75	.01	0	7.22939314456035767511177347242921013413E04	200
mysql	xt-1M-1000-120-2	1291	1001	0	2	1	.01	0	7.16003905711000383288616328095055576848E04	200
mysql	xt-1M-1000-120-2	1291	1441	0	2	.25	.1	0	7.77798538884524744697564807541241162609E04	200
mysql	xt-1M-1000-120-2	1291	1461	0	2	.5	.1	0	7.20025212683681361175560711523588553751E04	200
mysql	xt-1M-1000-120-2	1291	1482	0	2	.75	.1	0	7.2419429292929292929292929292929292929E04	200
mysql	xt-1M-1000-120-2	1291	1501	0	2	1	.1	0	7.38333858888450926290894757587702010247E04	200
mysql	xt-1M-1000-120-2	1291	1861	0	2	.75	1	0	1.17809155390334572490706319702602230483E05	200
mysql	xt-1M-1000-120-2	1291	1881	0	2	1	1	0	7.69083896515311510031678986272439281945E04	200
mysql	xt-1M-1000-120-4	1270	2203	0	4	.25	0	25	5.02669313652030570957590289225236025774E04	1100
mysql	xt-1M-1000-120-4	1270	2222	0	4	.5	0	25	5.01720353695821593429650500569510221209E04	1100
mysql	xt-1M-1000-120-4	1270	2224	0	4	.75	0	25	5.01405709876543209876543209876543209877E04	1100
mysql	xt-1M-1000-120-4	1270	2225	0	4	1	0	25	5.02114502966025525795434118281502786266E04	1100
mysql	xt-1M-1000-120-4	1270	2228	0	4	.25	0	50	5.01918967687788501888375996642887117078E04	1100
mysql	xt-1M-1000-120-4	1270	2242	0	4	.5	0	50	5.01666516227636429020947586082891306301E04	1100
mysql	xt-1M-1000-120-4	1270	2261	0	4	.75	0	50	5.00936618541261045379661524636812939945E04	1100
mysql	xt-1M-1000-120-4	1270	2263	0	4	1	0	50	5.0127785162565115861325669121609484462E04	1100
mysql	xt-1M-1000-120-4	1270	2283	0	4	.25	0	75	5.0185396356990922436262320620749573085E04	1100
mysql	xt-1M-1000-120-4	1270	2301	0	4	.5	0	75	5.01708092627542614061891495161918456607E04	1100
mysql	xt-1M-1000-120-4	1270	2304	0	4	.75	0	75	5.02144871748771425146829677574014143594E04	1100
mysql	xt-1M-1000-120-4	1270	2322	0	4	1	0	75	5.01215976109930245786306619165943178757E04	1100
mysql	xt-1M-1000-120-4	1270	2323	0	4	.25	0	100	5.01639327801575652278105622622292783751E04	1100
mysql	xt-1M-1000-120-4	1270	2326	0	4	.5	0	100	5.01554298038041036393589935599820278568E04	1100
mysql	xt-1M-1000-120-4	1270	2342	0	4	.75	0	100	5.01686143524619623816940218042410446868E04	1100
mysql	xt-1M-1000-120-4	1270	2344	0	4	1	0	100	5.02075163463265672714208730016166696605E04	1100
mysql	xt-1M-1000-120-4	1270	2362	0	4	.25	.01	0	7.08194580672626649638143891017454235843E04	400
mysql	xt-1M-1000-120-4	1270	2382	0	4	.5	.01	0	6.57454586466165413533834586466165413534E04	400
mysql	xt-1M-1000-120-4	1270	2384	0	4	.75	.01	0	6.96690726935749588138385502471169686981E04	400
mysql	xt-1M-1000-120-4	1270	2387	0	4	1	.01	0	6.62105532676812891674127126230975828111E04	400
mysql	xt-1M-1000-120-4	1270	3003	0	4	.25	.1	0	6.94394029661016949152542372881355932208E04	400
mysql	xt-1M-1000-120-4	1270	3004	0	4	.5	.1	0	7.05913559217301750772399588053553038103E04	400
mysql	xt-1M-1000-120-4	1270	3023	0	4	.75	.1	0	6.85897443244434648446109764161340092574E04	400
mysql	xt-1M-1000-120-4	1270	3024	0	4	1	.1	0	7.26648973709834469328140214216163583248E04	400
mysql	xt-1M-1000-120-4	1270	3183	0	4	.25	1	0	7.28335988975356679636835278858625162127E04	400
mysql	xt-1M-1000-120-4	1270	3184	0	4	.5	1	0	1.02373994786831393272870099264443333571E05	800
mysql	xt-1M-1000-120-4	1270	3203	0	4	.75	1	0	9.59440317075283721736117127263276444597E04	200
mysql	xt-1M-1000-120-4	1270	3204	0	4	1	1	0	9.09298553329909262112651943160417736692E04	400
mysql	xt-1M-1000-120-8	1369	3764	0	8	.25	0	25	4.99508717550410754294249439880507841673E04	1100
mysql	xt-1M-1000-120-8	1369	3804	0	8	.5	0	25	5.0027394185664346111326899518957841585E04	1100
mysql	xt-1M-1000-120-8	1369	3806	0	8	.75	0	25	5.00022739001881551832273093808798494759E04	1100
mysql	xt-1M-1000-120-8	1369	3823	0	8	1	0	25	4.99957282582726078126866563134631465771E04	1100
mysql	xt-1M-1000-120-8	1369	3843	0	8	.25	0	50	4.99426646656512259952811874682674790193E04	1100
mysql	xt-1M-1000-120-8	1369	3863	0	8	.5	0	50	4.99438768853976882410919626056569397569E04	1100
mysql	xt-1M-1000-120-8	1369	4164	0	8	.75	0	50	4.9958331332497162993489816639789762886E04	1100
mysql	xt-1M-1000-120-8	1369	4184	0	8	1	0	50	4.99250855820895522388059701492537313433E04	1100
mysql	xt-1M-1000-120-8	1369	4204	0	8	.25	0	75	4.99763819496310459176052340692498431569E04	1100
mysql	xt-1M-1000-120-8	1369	4224	0	8	.5	0	75	4.99627055432769846484678334627561077593E04	1100
mysql	xt-1M-1000-120-8	1369	4244	0	8	.75	0	75	4.99800690922125638498073304059503539743E04	1100
mysql	xt-1M-1000-120-8	1369	4265	0	8	1	0	75	5.00059603726819362737778839549675993671E04	1100
mysql	xt-1M-1000-120-8	1369	4384	0	8	.25	0	100	4.99358592125701995459433624088899510096E04	1100
mysql	xt-1M-1000-120-8	1369	4604	0	8	.5	0	100	5.00088911030114722753346080305927342258E04	1100
mysql	xt-1M-1000-120-8	1369	4625	0	8	.75	0	100	4.99854159001314060446780551905387647829E04	1100
mysql	xt-1M-1000-120-8	1369	4724	0	8	1	0	100	4.99163249634251933239781446869495118386E04	1100
mysql	xt-1M-1000-120-8	1369	4765	0	8	.25	.01	0	6.25632531851111666250312265800649512868E04	200
mysql	xt-1M-1000-120-8	1369	4805	0	8	.5	.01	0	6.33045502532495270641362055287728077134E04	400
mysql	xt-1M-1000-120-8	1369	4824	0	8	.75	.01	0	6.09722121692785990736628386523697734916E04	400
mysql	xt-1M-1000-120-8	1369	4844	0	8	1	.01	0	5.98387696757787666878575969485060394152E04	200
mysql	xt-1M-1000-120-8	1369	5205	0	8	.25	.1	0	5.97494202879666427780311420939474884356E04	400
mysql	xt-1M-1000-120-8	1369	5245	0	8	.5	.1	0	6.57404044826988619952631274911905724685E04	200
mysql	xt-1M-1000-120-8	1369	5284	0	8	.75	.1	0	6.29211367942166271968091736258257509661E04	400
mysql	xt-1M-1000-120-8	1369	5304	0	8	1	.1	0	6.00647914606741573033707865168539325843E04	400
mysql	xt-1M-1000-120-8	1369	5606	0	8	.25	1	0	6.02411674613834788448623237071860308932E04	400
mysql	xt-1M-1000-120-8	1369	5608	0	8	.5	1	0	6.32751908981814825071540662789624296134E04	200
mysql	xt-1M-1000-120-8	1369	5626	0	8	.75	1	0	6.40063588532883642495784148397976391227E04	400
oracle	pk-xt-1M-1000-120-1	1329	7207	1	1	.25	0	25	7.75209967146580561933085043975661732309E01	800
oracle	pk-xt-1M-1000-120-1	1329	7246	1	1	.5	0	25	9.02306720997895495440240120520261127232E01	600
oracle	pk-xt-1M-1000-120-1	1329	7286	1	1	.75	0	25	9.08461428364986674895724955456136476898E01	700
oracle	pk-xt-1M-1000-120-1	1329	7306	1	1	1	0	25	1.14760804125173194065076505811990256671E02	500
oracle	pk-xt-1M-1000-120-1	1329	7327	1	1	.25	0	50	1.0987520009773517757321466776639205251E02	100
oracle	pk-xt-1M-1000-120-1	1329	7366	1	1	.5	0	50	1.39140101467745275746125990279101311529E02	100
oracle	pk-xt-1M-1000-120-1	1329	7406	1	1	.75	0	50	1.46065803837650891987778307109563077347E02	300
oracle	pk-xt-1M-1000-120-1	1329	7427	1	1	1	0	50	1.07546970898465081416948195139967628751E02	1100
oracle	pk-xt-1M-1000-120-1	1329	7467	1	1	.25	0	75	8.97435011931085890002427665119057565932E01	100
oracle	pk-xt-1M-1000-120-1	1329	7506	1	1	.5	0	75	1.01328301770689610377179176176026976728E02	1100
oracle	pk-xt-1M-1000-120-1	1329	7546	1	1	.75	0	75	9.22524473045248356996360172552298902531E01	700
oracle	pk-xt-1M-1000-120-1	1329	7587	1	1	1	0	75	8.38370181051355450929909490310173388454E01	600
oracle	pk-xt-1M-1000-120-1	1329	7627	1	1	.25	0	100	8.97670741686827722509636353693339638375E01	800
oracle	pk-xt-1M-1000-120-1	1329	7666	1	1	.5	0	100	1.01352196847112781407347367165332833491E02	1100
oracle	pk-xt-1M-1000-120-1	1329	7686	1	1	.75	0	100	1.34712156358474550363140288813814692208E02	300
oracle	pk-xt-1M-1000-120-1	1329	7706	1	1	1	0	100	9.09401123665204955883774158362621239421E01	700
oracle	pk-xt-1M-1000-120-1	1329	7726	1	1	.25	.01	0	9.66858235607792200656347605122034532132E01	1100
oracle	pk-xt-1M-1000-120-1	1329	7747	1	1	.5	.01	0	9.71759602443976722159464502977761090379E01	1100
oracle	pk-xt-1M-1000-120-1	1329	7766	1	1	.75	.01	0	9.49698015001806091029598227101994729526E01	1100
oracle	pk-xt-1M-1000-120-1	1329	7786	1	1	1	.01	0	9.65693705140946119711423287255774870435E01	1100
oracle	pk-xt-1M-1000-120-1	1329	8126	1	1	.25	.1	0	9.89961257963290211857494730292633694471E01	1100
oracle	pk-xt-1M-1000-120-1	1329	8146	1	1	.5	.1	0	9.39505328245580852512885008342588339428E01	1100
oracle	pk-xt-1M-1000-120-1	1329	8166	1	1	.75	.1	0	9.52559938995865483963703620443381960372E01	1100
oracle	pk-xt-1M-1000-120-1	1329	8186	1	1	1	.1	0	1.04375039709129801844219846675991864412E02	1100
oracle	pk-xt-1M-1000-120-1	1329	8526	1	1	.25	1	0	1.31165483012684094829260868230952591128E02	1100
oracle	pk-xt-1M-1000-120-1	1329	8547	1	1	.5	1	0	1.14596843167420311277774820052982118391E02	1100
oracle	pk-xt-1M-1000-120-1	1329	8567	1	1	.75	1	0	9.8797992660684875247526036222025789709E01	1100
oracle	pk-xt-1M-1000-120-1	1329	8586	1	1	1	1	0	9.62217433444351933360646802450750566604E01	1100
oracle	pk-xt-1M-1000-120-2	1610	9266	1	2	.25	0	25	2.30849831332219396724525724438750025704E01	1100
oracle	pk-xt-1M-1000-120-2	1610	9305	1	2	.5	0	25	2.25460793873177912261612753201557204971E01	1100
oracle	pk-xt-1M-1000-120-2	1610	9306	1	2	.75	0	25	2.4777139647164983370261365313288252981E01	1100
oracle	pk-xt-1M-1000-120-2	1610	9308	1	2	1	0	25	2.52440046577611338304172740874753752138E01	1100
oracle	pk-xt-1M-1000-120-2	1610	9310	1	2	.25	0	50	2.01935080402561681629706427760150215776E01	1100
oracle	pk-xt-1M-1000-120-2	1610	9312	1	2	.5	0	50	2.01493639232950792565423908974897224752E01	1100
oracle	pk-xt-1M-1000-120-2	1610	9313	1	2	.75	0	50	2.12493165325240796938910146457316268637E01	1100
oracle	pk-xt-1M-1000-120-2	1610	9315	1	2	1	0	50	1.45345224410997028886100020616107165867E01	1100
oracle	pk-xt-1M-1000-120-2	1610	9317	1	2	.25	0	75	1.40431976174973747515664380861546071488E01	1100
oracle	pk-xt-1M-1000-120-2	1610	9319	1	2	.5	0	75	9.77934639065063426615175564631534190664E00	1100
oracle	pk-xt-1M-1000-120-2	1610	9321	1	2	.75	0	75	1.26481228860035024659988614234537059243E01	1100
oracle	pk-xt-1M-1000-120-2	1610	9323	1	2	1	0	75	9.01379059880774400942310008957080587228E00	1100
oracle	pk-xt-1M-1000-120-2	1610	9329	1	2	.25	0	100	1.30173591509617491318651005541274981644E01	1100
oracle	pk-xt-1M-1000-120-2	1610	9334	1	2	.5	0	100	8.78232845462232675635758379383695007377E00	100
oracle	pk-xt-1M-1000-120-2	1610	9337	1	2	.75	0	100	1.33144352239502865193252498575013102483E01	500
oracle	pk-xt-1M-1000-120-2	1610	9340	1	2	1	0	100	8.53370537764407243392017435292327325553E00	1100
oracle	pk-xt-1M-1000-120-2	1610	9341	1	2	.25	.01	0	5.83056199099986927458859020967646415872E00	700
oracle	pk-xt-1M-1000-120-2	1610	9434	1	2	.5	.01	0	1.31054946391236686029941262646161363518E01	400
oracle	pk-xt-1M-1000-120-2	1610	9436	1	2	.75	.01	0	9.31865232377856951405055327530473188628E00	300
oracle	pk-xt-1M-1000-120-2	1610	9439	1	2	1	.01	0	1.10546089136155578718222549700955796919E01	200
oracle	pk-xt-1M-1000-120-2	1610	9441	1	2	.25	.1	0	1.32502168741216523919628734441864783262E01	400
oracle	pk-xt-1M-1000-120-2	1610	9443	1	2	.5	.1	0	3.56092376047921212181168399320769681037E01	1100
oracle	pk-xt-1M-1000-120-2	1610	9445	1	2	.75	.1	0	2.87089752199091773435370305113594808616E01	1100
oracle	pk-xt-1M-1000-120-2	1610	9447	1	2	1	.1	0	1.69613168232844505821098462773888472783E01	600
oracle	pk-xt-1M-1000-120-2	1610	9448	1	2	.25	1	0	1.35592893659933857992363432457249644037E01	600
oracle	pk-xt-1M-1000-120-2	1610	9450	1	2	.5	1	0	1.31074675803332974217363446152450399469E01	200
oracle	pk-xt-1M-1000-120-2	1610	9452	1	2	.75	1	0	1.32173336970386208497916301525956480515E01	300
oracle	pk-xt-1M-1000-120-2	1610	9454	1	2	1	1	0	4.42673639991079646120554078918980958531E01	100
oracle	pk-xt-1M-1000-120-4	1709	8686	1	4	.25	0	25	4.18104909982904648694066548506978921147E01	1100
oracle	pk-xt-1M-1000-120-4	1709	8766	1	4	.5	0	25	4.11291911646763682464829401282519520158E01	300
oracle	pk-xt-1M-1000-120-4	1709	8806	1	4	.75	0	25	5.17635635170624616387540119546718936959E01	1100
oracle	pk-xt-1M-1000-120-4	1709	9413	1	4	1	0	25	5.05088564497201076326691415352062969454E01	1100
oracle	pk-xt-1M-1000-120-4	1709	9415	1	4	.25	0	50	4.46903376583640513401454317839391554526E01	200
oracle	pk-xt-1M-1000-120-4	1709	9417	1	4	.5	0	50	4.50365595453587297307973219752123068602E01	300
oracle	pk-xt-1M-1000-120-4	1709	9418	1	4	.75	0	50	4.28290878407240140106536133169004855618E01	300
oracle	pk-xt-1M-1000-120-4	1709	9420	1	4	1	0	50	4.28329835865209851243968603594816423958E01	300
oracle	pk-xt-1M-1000-120-4	1709	9422	1	4	.25	0	75	5.35774856502081093502639621878225329316E01	200
oracle	pk-xt-1M-1000-120-4	1709	9424	1	4	.5	0	75	8.84775494147227304442156808949144178383E01	200
oracle	pk-xt-1M-1000-120-4	1709	9426	1	4	.75	0	75	6.56897365170755404772140742467646786993E01	200
oracle	pk-xt-1M-1000-120-4	1709	9427	1	4	1	0	75	7.13574614854170919589347488112454165865E01	300
oracle	pk-xt-1M-1000-120-4	1709	9429	1	4	.25	0	100	1.51980303236574368038354381254219941051E02	100
oracle	pk-xt-1M-1000-120-4	1709	9431	1	4	.5	0	100	8.47730991632967056316902217848060554023E01	100
oracle	pk-xt-1M-1000-120-4	1709	9433	1	4	.75	0	100	1.09850544217356278801376468738501736796E02	100
oracle	pk-xt-1M-1000-120-4	1709	9435	1	4	1	0	100	6.74773008166156104137689754332670597572E01	200
oracle	pk-xt-1M-1000-120-4	1709	9451	1	4	.75	.1	0	2.58480500599169123985407827130983191077E01	1100
oracle	pk-xt-1M-1000-120-4	1709	9456	1	4	.5	1	0	2.50043975365083270855856253531827872155E01	1100
oracle	pk-xt-1M-1000-120-4	1709	9457	1	4	.75	1	0	2.72215188305803868707317871204782749048E01	800
oracle	pk-xt-1M-1000-120-8	1609	9295	1	8	.25	0	25	4.27638585524626245294181430112292863135E01	100
oracle	pk-xt-1M-1000-120-8	1609	9304	1	8	.5	0	25	4.46548901585330586495210623352394721775E01	100
oracle	pk-xt-1M-1000-120-8	1609	9307	1	8	.75	0	25	4.17753701436907515505168625720352310392E01	100
oracle	pk-xt-1M-1000-120-8	1609	9309	1	8	1	0	25	3.85372711641291155462219754724039320068E01	100
oracle	pk-xt-1M-1000-120-8	1609	9311	1	8	.25	0	50	4.77093693754675422981133749479459391685E01	100
oracle	pk-xt-1M-1000-120-8	1609	9314	1	8	.5	0	50	3.72246716772061560666579884305409966728E01	100
oracle	pk-xt-1M-1000-120-8	1609	9316	1	8	.75	0	50	48.95119681080743542629077666484647261	100
oracle	pk-xt-1M-1000-120-8	1609	9318	1	8	1	0	50	3.650438090308010536715111810176960155E01	100
oracle	pk-xt-1M-1000-120-8	1609	9320	1	8	.25	0	75	36.22804092223404610310351386186227443	100
oracle	pk-xt-1M-1000-120-8	1609	9322	1	8	.5	0	75	3.61497667787708838877342610736281745107E01	100
oracle	pk-xt-1M-1000-120-8	1609	9336	1	8	1	0	75	3.30722235784029438584857541206688778266E01	100
oracle	pk-xt-1M-1000-120-8	1609	9339	1	8	.25	0	100	3.73397072903321864864296585538969953468E01	100
oracle	pk-xt-1M-1000-120-8	1609	9348	1	8	.5	0	100	3.61730470601447986331423706623534156322E01	100
oracle	pk-xt-1M-1000-120-8	1609	9353	1	8	.75	0	100	3.3195977930527509707432247162911620052E01	100
oracle	pk-xt-1M-1000-120-8	1609	9355	1	8	1	0	100	5.47637703105448055179507476571922471324E01	100
oracle	pk-xt-1M-1000-120-8	1609	9409	1	8	.25	.01	0	1.42343286390503311243005221418594384559E01	800
oracle	pk-xt-1M-1000-120-8	1609	9412	1	8	.5	.01	0	1.59675454327197967928033224710356371347E01	700
oracle	pk-xt-1M-1000-120-8	1609	9414	1	8	.75	.01	0	2.02627832578021559918725097214455813524E01	1100
oracle	pk-xt-1M-1000-120-8	1609	9416	1	8	1	.01	0	2.18050111158890345562983975561909170693E01	1100
oracle	pk-xt-1M-1000-120-8	1609	9419	1	8	.25	.1	0	1.9903076691720132254590341075349106329E01	1100
oracle	pk-xt-1M-1000-120-8	1609	9421	1	8	.5	.1	0	2.08598213832812079397031738760503405832E01	1100
oracle	pk-xt-1M-1000-120-8	1609	9423	1	8	.75	.1	0	2.04524361141645010738225033372818575809E01	1100
oracle	pk-xt-1M-1000-120-8	1609	9425	1	8	1	.1	0	1.91170984822390790021700178993871188488E01	1100
oracle	pk-xt-1M-1000-120-8	1609	9428	1	8	.25	1	0	2.03145498671601676645771979161824280874E01	1100
oracle	pk-xt-1M-1000-120-8	1609	9430	1	8	.5	1	0	1.52193560384663551286615997831135199057E01	1100
oracle	pk-xt-1M-1000-120-8	1609	9432	1	8	.75	1	0	1.6046177994044826631218283904778604281E01	800
oracle	pk-xt-1M-1000-120-8	1609	9437	1	8	1	1	0	1.95339887640199661603216079716510245884E01	1100
oracle	xt-1M-1000-120-1	889	1602	0	1	.25	0	25	1.6725567988177501997837634560240680675E01	1100
oracle	xt-1M-1000-120-1	889	1623	0	1	.5	0	25	2.59438243674777739737621572490375429437E01	1100
oracle	xt-1M-1000-120-1	889	1661	0	1	.75	0	25	3.16532366044228378961548128660167798131E01	1100
oracle	xt-1M-1000-120-1	889	1683	0	1	1	0	25	2.83909595741964958315253857745939195077E01	1100
oracle	xt-1M-1000-120-1	889	1723	0	1	.25	0	50	1.83675091242961529376804858163863977508E01	1100
oracle	xt-1M-1000-120-1	889	1763	0	1	.5	0	50	2.73041580493109072170696535048896480769E01	1100
oracle	xt-1M-1000-120-1	889	1801	0	1	.75	0	50	3.10322881017639326629019623562973615335E01	1100
oracle	xt-1M-1000-120-1	889	1842	0	1	1	0	50	2.51276402916465948708737150648693224034E01	1100
oracle	xt-1M-1000-120-1	889	1882	0	1	.25	0	75	1.82211629609627704189005695912497608091E01	1100
oracle	xt-1M-1000-120-1	889	1902	0	1	.5	0	75	2.73092408796866698291130899106784917059E01	1100
oracle	xt-1M-1000-120-1	889	1923	0	1	.75	0	75	3.20170860294661277270651052137443777466E01	600
oracle	xt-1M-1000-120-1	889	1943	0	1	1	0	75	2.61611455489229593177199027837318164239E01	1100
oracle	xt-1M-1000-120-1	889	1983	0	1	.25	0	100	1.73267973164176326452367193155404919678E01	1100
oracle	xt-1M-1000-120-1	889	2022	0	1	.5	0	100	2.72923722373181180883101045604967288287E01	1100
oracle	xt-1M-1000-120-1	889	2043	0	1	.75	0	100	3.23390266545155043543129397177898144474E01	1100
oracle	xt-1M-1000-120-1	889	2083	0	1	1	0	100	2.49174609698742006994090734514288024472E01	1100
oracle	xt-1M-1000-120-1	889	2123	0	1	.25	.01	0	1.01254060404951914775414598989497075848E03	1100
oracle	xt-1M-1000-120-1	889	2142	0	1	.5	.01	0	1.18197791762263738664918605921555774063E03	200
oracle	xt-1M-1000-120-1	889	2144	0	1	.75	.01	0	1.11379660386913259671484675929168260399E03	100
oracle	xt-1M-1000-120-1	889	2147	0	1	1	.01	0	1.63430898487001939382058265478299224948E03	1100
oracle	xt-1M-1000-120-1	889	2503	0	1	.25	.1	0	6.09373733385971838399789445979734175549E02	1100
oracle	xt-1M-1000-120-1	889	2522	0	1	.5	.1	0	1.27555213762617932308504321435640298212E03	1100
oracle	xt-1M-1000-120-1	889	2541	0	1	.75	.1	0	7.36797815110188287480534189042518050116E02	1100
oracle	xt-1M-1000-120-1	889	2561	0	1	1	.1	0	1.67640446066979823437635191899231621578E03	400
oracle	xt-1M-1000-120-1	889	4105	0	1	.25	1	0	3.85034078186952608976914391564956471299E02	1100
oracle	xt-1M-1000-120-1	889	4124	0	1	.5	1	0	1.18826238322880575413359063198982500768E03	500
oracle	xt-1M-1000-120-1	889	4125	0	1	.75	1	0	9.51103411249177600953362215574065568477E02	1100
oracle	xt-1M-1000-120-1	889	4144	0	1	1	1	0	8.05461374386434627398482820169567157519E02	1100
oracle	xt-1M-1000-120-2	610	401	0	2	.25	0	25	1.31580417441926205137917452284532424438E01	1100
oracle	xt-1M-1000-120-2	610	422	0	2	.5	0	25	1.85655481466823490698393146582295930506E01	1100
oracle	xt-1M-1000-120-2	610	462	0	2	.75	0	25	2.28511329099825421497153254600715931952E01	1100
oracle	xt-1M-1000-120-2	610	482	0	2	1	0	25	2.13852302862661415992915647803525286127E01	1100
oracle	xt-1M-1000-120-2	610	521	0	2	.25	0	50	1.26586346729620328452789373352406789738E01	1100
oracle	xt-1M-1000-120-2	610	542	0	2	.5	0	50	1.84048793523402316575253649219338672087E01	1100
oracle	xt-1M-1000-120-2	610	582	0	2	.75	0	50	2.10656311675929410629231890933406146359E01	1100
oracle	xt-1M-1000-120-2	610	601	0	2	1	0	50	2.31701268251967400464302526448571776718E01	1100
oracle	xt-1M-1000-120-2	610	641	0	2	.25	0	75	5.60008280506549961939552040060980596513E01	100
oracle	xt-1M-1000-120-2	610	662	0	2	.5	0	75	2.64903355324902014310792473583217596974E01	1100
oracle	xt-1M-1000-120-2	610	702	0	2	.75	0	75	2.24582961416922234463009878790310992242E01	1100
oracle	xt-1M-1000-120-2	610	741	0	2	1	0	75	2.38116262242722802480777660709121560398E01	1100
oracle	xt-1M-1000-120-2	610	762	0	2	.25	0	100	1.36034171565283708816470297501598906171E01	1100
oracle	xt-1M-1000-120-2	610	802	0	2	.5	0	100	2.02872933364728713327694495446128586845E01	1100
oracle	xt-1M-1000-120-2	610	841	0	2	.75	0	100	2.3371355996337184249697770695707261956E01	1100
oracle	xt-1M-1000-120-2	610	862	0	2	1	0	100	2.2825537591942460555352811383811188607E01	1100
oracle	xt-1M-1000-120-2	610	902	0	2	.25	.01	0	6.67077254776487795959411280738641557729E02	700
oracle	xt-1M-1000-120-2	610	941	0	2	.5	.01	0	1.15374391229299380155860332391084337997E03	1100
oracle	xt-1M-1000-120-2	610	962	0	2	.75	.01	0	1.14045700505254770341484615988265050496E03	100
oracle	xt-1M-1000-120-2	610	1001	0	2	1	.01	0	1.61068203090051959671036784694263789959E03	200
oracle	xt-1M-1000-120-2	610	1441	0	2	.25	.1	0	5.65954925070311018004569185216953821538E02	800
oracle	xt-1M-1000-120-2	610	1461	0	2	.5	.1	0	1.88843835811846938411611568774294782639E02	100
oracle	xt-1M-1000-120-2	610	1482	0	2	.75	.1	0	1.56342817944394856028298456147310654897E03	300
oracle	xt-1M-1000-120-2	610	1501	0	2	1	.1	0	1.19243540890641554569934092889257232023E03	100
oracle	xt-1M-1000-120-2	610	1821	0	2	.25	1	0	6.10559306406648893373287000995942296233E02	300
oracle	xt-1M-1000-120-2	610	1841	0	2	.5	1	0	2.1579385153985011760844592746567474427E03	100
oracle	xt-1M-1000-120-2	610	1861	0	2	.75	1	0	1.69488365184232696315346073693078526139E03	400
oracle	xt-1M-1000-120-2	610	1881	0	2	1	1	0	6.18375409126715558464901088415750407741E02	200
oracle	xt-1M-1000-120-4	809	2222	0	4	.5	0	25	1.01688972536018495129134978036532097303E02	100
oracle	xt-1M-1000-120-4	809	2224	0	4	.75	0	25	4.41768548573570905862426080449807833632E01	500
oracle	xt-1M-1000-120-4	809	2225	0	4	1	0	25	4.41945985439984366945965419434770385262E01	400
oracle	xt-1M-1000-120-4	809	2228	0	4	.25	0	50	4.18701544745320239879261062588877475216E01	300
oracle	xt-1M-1000-120-4	809	2242	0	4	.5	0	50	8.48566984621644196451208525212674925803E01	200
oracle	xt-1M-1000-120-4	809	2261	0	4	.75	0	50	4.84582807999108916987254552573622446457E01	300
oracle	xt-1M-1000-120-4	809	2263	0	4	1	0	50	4.73351694656220540842850766519890229511E01	500
oracle	xt-1M-1000-120-4	809	2283	0	4	.25	0	75	4.1967583951312008794575642479170532804E01	300
oracle	xt-1M-1000-120-4	809	2301	0	4	.5	0	75	4.49646306903757165973098712630886109616E01	200
oracle	xt-1M-1000-120-4	809	2304	0	4	.75	0	75	4.8927640958887069722430621192975607315E01	100
oracle	xt-1M-1000-120-4	809	2322	0	4	1	0	75	4.54286219773589174028877654017919033644E01	600
oracle	xt-1M-1000-120-4	809	2323	0	4	.25	0	100	1.06901999145788413384023430339326410563E02	100
oracle	xt-1M-1000-120-4	809	2326	0	4	.5	0	100	4.29621752447727919781115941959050923356E01	500
oracle	xt-1M-1000-120-4	809	2342	0	4	.75	0	100	4.49700232209044920886552009126807153963E01	600
oracle	xt-1M-1000-120-4	809	2344	0	4	1	0	100	4.41733189574775942607218055117913041398E01	500
oracle	xt-1M-1000-120-4	809	2382	0	4	.5	.01	0	6.50783016145223356198761920696001338463E03	200
oracle	xt-1M-1000-120-4	809	2387	0	4	1	.01	0	3.74404813843695613578474058167579925772E03	500
oracle	xt-1M-1000-120-4	809	3023	0	4	.75	.1	0	3.21693834425571753377022870135080914806E03	1100
oracle	xt-1M-1000-120-4	809	3204	0	4	1	1	0	6.61932737757083607172163865156190242797E03	200
oracle	xt-1M-1000-120-8	1109	3764	0	8	.25	0	25	3.52149576210607296219529861505987002357E01	100
oracle	xt-1M-1000-120-8	1109	3804	0	8	.5	0	25	7.42439313280910544542304006900954820843E01	100
oracle	xt-1M-1000-120-8	1109	3823	0	8	1	0	25	3.8140964114059441580249408522824676523E01	100
oracle	xt-1M-1000-120-8	1109	3863	0	8	.5	0	50	3.70283259555908898175343815848275158509E01	100
oracle	xt-1M-1000-120-8	1109	4164	0	8	.75	0	50	3.53201565053102423675009627790057716178E01	100
oracle	xt-1M-1000-120-8	1109	4184	0	8	1	0	50	3.70893382989033248587554383970229572348E01	100
oracle	xt-1M-1000-120-8	1109	4204	0	8	.25	0	75	3.61248720708654967120289694876717630843E01	100
oracle	xt-1M-1000-120-8	1109	4224	0	8	.5	0	75	3.67000930139584183094477084801774092847E01	100
oracle	xt-1M-1000-120-8	1109	4244	0	8	.75	0	75	5.70458077353040596100051159732891507683E01	100
oracle	xt-1M-1000-120-8	1109	4265	0	8	1	0	75	5.65889159485696710199320306429884170332E01	100
oracle	xt-1M-1000-120-8	1109	4384	0	8	.25	0	100	8.6919923136696844017114021701478284478E01	100
oracle	xt-1M-1000-120-8	1109	4604	0	8	.5	0	100	4.36901450108027245568409751432700643088E01	100
oracle	xt-1M-1000-120-8	1109	4625	0	8	.75	0	100	5.88910621421677883663516199448619748761E01	100
oracle	xt-1M-1000-120-8	1109	4724	0	8	1	0	100	5.10875026070883201084748942667938136878E01	100
oracle	xt-1M-1000-120-8	1109	4805	0	8	.5	.01	0	2.65257799003242808903854064033518591149E03	600
oracle	xt-1M-1000-120-8	1109	4844	0	8	1	.01	0	4.8209052701656477236827297638465741686E03	1100
oracle	xt-1M-1000-120-8	1109	5205	0	8	.25	.1	0	1.01368381248069138415811024391879851312E03	400
oracle	xt-1M-1000-120-8	1109	5245	0	8	.5	.1	0	3.59128155165772300979797633077418887326E03	200
oracle	xt-1M-1000-120-8	1109	5606	0	8	.25	1	0	1.25071338233708084948463000339627722465E03	500
oracle	xt-1M-1000-120-8	1109	5608	0	8	.5	1	0	3.45294508958463104343970517223118776601E03	1100
oracle	xt-1M-1000-120-8	1109	5626	0	8	.75	1	0	4.45037741624493681337361217690312679093E03	400
oracle	xt-1M-1000-120-8	1109	5628	0	8	1	1	0	2.8842140034992642431603682790989276727E03	300
pgsql	pk-xt-1M-1000-120-1	1129	7207	1	1	.25	0	25	8.60299283265627257984232245219094718928E01	1100
pgsql	pk-xt-1M-1000-120-1	1129	7246	1	1	.5	0	25	7.69875438891822738879435532303416943843E01	1100
pgsql	pk-xt-1M-1000-120-1	1129	7286	1	1	.75	0	25	7.39025217529382352540398909773798363771E01	800
pgsql	pk-xt-1M-1000-120-1	1129	7306	1	1	1	0	25	8.43668513983015465720624045099512760967E01	1100
pgsql	pk-xt-1M-1000-120-1	1129	7327	1	1	.25	0	50	7.06328671656787005995185637502474350052E01	1100
pgsql	pk-xt-1M-1000-120-1	1129	7366	1	1	.5	0	50	6.38013331889462231524731175009356087252E01	1100
pgsql	pk-xt-1M-1000-120-1	1129	7406	1	1	.75	0	50	5.88155462955194476295239782109485943701E01	1100
pgsql	pk-xt-1M-1000-120-1	1129	7427	1	1	1	0	50	6.49239348495251224397829443689538639438E01	1100
pgsql	pk-xt-1M-1000-120-1	1129	7467	1	1	.25	0	75	7.05753812426590224638997738570543512253E01	1100
pgsql	pk-xt-1M-1000-120-1	1129	7506	1	1	.5	0	75	7.31117511950456940954902163387120071632E01	1100
pgsql	pk-xt-1M-1000-120-1	1129	7546	1	1	.75	0	75	6.4312851248163864304977544349739095158E01	1100
pgsql	pk-xt-1M-1000-120-1	1129	7587	1	1	1	0	75	6.45674146831713234674875430563481227833E01	1100
pgsql	pk-xt-1M-1000-120-1	1129	7627	1	1	.25	0	100	6.32100410172295363319702995317966270175E01	1100
pgsql	pk-xt-1M-1000-120-1	1129	7666	1	1	.5	0	100	7.98946749406485941343385231874023160003E01	1100
pgsql	pk-xt-1M-1000-120-1	1129	7686	1	1	.75	0	100	8.12161946540405762276708110028656898105E01	1100
pgsql	pk-xt-1M-1000-120-1	1129	7706	1	1	1	0	100	7.64597344245596416321635803843472118495E01	1100
pgsql	pk-xt-1M-1000-120-1	1129	7726	1	1	.25	.01	0	1.45078183713086644877417260737964709276E02	1100
pgsql	pk-xt-1M-1000-120-1	1129	7747	1	1	.5	.01	0	1.47946914914650580869159857496666288302E02	1100
pgsql	pk-xt-1M-1000-120-1	1129	7766	1	1	.75	.01	0	1.45993466331767358638573353063765962592E02	1100
pgsql	pk-xt-1M-1000-120-1	1129	7786	1	1	1	.01	0	1.42323695261716962472075130345813535677E02	1100
pgsql	pk-xt-1M-1000-120-1	1129	8126	1	1	.25	.1	0	6.70416653981279011922249842581579004028E02	1100
pgsql	pk-xt-1M-1000-120-1	1129	8146	1	1	.5	.1	0	6.79361092102108159746670675684419256987E02	1100
pgsql	pk-xt-1M-1000-120-1	1129	8166	1	1	.75	.1	0	6.41261084172286179852926075308602724628E02	1100
pgsql	pk-xt-1M-1000-120-1	1129	8186	1	1	1	.1	0	6.16108264599920017184080974742544396576E02	1100
pgsql	pk-xt-1M-1000-120-1	1129	8526	1	1	.25	1	0	5.50039010790915817062312679482838619064E03	1100
pgsql	pk-xt-1M-1000-120-1	1129	8567	1	1	.75	1	0	5.68527350215562616810321092745370505333E03	1100
pgsql	pk-xt-1M-1000-120-2	1729	9266	1	2	.25	0	25	6.80715276821928148256202555879667969468E01	1100
pgsql	pk-xt-1M-1000-120-2	1729	9306	1	2	.75	0	25	6.80570455789529206983654404050941527425E01	1100
pgsql	pk-xt-1M-1000-120-2	1729	9308	1	2	1	0	25	8.48403723721662328215707420407037623794E01	600
pgsql	pk-xt-1M-1000-120-2	1729	9310	1	2	.25	0	50	6.35212698505967897719969488122424264157E01	1100
pgsql	pk-xt-1M-1000-120-2	1729	9317	1	2	.25	0	75	1.71102617977599499671109568841202958122E00	1100
pgsql	pk-xt-1M-1000-120-2	1729	9329	1	2	.25	0	100	1.67250917180608129597837146473399461476E00	1100
pgsql	pk-xt-1M-1000-120-2	1729	9447	1	2	1	.1	0	6.83724551268565658265662473177094290404E04	600
pgsql	pk-xt-1M-1000-120-2	1729	9448	1	2	.25	1	0	6.82977266540970461391760397026634592462E04	1100
pgsql	pk-xt-1M-1000-120-2	1729	9452	1	2	.75	1	0	6.90868202650409667725965799770845493656E04	1100
pgsql	pk-xt-1M-1000-120-2	1729	9454	1	2	1	1	0	6.73492117249925223261974960475152758191E04	1100
pgsql	pk-xt-1M-1000-120-4	1472	8686	1	4	.25	0	25	1.39774841111048957441247674024468330288E01	1100
pgsql	pk-xt-1M-1000-120-4	1472	8766	1	4	.5	0	25	1.26703042199164264706906574669298634665E01	700
pgsql	pk-xt-1M-1000-120-4	1472	8806	1	4	.75	0	25	1.78680066213066737365799453032830315345E01	1100
pgsql	pk-xt-1M-1000-120-4	1472	9413	1	4	1	0	25	1.74426884424122550629008880596417331977E01	1100
pgsql	pk-xt-1M-1000-120-4	1472	9415	1	4	.25	0	50	1.16790898382336698943415090113797409078E01	1100
pgsql	pk-xt-1M-1000-120-4	1472	9417	1	4	.5	0	50	1.50078561214220969117601310107730997799E01	1100
pgsql	pk-xt-1M-1000-120-4	1472	9418	1	4	.75	0	50	1.53858956742011483510278300669933902919E01	1100
pgsql	pk-xt-1M-1000-120-4	1472	9420	1	4	1	0	50	1.19987654936163837661101948254970551555E01	1100
pgsql	pk-xt-1M-1000-120-4	1472	9422	1	4	.25	0	75	1.12396637603541945123049799086128756876E01	1100
pgsql	pk-xt-1M-1000-120-4	1472	9424	1	4	.5	0	75	1.45238457405441667465368965532803398908E01	1100
pgsql	pk-xt-1M-1000-120-4	1472	9426	1	4	.75	0	75	1.10047705265627362851596167369739105765E01	600
pgsql	pk-xt-1M-1000-120-4	1472	9427	1	4	1	0	75	1.91960819738749444210309406712996012816E01	500
pgsql	pk-xt-1M-1000-120-4	1472	9429	1	4	.25	0	100	4.630649079692757439360221894010786175E01	100
pgsql	pk-xt-1M-1000-120-4	1472	9431	1	4	.5	0	100	2.22768475079257167510758892466631089723E01	600
pgsql	pk-xt-1M-1000-120-4	1472	9433	1	4	.75	0	100	4.17117133330762137402087896884405416027E01	100
pgsql	pk-xt-1M-1000-120-4	1472	9435	1	4	1	0	100	1.92132522793057057750647983821301071078E01	600
pgsql	pk-xt-1M-1000-120-4	1472	9438	1	4	.25	.01	0	6.69626375191363420691166569675250260683E01	600
pgsql	pk-xt-1M-1000-120-4	1472	9442	1	4	.75	.01	0	4.06030906468996741312569300644216075424E01	500
pgsql	pk-xt-1M-1000-120-4	1472	9444	1	4	1	.01	0	7.89410932319665608083487839922617255852E01	300
pgsql	pk-xt-1M-1000-120-4	1472	9451	1	4	.75	.1	0	2.24112985421230195916483767485063308089E02	600
pgsql	pk-xt-1M-1000-120-4	1472	9455	1	4	.25	1	0	1.63619225374765100321534196053815630286E03	1100
pgsql	pk-xt-1M-1000-120-4	1472	9456	1	4	.5	1	0	1.72754892816090956129780562086101339408E03	800
pgsql	pk-xt-1M-1000-120-4	1472	9457	1	4	.75	1	0	2.08573379357633509331157137115701439787E03	600
pgsql	pk-xt-1M-1000-120-8	1749	9295	1	8	.25	0	25	2.03623331096154004735507226353064764538E01	400
pgsql	pk-xt-1M-1000-120-8	1749	9307	1	8	.75	0	25	1.31893233143993164136029272086865760514E01	400
pgsql	pk-xt-1M-1000-120-8	1749	9309	1	8	1	0	25	6.45017698362574647116788954518424818489E01	100
pgsql	pk-xt-1M-1000-120-8	1749	9311	1	8	.25	0	50	1.48783186826580563888632277364736967522E01	400
pgsql	pk-xt-1M-1000-120-8	1749	9314	1	8	.5	0	50	8.49609826024946428441441858281923239659E01	500
pgsql	pk-xt-1M-1000-120-8	1749	9318	1	8	1	0	50	1.17559888917613859904187214546372241898E01	400
pgsql	pk-xt-1M-1000-120-8	1749	9320	1	8	.25	0	75	1.1364087787980688406945333716765871788E01	500
pgsql	pk-xt-1M-1000-120-8	1749	9322	1	8	.5	0	75	1.5744754806252648603256062765034684037E01	400
pgsql	pk-xt-1M-1000-120-8	1749	9328	1	8	.75	0	75	5.54869876806738077050481066845089406743E01	200
pgsql	pk-xt-1M-1000-120-8	1749	9336	1	8	1	0	75	1.64443621163826838236901591965406123885E02	100
pgsql	pk-xt-1M-1000-120-8	1749	9339	1	8	.25	0	100	1.16594352399046371411453819128957774632E02	500
pgsql	pk-xt-1M-1000-120-8	1749	9353	1	8	.75	0	100	1.10039022160996645903210349784379492094E03	100
pgsql	pk-xt-1M-1000-120-8	1749	9355	1	8	1	0	100	1.66481354432719518381961971354005753172E01	500
pgsql	pk-xt-1M-1000-120-8	1749	9409	1	8	.25	.01	0	1.87597150551733876661757882632991063324E04	1100
pgsql	pk-xt-1M-1000-120-8	1749	9412	1	8	.5	.01	0	1.33485857589179783279284979830736375861E04	1100
pgsql	pk-xt-1M-1000-120-8	1749	9414	1	8	.75	.01	0	9.71462533209762125424776027185665739889E03	1100
pgsql	pk-xt-1M-1000-120-8	1749	9416	1	8	1	.01	0	3.08727619241107707695192848659123585673E04	1100
pgsql	pk-xt-1M-1000-120-8	1749	9419	1	8	.25	.1	0	3.18960183755379680523541643159947774788E04	1100
pgsql	pk-xt-1M-1000-120-8	1749	9421	1	8	.5	.1	0	3.15440431378177526871431760916020795457E04	1100
pgsql	pk-xt-1M-1000-120-8	1749	9423	1	8	.75	.1	0	3.12885766306838836117652637069115392517E04	1100
pgsql	pk-xt-1M-1000-120-8	1749	9425	1	8	1	.1	0	3.0858341677057356608478802992518703242E04	1100
pgsql	pk-xt-1M-1000-120-8	1749	9428	1	8	.25	1	0	3.25844430319376377331184422589875999079E04	1100
pgsql	pk-xt-1M-1000-120-8	1749	9430	1	8	.5	1	0	3.21121115646919699988660478527806126582E04	1100
pgsql	pk-xt-1M-1000-120-8	1749	9432	1	8	.75	1	0	3.17367630272555487941581526438843160489E04	1100
pgsql	pk-xt-1M-1000-120-8	1749	9437	1	8	1	1	0	3.13104202477249747219413549039433771487E04	1100
pgsql	xt-1M-1000-120-1	969	1602	0	1	.25	0	25	8.74506388485978452178239911117051524124E01	200
pgsql	xt-1M-1000-120-1	969	1623	0	1	.5	0	25	9.5063628316044141324723722782395920152E01	200
pgsql	xt-1M-1000-120-1	969	1661	0	1	.75	0	25	1.02014017039687428552289166451868453205E02	100
pgsql	xt-1M-1000-120-1	969	1683	0	1	1	0	25	1.08371926252421751858216458415111076593E02	200
pgsql	xt-1M-1000-120-1	969	1723	0	1	.25	0	50	7.06125116264533882593111641672495410649E01	100
pgsql	xt-1M-1000-120-1	969	1763	0	1	.5	0	50	5.47577793874195507803475699292621604958E01	100
pgsql	xt-1M-1000-120-1	969	1801	0	1	.75	0	50	1.1283384201725878746881153636931155544E02	100
pgsql	xt-1M-1000-120-1	969	1842	0	1	1	0	50	1.0908179939553706780040106364065615388E02	100
pgsql	xt-1M-1000-120-1	969	1882	0	1	.25	0	75	6.78940571092490749483622088656072728474E01	100
pgsql	xt-1M-1000-120-1	969	1902	0	1	.5	0	75	3.92664375399528752843865745680707737344E01	100
pgsql	xt-1M-1000-120-1	969	1923	0	1	.75	0	75	8.81651432332703698414727212093986438355E01	100
pgsql	xt-1M-1000-120-1	969	1943	0	1	1	0	75	6.23271314152506158655052410931784444543E01	100
pgsql	xt-1M-1000-120-1	969	1983	0	1	.25	0	100	1.11258359104235604748736764500571915635E02	400
pgsql	xt-1M-1000-120-1	969	2022	0	1	.5	0	100	8.88948812140825057352008184685377240249E01	100
pgsql	xt-1M-1000-120-1	969	2043	0	1	.75	0	100	1.30702092580992447935888253123152676095E02	100
pgsql	xt-1M-1000-120-1	969	2083	0	1	1	0	100	4.09323310607828551414204538741399234205E01	100
pgsql	xt-1M-1000-120-1	969	2123	0	1	.25	.01	0	5.37018178944343327904971740588178944347E04	800
pgsql	xt-1M-1000-120-1	969	2142	0	1	.5	.01	0	4.01326296955561011539405843358703658238E04	1100
pgsql	xt-1M-1000-120-1	969	2144	0	1	.75	.01	0	5.34837945488944070001182452406290646804E04	1100
pgsql	xt-1M-1000-120-1	969	2147	0	1	1	.01	0	4.77367010603588907014681892332789559543E04	1100
pgsql	xt-1M-1000-120-1	969	2503	0	1	.25	.1	0	5.22569850283328362660304205189382642409E04	1100
pgsql	xt-1M-1000-120-1	969	2522	0	1	.5	.1	0	5.18937633948471070696264598377462779711E04	1100
pgsql	xt-1M-1000-120-1	969	2541	0	1	.75	.1	0	4.98675745703707796872409791678178703652E04	1100
pgsql	xt-1M-1000-120-1	969	2561	0	1	1	.1	0	5.15418135116519343358971415451727700609E04	1100
pgsql	xt-1M-1000-120-1	969	4124	0	1	.5	1	0	5.61766016387845681119836121543188801639E04	700
pgsql	xt-1M-1000-120-1	969	4125	0	1	.75	1	0	5.37600300115953891276174885751313007299E04	1100
pgsql	xt-1M-1000-120-1	969	4144	0	1	1	1	0	5.59021481193606164036362407488763475383E04	600
pgsql	xt-1M-1000-120-2	709	401	0	2	.25	0	25	3.79731119121277074927421098807028080276E01	200
pgsql	xt-1M-1000-120-2	709	422	0	2	.5	0	25	3.62924046518837213550516736302160831496E01	200
pgsql	xt-1M-1000-120-2	709	462	0	2	.75	0	25	2.72375318003160961456879373588975979637E01	700
pgsql	xt-1M-1000-120-2	709	482	0	2	1	0	25	2.64243655904454116306316939788810217601E01	400
pgsql	xt-1M-1000-120-2	709	521	0	2	.25	0	50	2.74762023317684406287111791024632999761E01	100
pgsql	xt-1M-1000-120-2	709	542	0	2	.5	0	50	3.93103913108011001661566887354942797412E01	300
pgsql	xt-1M-1000-120-2	709	582	0	2	.75	0	50	4.79770182675547879314202525194142958773E01	1100
pgsql	xt-1M-1000-120-2	709	601	0	2	1	0	50	2.67693045521853909304030577796323825586E01	600
pgsql	xt-1M-1000-120-2	709	641	0	2	.25	0	75	3.2430750969586414723042762930655680988E01	400
pgsql	xt-1M-1000-120-2	709	662	0	2	.5	0	75	8.16613711921507710584418131910295118059E00	200
pgsql	xt-1M-1000-120-2	709	702	0	2	.75	0	75	2.81228222938892706040996789477092670251E01	200
pgsql	xt-1M-1000-120-2	709	741	0	2	1	0	75	4.02187835127916565389674371571201824026E01	1100
pgsql	xt-1M-1000-120-2	709	762	0	2	.25	0	100	2.2890022845320834830655992986158367039E01	200
pgsql	xt-1M-1000-120-2	709	802	0	2	.5	0	100	2.13205238647672636960020697520884344871E01	200
pgsql	xt-1M-1000-120-2	709	841	0	2	.75	0	100	3.20161154899979604052412496099911173886E01	300
pgsql	xt-1M-1000-120-2	709	862	0	2	1	0	100	4.03959827491372443569218652281263382678E01	200
pgsql	xt-1M-1000-120-2	709	902	0	2	.25	.01	0	9.18314712467076382791922739244951712026E04	1100
pgsql	xt-1M-1000-120-2	709	941	0	2	.5	.01	0	7.36945436205016357688113413304252998909E04	500
pgsql	xt-1M-1000-120-2	709	962	0	2	.75	.01	0	8.42137594679475337151302420099759837433E04	1100
pgsql	xt-1M-1000-120-2	709	1001	0	2	1	.01	0	7.44730012153129430828438322868138545678E04	100
pgsql	xt-1M-1000-120-2	709	1441	0	2	.25	.1	0	6.79021744689844658142238190848568107367E04	200
pgsql	xt-1M-1000-120-2	709	1461	0	2	.5	.1	0	7.22655696246930901438091897579796562614E04	200
pgsql	xt-1M-1000-120-2	709	1482	0	2	.75	.1	0	7.21534258432539682539682539682539682541E04	200
pgsql	xt-1M-1000-120-2	709	1501	0	2	1	.1	0	6.82402001003638188433069878308869652488E04	200
pgsql	xt-1M-1000-120-2	709	1821	0	2	.25	1	0	6.91123423689267087565193521822673620644E04	200
pgsql	xt-1M-1000-120-2	709	1841	0	2	.5	1	0	6.76295123183391003460207612456747404843E04	200
pgsql	xt-1M-1000-120-2	709	1861	0	2	.75	1	0	6.79734297114794352363413136893799877225E04	200
pgsql	xt-1M-1000-120-2	709	1881	0	2	1	1	0	6.98172811905409078553954879043218265832E04	100
pgsql	xt-1M-1000-120-4	749	2203	0	4	.25	0	25	1.52430711194450167232519900424496165468E01	400
pgsql	xt-1M-1000-120-4	749	2222	0	4	.5	0	25	1.5835317215071007380769814555687162208E01	700
pgsql	xt-1M-1000-120-4	749	2225	0	4	1	0	25	1.03565512400081234413878296039506144409E01	100
pgsql	xt-1M-1000-120-4	749	2228	0	4	.25	0	50	8.60733829428756850271479932762929716318E00	100
pgsql	xt-1M-1000-120-4	749	2263	0	4	1	0	50	7.06088399694095883859837352844646152504E00	100
pgsql	xt-1M-1000-120-4	749	2283	0	4	.25	0	75	6.09185618708086966194938104292584917086E00	500
pgsql	xt-1M-1000-120-4	749	2301	0	4	.5	0	75	5.61244099463823405971036089353334245037E00	200
pgsql	xt-1M-1000-120-4	749	2304	0	4	.75	0	75	7.79348649342813644603781292155154263598E00	700
pgsql	xt-1M-1000-120-4	749	2322	0	4	1	0	75	6.1071064785871313772987014925930211292E00	300
pgsql	xt-1M-1000-120-4	749	2323	0	4	.25	0	100	4.06439666537581741485235997995846205424E00	100
pgsql	xt-1M-1000-120-4	749	2342	0	4	.75	0	100	5.33492947675484014187176296197512278426E00	200
pgsql	xt-1M-1000-120-4	749	2344	0	4	1	0	100	3.69202171234245297788638848163174694104E00	200
pgsql	xt-1M-1000-120-4	749	2362	0	4	.25	.01	0	5.46413355416991426344505066250974279032E04	100
pgsql	xt-1M-1000-120-4	749	2382	0	4	.5	.01	0	3.45725903542125275165099059435661396838E04	1100
pgsql	xt-1M-1000-120-4	749	2384	0	4	.75	.01	0	4.33088140816326530612244897959183673469E04	100
pgsql	xt-1M-1000-120-4	749	2387	0	4	1	.01	0	3.65072614581634317403359973903115315609E04	100
pgsql	xt-1M-1000-120-4	749	3003	0	4	.25	.1	0	4.81130097763048881524440762220381110191E04	100
pgsql	xt-1M-1000-120-4	749	3004	0	4	.5	.1	0	4.30836472647702407002188183807439824945E04	100
pgsql	xt-1M-1000-120-4	749	3023	0	4	.75	.1	0	2.99142539302802460697197539302802460697E04	100
pgsql	xt-1M-1000-120-4	749	3024	0	4	1	.1	0	3.53533696086261980830670926517571884984E04	100
pgsql	xt-1M-1000-120-4	749	3183	0	4	.25	1	0	3.37638865400053518865400053518865400053E04	100
pgsql	xt-1M-1000-120-4	749	3184	0	4	.5	1	0	3.94177913433350577685807897913433350578E04	100
pgsql	xt-1M-1000-120-4	749	3203	0	4	.75	1	0	3.27727835720075655228316671169954066468E04	100
pgsql	xt-1M-1000-120-4	749	3204	0	4	1	1	0	3.18906643729813228479146187333239713523E04	100
pgsql	xt-1M-1000-120-8	829	3764	0	8	.25	0	25	4.87796493751201465785380976720441141217E00	200
pgsql	xt-1M-1000-120-8	829	3804	0	8	.5	0	25	7.69576276618185424747365551886167570705E00	400
pgsql	xt-1M-1000-120-8	829	3806	0	8	.75	0	25	3.4167727959584460497862027924462782707E00	300
pgsql	xt-1M-1000-120-8	829	3823	0	8	1	0	25	5.32798546727810379560136239096235152073E00	200
pgsql	xt-1M-1000-120-8	829	3843	0	8	.25	0	50	6.36879660927221977518557207199570121209E00	200
pgsql	xt-1M-1000-120-8	829	3863	0	8	.5	0	50	1.02588664511641354910572416755893469426E01	200
pgsql	xt-1M-1000-120-8	829	4164	0	8	.75	0	50	1.16171914416463111604875919892140116821E01	200
pgsql	xt-1M-1000-120-8	829	4184	0	8	1	0	50	6.60479650982541686405135060728343283172E00	200
pgsql	xt-1M-1000-120-8	829	4204	0	8	.25	0	75	6.06337157539677781460662611393049578327E00	200
pgsql	xt-1M-1000-120-8	829	4224	0	8	.5	0	75	5.45859037606583821565359103491477186083E00	200
pgsql	xt-1M-1000-120-8	829	4244	0	8	.75	0	75	7.29742928920260659510515486283120831589E00	100
pgsql	xt-1M-1000-120-8	829	4265	0	8	1	0	75	7.14903089502376069876817461261822187422E00	200
pgsql	xt-1M-1000-120-8	829	4384	0	8	.25	0	100	1.00249159878236429374334640690197888338E01	400
pgsql	xt-1M-1000-120-8	829	4604	0	8	.5	0	100	1.50336878717609499157284843747362298737E01	500
pgsql	xt-1M-1000-120-8	829	4625	0	8	.75	0	100	8.25330367061061772121844956172006485887E00	300
pgsql	xt-1M-1000-120-8	829	4724	0	8	1	0	100	1.31993918732730536058327647073741927319E01	200
pgsql	xt-1M-1000-120-8	829	4765	0	8	.25	.01	0	3.67083628552544613350958360872438863186E04	600
pgsql	xt-1M-1000-120-8	829	4805	0	8	.5	.01	0	2.56702274572727493739819609559234677753E04	500
pgsql	xt-1M-1000-120-8	829	4824	0	8	.75	.01	0	4.56551410470620996936786410470620996936E04	600
pgsql	xt-1M-1000-120-8	829	4844	0	8	1	.01	0	4.75636842626626000364953989729152003337E04	1100
pgsql	xt-1M-1000-120-8	829	5205	0	8	.25	.1	0	2.74970319910142274731674848157084616025E04	500
pgsql	xt-1M-1000-120-8	829	5245	0	8	.5	.1	0	4.85072639429312581063553826199740596627E04	800
pgsql	xt-1M-1000-120-8	829	5284	0	8	.75	.1	0	3.65415663960039230892046620897292612277E04	700
pgsql	xt-1M-1000-120-8	829	5304	0	8	1	.1	0	2.6140733075475210457732641115270854448E04	500
pgsql	xt-1M-1000-120-8	829	5606	0	8	.25	1	0	4.00655873192436040044493882091212458287E04	100
pgsql	xt-1M-1000-120-8	829	5608	0	8	.5	1	0	2.95785198347107438016528925619834710744E04	100
pgsql	xt-1M-1000-120-8	829	5626	0	8	.75	1	0	4.10844901105512521621418365044746935399E04	100
pgsql	xt-1M-1000-120-8	829	5628	0	8	1	1	0	1.97907102107429220180231320513730220677E04	100
sqlserver	pk-xt-30K-1000-120-1	869	4425	1	1	.25	0	25	3.39985735138461538461538461538461538461E04	600
sqlserver	pk-xt-30K-1000-120-1	869	4426	1	1	.5	0	25	3.54498521777048171138357359051967372904E04	600
sqlserver	pk-xt-30K-1000-120-1	869	4444	1	1	.75	0	25	3.73360895968970771575010389250588724199E04	600
sqlserver	pk-xt-30K-1000-120-1	869	4445	1	1	1	0	25	3.65968642277750558005335075398769666285E04	600
sqlserver	pk-xt-30K-1000-120-1	869	4464	1	1	.25	0	50	3.67282052535453373442200257842715943273E04	600
sqlserver	pk-xt-30K-1000-120-1	869	4465	1	1	.5	0	50	3.45790715245216068939297934355594981624E04	600
sqlserver	pk-xt-30K-1000-120-1	869	4484	1	1	.75	0	50	3.5802124767469279744281709330049519218E04	600
sqlserver	pk-xt-30K-1000-120-1	869	4486	1	1	1	0	50	3.58600931987880099556325073044042852506E04	600
sqlserver	pk-xt-30K-1000-120-1	869	4504	1	1	.25	0	75	3.69529345921692217296084610864804230541E04	600
sqlserver	pk-xt-30K-1000-120-1	869	4505	1	1	.5	0	75	3.52402818883108229324175401727363592097E04	600
sqlserver	pk-xt-30K-1000-120-1	869	4524	1	1	.75	0	75	3.71518285162728731069360232741510100871E04	600
sqlserver	pk-xt-30K-1000-120-1	869	4525	1	1	1	0	75	3.87464717447834083846007483985539417773E04	600
sqlserver	pk-xt-30K-1000-120-1	869	4544	1	1	.25	0	100	3.7299425890928725701943844492440604752E04	600
sqlserver	pk-xt-30K-1000-120-1	869	4545	1	1	.5	0	100	3.57489769464528974117153934821335009957E04	600
sqlserver	pk-xt-30K-1000-120-1	869	4564	1	1	.75	0	100	3.69196885237010521748562750840655168673E04	600
sqlserver	pk-xt-30K-1000-120-1	869	4565	1	1	1	0	100	3.72381353160698515796370680568612369313E04	600
sqlserver	pk-xt-30K-1000-120-1	869	4584	1	1	.25	.01	0	1.46036410621147463252726410621147463253E04	700
sqlserver	pk-xt-30K-1000-120-1	869	4585	1	1	.5	.01	0	1.59607563242030475834346078339721417221E04	700
sqlserver	pk-xt-30K-1000-120-1	869	4624	1	1	.75	.01	0	1.15558124590076162175909194340708616097E04	600
sqlserver	pk-xt-30K-1000-120-1	869	4626	1	1	1	.01	0	9.29998122559327125262841694202463202166E03	1100
sqlserver	pk-xt-30K-1000-120-1	869	4804	1	1	.25	.1	0	1.55997280091253244284273693607313484651E04	600
sqlserver	pk-xt-30K-1000-120-1	869	4806	1	1	.5	.1	0	1.31050429111178152250427387263141260469E04	600
sqlserver	pk-xt-30K-1000-120-1	869	4825	1	1	.75	.1	0	1.78252849888859432673287517588759508126E04	600
sqlserver	pk-xt-30K-1000-120-1	869	4845	1	1	1	.1	0	1.37913276831965327356656227272052602674E04	800
sqlserver	pk-xt-30K-1000-120-1	869	5066	1	1	.25	1	0	1.59608178539393033338316639258484078338E04	600
sqlserver	pk-xt-30K-1000-120-1	869	5085	1	1	.5	1	0	1.60052231887821345105167488963905479097E04	600
sqlserver	pk-xt-30K-1000-120-1	869	5105	1	1	.75	1	0	1.4040898607442194175390535824935590125E04	600
sqlserver	pk-xt-30K-1000-120-1	869	5125	1	1	1	1	0	1.42119380908908041530629613010042242407E04	600
sqlserver	pk-xt-30K-1000-120-2	1110	7026	1	2	.25	0	25	2.21924814512541526913465095184855923211E02	700
sqlserver	pk-xt-30K-1000-120-2	1110	7046	1	2	.5	0	25	2.06757190900965973970291400468733403591E02	700
sqlserver	pk-xt-30K-1000-120-2	1110	7066	1	2	.75	0	25	2.36567942765956636490701562624966199619E02	700
sqlserver	pk-xt-30K-1000-120-2	1110	7086	1	2	1	0	25	2.14919263279552564803971832289029862531E02	700
sqlserver	pk-xt-30K-1000-120-2	1110	7106	1	2	.25	0	50	1.45720023367927700097929060614531482898E02	600
sqlserver	pk-xt-30K-1000-120-2	1110	7126	1	2	.5	0	50	1.05553480226810531217618905033716483058E02	400
sqlserver	pk-xt-30K-1000-120-2	1110	7146	1	2	.75	0	50	1.18215937755849766439083148191976551325E02	700
sqlserver	pk-xt-30K-1000-120-2	1110	7166	1	2	1	0	50	1.30353056000555958931429560075778360601E02	200
sqlserver	pk-xt-30K-1000-120-2	1110	7186	1	2	.25	0	75	9.7430100671997528525696198471953413756E01	100
sqlserver	pk-xt-30K-1000-120-2	1110	7206	1	2	.5	0	75	9.93890182548344134148689217078319764152E01	100
sqlserver	pk-xt-30K-1000-120-2	1110	7226	1	2	.75	0	75	1.11568786227494045664431040575528774784E02	300
sqlserver	pk-xt-30K-1000-120-2	1110	7266	1	2	1	0	75	1.56971050373347933975172107332854958267E02	100
sqlserver	pk-xt-30K-1000-120-2	1110	7287	1	2	.25	0	100	9.27074028515533842386362792757404287882E01	600
sqlserver	pk-xt-30K-1000-120-2	1110	7307	1	2	.5	0	100	9.21137643129119467433065299301634072485E01	400
sqlserver	pk-xt-30K-1000-120-2	1110	7326	1	2	.75	0	100	1.05511573693972096078214967334160634635E02	600
sqlserver	pk-xt-30K-1000-120-2	1110	7346	1	2	1	0	100	1.00377643621697088784321836703035317235E02	400
sqlserver	pk-xt-30K-1000-120-2	1110	7386	1	2	.25	.01	0	1.09197057495146108579616715020642159189E02	100
sqlserver	pk-xt-30K-1000-120-2	1110	7407	1	2	.5	.01	0	1.1969550477015666088482561603614835686E02	100
sqlserver	pk-xt-30K-1000-120-2	1110	7426	1	2	.75	.01	0	1.14898175748619992116664319762572478337E02	100
sqlserver	pk-xt-30K-1000-120-2	1110	7446	1	2	1	.01	0	1.09099745099837072668411141126102933398E02	100
sqlserver	pk-xt-30K-1000-120-4	1232	8347	1	4	.25	0	25	4.26113704706906410233625174087257542508E01	700
sqlserver	pk-xt-30K-1000-120-4	1232	8446	1	4	.5	0	25	5.62972875841132978217739767027342661438E01	700
sqlserver	pk-xt-30K-1000-120-4	1232	8467	1	4	.75	0	25	4.87367158834174900393596349978612450723E01	700
sqlserver	pk-xt-30K-1000-120-4	1232	8506	1	4	1	0	25	6.628688503209986276186133619443820986E01	700
sqlserver	pk-xt-30K-1000-120-4	1232	8546	1	4	.25	0	50	5.24278244695326391659422912808101731369E01	700
sqlserver	pk-xt-30K-1000-120-4	1232	8566	1	4	.5	0	50	7.39699224111248434756878721216514347072E01	700
sqlserver	pk-xt-30K-1000-120-4	1232	8587	1	4	.75	0	50	8.60202024543670812577387065784095930554E01	700
sqlserver	pk-xt-30K-1000-120-4	1232	8626	1	4	1	0	50	7.92413210596261586766635357162292008302E01	700
sqlserver	pk-xt-30K-1000-120-4	1232	8666	1	4	.25	0	75	7.59118022743191618851760566062084015988E01	700
sqlserver	pk-xt-30K-1000-120-4	1232	8826	1	4	.5	0	75	9.06969475815541757005384481929312961711E01	700
sqlserver	pk-xt-30K-1000-120-4	1232	8846	1	4	.75	0	75	8.82751675231641335656606178969990673984E01	700
sqlserver	pk-xt-30K-1000-120-4	1232	8866	1	4	1	0	75	9.7061377086293567064531164841063473316E01	700
sqlserver	pk-xt-30K-1000-120-4	1232	8886	1	4	.25	0	100	8.5113428647323479117437092213103413927E01	700
sqlserver	pk-xt-30K-1000-120-4	1232	8906	1	4	.5	0	100	8.55329820837494410006958225595261007889E01	700
sqlserver	pk-xt-30K-1000-120-4	1232	8926	1	4	.75	0	100	8.5484903491905420473360503116912716631E01	700
sqlserver	pk-xt-30K-1000-120-4	1232	8946	1	4	1	0	100	9.32957661733704105973310634555613841529E01	700
sqlserver	pk-xt-30K-1000-120-4	1232	8966	1	4	.25	.01	0	5.54094732449610732716050673080057574982E01	1100
sqlserver	pk-xt-30K-1000-120-4	1232	8986	1	4	.5	.01	0	5.56611909165576733869935714063983571529E01	1100
sqlserver	pk-xt-30K-1000-120-4	1232	9006	1	4	.75	.01	0	5.57438785294423708713983293320327652131E01	1100
sqlserver	pk-xt-30K-1000-120-4	1232	9026	1	4	1	.01	0	5.68467568585832230612516893598085032202E01	1100
sqlserver	pk-xt-30K-1000-120-4	1232	9046	1	4	.25	.1	0	5.73937546168292452676467204236165996892E01	1100
sqlserver	pk-xt-30K-1000-120-4	1232	9067	1	4	.5	.1	0	5.59173378048830838089551439835318039119E01	1100
sqlserver	pk-xt-30K-1000-120-4	1232	9086	1	4	.75	.1	0	5.58154277227638911701928006321401160931E01	1100
sqlserver	pk-xt-30K-1000-120-4	1232	9106	1	4	1	.1	0	5.56898165728944245712290674212551694116E01	1100
sqlserver	pk-xt-30K-1000-120-4	1232	9126	1	4	.25	1	0	5.55707845636096548958285675507480372346E01	1100
sqlserver	pk-xt-30K-1000-120-4	1232	9146	1	4	.5	1	0	5.54705049065628555830586986218202544625E01	1100
sqlserver	pk-xt-30K-1000-120-4	1232	9166	1	4	.75	1	0	5.55910330428018786535751489893821106478E01	1100
sqlserver	pk-xt-30K-1000-120-4	1232	9186	1	4	1	1	0	5.55880197722065892892655494596588859351E01	1100
sqlserver	pk-xt-30K-1000-120-8	1649	9398	1	8	.25	0	25	4.0300620160376025755211717051198705942E01	800
sqlserver	pk-xt-30K-1000-120-8	1649	9399	1	8	.5	0	25	3.89426758258784255389853126475099110239E01	1100
sqlserver	pk-xt-30K-1000-120-8	1649	9400	1	8	.75	0	25	3.68626946932229508035334859441117591791E01	1100
sqlserver	pk-xt-30K-1000-120-8	1649	9401	1	8	1	0	25	6.66528905504476967215980223742792357953E01	1100
sqlserver	pk-xt-30K-1000-120-8	1649	9402	1	8	.25	0	50	3.95271871386269811455849596243044718793E01	1100
sqlserver	pk-xt-30K-1000-120-8	1649	9403	1	8	.5	0	50	4.37441193884104626848474961812728938252E01	500
sqlserver	pk-xt-30K-1000-120-8	1649	9404	1	8	.75	0	50	5.63825683597363928143137621634272534782E01	1100
sqlserver	pk-xt-30K-1000-120-8	1649	9405	1	8	1	0	50	6.8446016447432215387490501603488005134E01	800
sqlserver	pk-xt-30K-1000-120-8	1649	9406	1	8	.25	0	75	4.0469786922204375869223274698865873271E01	800
sqlserver	pk-xt-30K-1000-120-8	1649	9407	1	8	.5	0	75	4.42835312787948363078490875074411826436E01	800
sqlserver	pk-xt-30K-1000-120-8	1649	9408	1	8	.75	0	75	4.92014906970372892091329699634796261444E01	800
sqlserver	pk-xt-30K-1000-120-8	1649	9410	1	8	1	0	75	5.68845738450426943220308434500990431833E01	800
sqlserver	pk-xt-30K-1000-120-8	1649	9411	1	8	.25	0	100	3.34793742703094243216296737317006259992E01	500
sqlserver	pk-xt-30K-1000-120-8	1649	9459	1	8	.5	0	100	4.2365473819480919417827903072639036049E01	800
sqlserver	pk-xt-30K-1000-120-8	1649	9460	1	8	.75	0	100	4.71191720252736750457150914637558220997E01	800
sqlserver	pk-xt-30K-1000-120-8	1649	9461	1	8	1	0	100	5.19370587542505926873026493448869520665E01	800
sqlserver	pk-xt-30K-1000-120-8	1649	9462	1	8	.25	.01	0	8.38702512866617972517990658476741220515E01	400
sqlserver	pk-xt-30K-1000-120-8	1649	9463	1	8	.5	.01	0	8.33546510358411936953437413875912520141E01	400
sqlserver	pk-xt-30K-1000-120-8	1649	9464	1	8	.75	.01	0	8.35568031697955030617919130833081212278E01	1100
sqlserver	pk-xt-30K-1000-120-8	1649	9465	1	8	1	.01	0	8.38813002491473273662686290491743057778E01	400
sqlserver	pk-xt-30K-1000-120-8	1649	9466	1	8	.25	.1	0	8.44997347190162451271498421347393225474E01	400
sqlserver	pk-xt-30K-1000-120-8	1649	9467	1	8	.5	.1	0	8.39856494209842810650207774094954933825E01	1100
sqlserver	pk-xt-30K-1000-120-8	1649	9468	1	8	.75	.1	0	8.43346964305050527709881175769507340702E01	400
sqlserver	pk-xt-30K-1000-120-8	1649	9469	1	8	1	.1	0	8.33761253895074323952548871706513198823E01	1100
sqlserver	pk-xt-30K-1000-120-8	1649	9470	1	8	.25	1	0	8.41393721834568204862867775490952383587E01	400
sqlserver	pk-xt-30K-1000-120-8	1649	9471	1	8	.5	1	0	7.76683640899738180739504290542706203094E01	400
sqlserver	pk-xt-30K-1000-120-8	1649	9472	1	8	.75	1	0	8.47901439697858976843744586554244227231E01	400
sqlserver	pk-xt-30K-1000-120-8	1649	9473	1	8	1	1	0	8.52502906969600541355320604763493971595E01	1100
sqlserver	xt-30K-1000-120-1	611	41	0	1	.25	0	25	3.17474895979429640018700327255726975222E04	600
sqlserver	xt-30K-1000-120-1	611	42	0	1	.5	0	25	3.31487802477770006993705664901588570288E04	600
sqlserver	xt-30K-1000-120-1	611	61	0	1	.75	0	25	3.58916647698566756189007365650011965856E04	600
sqlserver	xt-30K-1000-120-1	611	62	0	1	1	0	25	3.34400096260059965283257061701120403977E04	600
sqlserver	xt-30K-1000-120-1	611	81	0	1	.25	0	50	3.30673821783153901111083737774383484022E04	600
sqlserver	xt-30K-1000-120-1	611	101	0	1	.5	0	50	3.6787584131433465701160165070466401931E04	600
sqlserver	xt-30K-1000-120-1	611	121	0	1	.75	0	50	3.6229680656738804371116348832226269552E04	600
sqlserver	xt-30K-1000-120-1	611	141	0	1	1	0	50	3.96339452349668726063011937043974169018E04	600
sqlserver	xt-30K-1000-120-1	611	142	0	1	.25	0	75	3.54013511421026995154715820237393288382E04	600
sqlserver	xt-30K-1000-120-1	611	143	0	1	.5	0	75	3.43475654701104139306386497397733352789E04	600
sqlserver	xt-30K-1000-120-1	611	161	0	1	.75	0	75	3.58881598934378848425444218251275478147E04	600
sqlserver	xt-30K-1000-120-1	611	162	0	1	1	0	75	4.07244468267835460656854325228773654752E04	600
sqlserver	xt-30K-1000-120-1	611	181	0	1	.25	0	100	3.45649065096952908587257617728531855958E04	600
sqlserver	xt-30K-1000-120-1	611	182	0	1	.5	0	100	3.51791849006097258712139989094334010806E04	600
sqlserver	xt-30K-1000-120-1	611	201	0	1	.75	0	100	3.5952871589568534926332170377249567029E04	600
sqlserver	xt-30K-1000-120-1	611	221	0	1	1	0	100	3.5763526222104144527098831030818278427E04	600
sqlserver	xt-30K-1000-120-1	611	222	0	1	.25	.01	0	1.41788560274780977167153384072992479838E04	700
sqlserver	xt-30K-1000-120-1	611	241	0	1	.5	.01	0	1.26998931612578475649827318614633873516E04	700
sqlserver	xt-30K-1000-120-1	611	261	0	1	.75	.01	0	1.3056254271429606550249981885370625317E04	600
sqlserver	xt-30K-1000-120-1	611	281	0	1	1	.01	0	1.25111238945093411474562112995399037378E04	600
sqlserver	xt-30K-1000-120-1	611	583	0	1	.25	.1	0	1.6723191074698795180722891566265060241E04	700
sqlserver	xt-30K-1000-120-1	611	602	0	1	.5	.1	0	1.3051510182463783251525504647380906202E04	700
sqlserver	xt-30K-1000-120-1	611	621	0	1	.75	.1	0	1.02016265672960391441742459423031181688E04	700
sqlserver	xt-30K-1000-120-1	611	642	0	1	1	.1	0	1.57598815843604469384060952130197962776E04	600
sqlserver	xt-30K-1000-120-1	611	981	0	1	.25	1	0	1.35369823114408320605134918903192959488E04	600
sqlserver	xt-30K-1000-120-1	611	1002	0	1	.5	1	0	1.49704087076710435383552176917760884589E04	600
sqlserver	xt-30K-1000-120-1	611	1022	0	1	.75	1	0	1.46497293740774473163531296127634182344E04	700
sqlserver	xt-30K-1000-120-1	611	1041	0	1	1	1	0	1.44908849127142540316193010803789246903E04	700
sqlserver	xt-30K-1000-120-2	989	6066	0	2	.25	0	25	1.46603486797003411221514648429433968497E02	700
sqlserver	xt-30K-1000-120-2	989	6086	0	2	.5	0	25	9.78309167674748489965351682510603999936E01	700
sqlserver	xt-30K-1000-120-2	989	6106	0	2	.75	0	25	1.08022075815278373040503337045356452382E02	300
sqlserver	xt-30K-1000-120-2	989	6107	0	2	1	0	25	1.10182211916262576120022641900826652685E02	100
sqlserver	xt-30K-1000-120-2	989	6126	0	2	.25	0	50	1.03435599061358672592916570587758951946E02	600
sqlserver	xt-30K-1000-120-2	989	6146	0	2	.5	0	50	1.76455999898162811347180139688584165577E02	700
sqlserver	xt-30K-1000-120-2	989	6166	0	2	.75	0	50	2.08784569599039987803123728211301045218E02	700
sqlserver	xt-30K-1000-120-2	989	6167	0	2	1	0	50	2.10073967979272931750542053231559903896E02	700
sqlserver	xt-30K-1000-120-2	989	6186	0	2	.25	0	75	1.88154728229952291042093470468957766928E02	700
sqlserver	xt-30K-1000-120-2	989	6188	0	2	.5	0	75	1.9607522854604463945750911101843961344E02	700
sqlserver	xt-30K-1000-120-2	989	6206	0	2	.75	0	75	1.85539038206490382814197618744333465708E02	700
sqlserver	xt-30K-1000-120-2	989	6226	0	2	1	0	75	1.92550261548682921468654073225000909778E02	700
sqlserver	xt-30K-1000-120-2	989	6246	0	2	.25	0	100	1.71829175592750908753854327924209483312E02	700
sqlserver	xt-30K-1000-120-2	989	6247	0	2	.5	0	100	1.15290327892703684877577160496976184738E02	300
sqlserver	xt-30K-1000-120-2	989	6266	0	2	.75	0	100	1.1702800296043836393097249917049741163E02	300
sqlserver	xt-30K-1000-120-2	989	6267	0	2	1	0	100	1.34097818682909491476232460396781127764E02	100
sqlserver	xt-30K-1000-120-2	989	6286	0	2	.25	.01	0	1.11531528945249415854828033136504791212E02	200
sqlserver	xt-30K-1000-120-2	989	6287	0	2	.5	.01	0	1.11572195249166773115948667145174786887E02	200
sqlserver	xt-30K-1000-120-2	989	6306	0	2	.75	.01	0	1.08606036995261256122554725083482569936E02	100
sqlserver	xt-30K-1000-120-2	989	6307	0	2	1	.01	0	1.07374949399070338781948380072306983626E02	100
sqlserver	xt-30K-1000-120-2	989	6486	0	2	.25	.1	0	1.07599650371164517595640161839945455734E02	200
sqlserver	xt-30K-1000-120-2	989	6487	0	2	.5	.1	0	1.07531491954097185953965916226952794236E02	1100
sqlserver	xt-30K-1000-120-2	989	6506	0	2	.75	.1	0	1.09450755124549734511614991282087798785E02	200
sqlserver	xt-30K-1000-120-2	989	6507	0	2	1	.1	0	1.08078630942065108324255524796934656804E02	100
sqlserver	xt-30K-1000-120-2	989	6726	0	2	.25	1	0	1.08865871726832216664792645133508959301E02	100
sqlserver	xt-30K-1000-120-2	989	6727	0	2	.5	1	0	1.09326503448858559946500896145943254278E02	100
sqlserver	xt-30K-1000-120-2	989	6728	0	2	.75	1	0	9.77426887913412375403729336483104590926E01	100
sqlserver	xt-30K-1000-120-2	989	6746	0	2	1	1	0	1.05248367552229606758886156028863653543E02	300
sqlserver	xt-30K-1000-120-4	1469	7746	0	4	.25	0	25	7.14045947577993948011609267894175510641E01	700
sqlserver	xt-30K-1000-120-4	1469	9345	0	4	.5	0	25	7.91219683101605179216261724433517678168E01	700
sqlserver	xt-30K-1000-120-4	1469	9346	0	4	.75	0	25	8.4070279337420763219036270160341233822E01	600
sqlserver	xt-30K-1000-120-4	1469	9347	0	4	1	0	25	8.1636336557258485315112838442813233021E01	700
sqlserver	xt-30K-1000-120-4	1469	9349	0	4	.25	0	50	7.34366479203766456053081124919097627545E01	700
sqlserver	xt-30K-1000-120-4	1469	9350	0	4	.5	0	50	7.57304524501431603448740387886351006355E01	800
sqlserver	xt-30K-1000-120-4	1469	9351	0	4	.75	0	50	7.35333432765776227287267156671930576488E01	700
sqlserver	xt-30K-1000-120-4	1469	9352	0	4	1	0	50	8.25593041940212296554048307929892989287E01	700
sqlserver	xt-30K-1000-120-4	1469	9354	0	4	.25	0	75	7.77278932108885101695261885922819028412E01	700
sqlserver	xt-30K-1000-120-4	1469	9356	0	4	.5	0	75	7.26580853546816752537905493900557278223E01	700
sqlserver	xt-30K-1000-120-4	1469	9366	0	4	.75	0	75	7.40083353466687619706521655733937902496E01	700
sqlserver	xt-30K-1000-120-4	1469	9367	0	4	1	0	75	7.47832090642335922018600601399950643993E01	700
sqlserver	xt-30K-1000-120-4	1469	9368	0	4	.25	0	100	73.69227734413743073225419157909237802	600
sqlserver	xt-30K-1000-120-4	1469	9369	0	4	.5	0	100	7.86045515427771143767149198758394983039E01	700
sqlserver	xt-30K-1000-120-4	1469	9370	0	4	.75	0	100	7.34431523105786631870901447366680354946E01	700
sqlserver	xt-30K-1000-120-4	1469	9371	0	4	1	0	100	7.93886248955889315565962883522110424528E01	700
sqlserver	xt-30K-1000-120-4	1469	9372	0	4	.25	.01	0	5.93323759808439063550877269141246647369E01	1100
sqlserver	xt-30K-1000-120-4	1469	9387	0	4	.5	.01	0	5.829108235191384596741066535741430976E01	1100
sqlserver	xt-30K-1000-120-4	1469	9388	0	4	.75	.01	0	5.90442461057775711910071415750430620168E01	1100
sqlserver	xt-30K-1000-120-4	1469	9389	0	4	1	.01	0	5.90121908039082619626311721089238820318E01	1100
sqlserver	xt-30K-1000-120-4	1469	9390	0	4	.25	.1	0	5.96835176399676723715595498255300339267E01	1100
sqlserver	xt-30K-1000-120-4	1469	9391	0	4	.5	.1	0	5.82365140190491012086221697767860865747E01	1100
sqlserver	xt-30K-1000-120-4	1469	9392	0	4	.75	.1	0	5.88434098917497013341054231649304284591E01	1100
sqlserver	xt-30K-1000-120-4	1469	9393	0	4	1	.1	0	5.87650364431979728267299067238677140904E01	1100
sqlserver	xt-30K-1000-120-4	1469	9394	0	4	.25	1	0	5.93114457245456922839343251643375835261E01	1100
sqlserver	xt-30K-1000-120-4	1469	9395	0	4	.5	1	0	5.89074748227838516335338967748699638287E01	1100
sqlserver	xt-30K-1000-120-4	1469	9396	0	4	.75	1	0	5.87988405656786615592379788611309535186E01	1100
sqlserver	xt-30K-1000-120-4	1469	9397	0	4	1	1	0	6.1022376107407853003759307195130441986E01	1100
sqlserver	xt-30K-1000-120-8	1769	9286	0	8	.25	0	25	6.21501587395217370927678774881581690454E01	800
sqlserver	xt-30K-1000-120-8	1769	9287	0	8	.5	0	25	7.10356148227027301916392433750434005432E01	800
sqlserver	xt-30K-1000-120-8	1769	9288	0	8	.75	0	25	6.82934372455113814978651546537252656788E01	800
sqlserver	xt-30K-1000-120-8	1769	9289	0	8	1	0	25	6.89196450445835790506698396492390089203E01	800
sqlserver	xt-30K-1000-120-8	1769	9290	0	8	.25	0	50	6.14979843405448696950375440284846379823E01	1100
sqlserver	xt-30K-1000-120-8	1769	9291	0	8	.5	0	50	6.81125996076090660309908588338583854177E01	1100
sqlserver	xt-30K-1000-120-8	1769	9292	0	8	.75	0	50	6.80193713174874689249204155994330617612E01	800
sqlserver	xt-30K-1000-120-8	1769	9293	0	8	1	0	50	6.6956048645348630227038885753733781741E01	800
sqlserver	xt-30K-1000-120-8	1769	9294	0	8	.25	0	75	6.5011665897052648349853030726502131291E01	800
sqlserver	xt-30K-1000-120-8	1769	9296	0	8	.5	0	75	6.79731528661323516304689776636221142885E01	800
sqlserver	xt-30K-1000-120-8	1769	9297	0	8	.75	0	75	6.74782494393446882268790442503607861761E01	800
sqlserver	xt-30K-1000-120-8	1769	9298	0	8	1	0	75	7.32037612178614812633860181399502716908E01	800
sqlserver	xt-30K-1000-120-8	1769	9299	0	8	.25	0	100	6.99963363247161923859519990413323729025E01	800
sqlserver	xt-30K-1000-120-8	1769	9300	0	8	.5	0	100	6.89282537323825355001856796760331747689E01	800
sqlserver	xt-30K-1000-120-8	1769	9301	0	8	.75	0	100	6.91802041296979636693110340709425363132E01	1100
sqlserver	xt-30K-1000-120-8	1769	9302	0	8	1	0	100	6.4489573006507899471540079123075038781E01	1100
sqlserver	xt-30K-1000-120-8	1769	9303	0	8	.25	.01	0	4.3039827788832533403649146212943406539E02	1100
sqlserver	xt-30K-1000-120-8	1769	9324	0	8	.5	.01	0	4.22041724587459487548929024475802110682E02	1100
sqlserver	xt-30K-1000-120-8	1769	9325	0	8	.75	.01	0	4.13916852763618455275643908048582955157E02	1100
sqlserver	xt-30K-1000-120-8	1769	9326	0	8	1	.01	0	4.05467702684753908866649697369443668856E02	1100
sqlserver	xt-30K-1000-120-8	1769	9327	0	8	.25	.1	0	4.31879870604784461012388586804193060147E02	1100
sqlserver	xt-30K-1000-120-8	1769	9330	0	8	.5	.1	0	4.2399055245541352732050772436628508298E02	1100
sqlserver	xt-30K-1000-120-8	1769	9331	0	8	.75	.1	0	4.14795876355880688809475231843240525923E02	1100
sqlserver	xt-30K-1000-120-8	1769	9332	0	8	1	.1	0	4.06521112266234412792966515373687885409E02	1100
sqlserver	xt-30K-1000-120-8	1769	9333	0	8	.25	1	0	4.43644039427733935930269897209126175183E02	1100
sqlserver	xt-30K-1000-120-8	1769	9335	0	8	.5	1	0	4.49188568870929717404995894269174218519E02	1100
sqlserver	xt-30K-1000-120-8	1769	9338	0	8	.75	1	0	4.28468413251046531565234833142784870315E02	1100
sqlserver	xt-30K-1000-120-8	1769	9386	0	8	1	1	0	4.19270196471159195357461952220496323352E02	1100
