-- num procs = 1

db2	pk-xt-1M-1000-120-1	1351	7726	1	1	.25	.01	0	4.50347437203799413778042595774364893458E01	1100
db2	pk-xt-1M-1000-120-1	1351	7747	1	1	.5	.01	0	6.64389228747714448524078880670535414522E01	1100
db2	pk-xt-1M-1000-120-1	1351	7766	1	1	.75	.01	0	4.30412828686017157884857073690702676852E01	700
db2	pk-xt-1M-1000-120-1	1351	7786	1	1	1	.01	0	5.24535884380965757188537820154967849988E01	200
db2	pk-xt-1M-1000-120-1	1351	8126	1	1	.25	.1	0	7.19025648465940203099325206133622316216E01	1100
db2	pk-xt-1M-1000-120-1	1351	8146	1	1	.5	.1	0	4.84523831581429344325346575835222520761E01	1100
db2	pk-xt-1M-1000-120-1	1351	8166	1	1	.75	.1	0	4.31268250203043214839465557268138235609E01	800
db2	pk-xt-1M-1000-120-1	1351	8186	1	1	1	.1	0	6.64763794814015795423401641587461985013E01	1100
db2	pk-xt-1M-1000-120-1	1351	8526	1	1	.25	1	0	5.16523346830417041873478748589039067259E01	1100
db2	pk-xt-1M-1000-120-1	1351	8547	1	1	.5	1	0	4.39985714255244961090470550224865634776E01	300
db2	pk-xt-1M-1000-120-1	1351	8567	1	1	.75	1	0	5.1951148108062390224035671754343581746E01	200
db2	pk-xt-1M-1000-120-1	1351	8586	1	1	1	1	0	4.98654209906237320936411083101517015212E01	100

db2	xt-1M-1000-120-1	689	2123	0	1	.25	.01	0	4.20474181775158041420244748522290125759E01	500
db2	xt-1M-1000-120-1	689	2142	0	1	.5	.01	0	4.01568675093864719445881374614583536762E01	200
db2	xt-1M-1000-120-1	689	2144	0	1	.75	.01	0	4.01422461651689694334411224163929641714E01	200
db2	xt-1M-1000-120-1	689	2147	0	1	1	.01	0	4.52123028132912564396944422245136239862E01	200
db2	xt-1M-1000-120-1	689	2503	0	1	.25	.1	0	3.65655042698047041216087332912711105894E01	200
db2	xt-1M-1000-120-1	689	2522	0	1	.5	.1	0	4.69966584278702271670903242005790602434E01	200
db2	xt-1M-1000-120-1	689	2541	0	1	.75	.1	0	5.85532838402376766405103289356107676217E01	200
db2	xt-1M-1000-120-1	689	2561	0	1	1	.1	0	5.33847540684071176784041066747816915267E01	100
db2	xt-1M-1000-120-1	689	4105	0	1	.25	1	0	4.49762669434103963730378590712960947765E01	1100
db2	xt-1M-1000-120-1	689	4124	0	1	.5	1	0	3.92596532517814035572898990317632536739E01	200
db2	xt-1M-1000-120-1	689	4125	0	1	.75	1	0	3.96029998962596016249148244594535625318E01	1100
db2	xt-1M-1000-120-1	689	4144	0	1	1	1	0	4.14685419757080404648813662862626998191E01	300

mysql	pk-xt-1M-1000-120-1	1290	7726	1	1	.25	.01	0	2.54699059995364807639517039957158222066E02	1100
mysql	pk-xt-1M-1000-120-1	1290	7747	1	1	.5	.01	0	2.5180721290155204741215930512480563609E02	1100
mysql	pk-xt-1M-1000-120-1	1290	7766	1	1	.75	.01	0	2.53129003604630970016247907493090596674E02	1100
mysql	pk-xt-1M-1000-120-1	1290	7786	1	1	1	.01	0	2.51334498966113640698576267834574811601E02	1100
mysql	pk-xt-1M-1000-120-1	1290	8126	1	1	.25	.1	0	5.54803855185518170455336346726438758553E02	1100
mysql	pk-xt-1M-1000-120-1	1290	8146	1	1	.5	.1	0	5.51544143763833685226787945029374760472E02	1100
mysql	pk-xt-1M-1000-120-1	1290	8166	1	1	.75	.1	0	5.77494180783800421732340240417746553633E02	1100
mysql	pk-xt-1M-1000-120-1	1290	8186	1	1	1	.1	0	5.87919722116908909113410324458858726719E02	1100
mysql	pk-xt-1M-1000-120-1	1290	8526	1	1	.25	1	0	4.70740985016819917612089623696187948526E03	1100
mysql	pk-xt-1M-1000-120-1	1290	8547	1	1	.5	1	0	4.77849329217378102780800080969611092837E03	1100

mysql	xt-1M-1000-120-1	1289	2123	0	1	.25	.01	0	7.36176358381502890173410404624277456647E04	200
mysql	xt-1M-1000-120-1	1289	2142	0	1	.5	.01	0	7.1205446294754371357202331390507910075E04	200
mysql	xt-1M-1000-120-1	1289	2144	0	1	.75	.01	0	7.36004926108374384236453201970443349754E04	200
mysql	xt-1M-1000-120-1	1289	2147	0	1	1	.01	0	7.07370106426524764633647155137126483831E04	200
mysql	xt-1M-1000-120-1	1289	2503	0	1	.25	.1	0	7.53188534768211920529801324503311258278E04	200
mysql	xt-1M-1000-120-1	1289	2522	0	1	.5	.1	0	7.31734177740863787375415282392026578074E04	200
mysql	xt-1M-1000-120-1	1289	2541	0	1	.75	.1	0	7.29449099601593625498007968127490039841E04	200
mysql	xt-1M-1000-120-1	1289	2561	0	1	1	.1	0	7.18810106382978723404255319148936170213E04	200
mysql	xt-1M-1000-120-1	1289	4124	0	1	.5	1	0	1.25863472839956252278527160043747721473E05	200
mysql	xt-1M-1000-120-1	1289	4144	0	1	1	1	0	1.11333575784487862640615748963883955003E05	200

oracle	pk-xt-1M-1000-120-1	1329	7726	1	1	.25	.01	0	9.66858235607792200656347605122034532132E01	1100
oracle	pk-xt-1M-1000-120-1	1329	7747	1	1	.5	.01	0	9.71759602443976722159464502977761090379E01	1100
oracle	pk-xt-1M-1000-120-1	1329	7766	1	1	.75	.01	0	9.49698015001806091029598227101994729526E01	1100
oracle	pk-xt-1M-1000-120-1	1329	7786	1	1	1	.01	0	9.65693705140946119711423287255774870435E01	1100
oracle	pk-xt-1M-1000-120-1	1329	8126	1	1	.25	.1	0	9.89961257963290211857494730292633694471E01	1100
oracle	pk-xt-1M-1000-120-1	1329	8146	1	1	.5	.1	0	9.39505328245580852512885008342588339428E01	1100
oracle	pk-xt-1M-1000-120-1	1329	8166	1	1	.75	.1	0	9.52559938995865483963703620443381960372E01	1100
oracle	pk-xt-1M-1000-120-1	1329	8186	1	1	1	.1	0	1.04375039709129801844219846675991864412E02	1100
oracle	pk-xt-1M-1000-120-1	1329	8526	1	1	.25	1	0	1.31165483012684094829260868230952591128E02	1100
oracle	pk-xt-1M-1000-120-1	1329	8547	1	1	.5	1	0	1.14596843167420311277774820052982118391E02	1100
oracle	pk-xt-1M-1000-120-1	1329	8567	1	1	.75	1	0	9.8797992660684875247526036222025789709E01	1100
oracle	pk-xt-1M-1000-120-1	1329	8586	1	1	1	1	0	9.62217433444351933360646802450750566604E01	1100

oracle	xt-1M-1000-120-1	889	2123	0	1	.25	.01	0	1.01254060404951914775414598989497075848E03	1100
oracle	xt-1M-1000-120-1	889	2142	0	1	.5	.01	0	1.18197791762263738664918605921555774063E03	200
oracle	xt-1M-1000-120-1	889	2144	0	1	.75	.01	0	1.11379660386913259671484675929168260399E03	100
oracle	xt-1M-1000-120-1	889	2147	0	1	1	.01	0	1.63430898487001939382058265478299224948E03	1100
oracle	xt-1M-1000-120-1	889	2503	0	1	.25	.1	0	6.09373733385971838399789445979734175549E02	1100
oracle	xt-1M-1000-120-1	889	2522	0	1	.5	.1	0	1.27555213762617932308504321435640298212E03	1100
oracle	xt-1M-1000-120-1	889	2541	0	1	.75	.1	0	7.36797815110188287480534189042518050116E02	1100
oracle	xt-1M-1000-120-1	889	2561	0	1	1	.1	0	1.67640446066979823437635191899231621578E03	400
oracle	xt-1M-1000-120-1	889	4105	0	1	.25	1	0	3.85034078186952608976914391564956471299E02	1100
oracle	xt-1M-1000-120-1	889	4124	0	1	.5	1	0	1.18826238322880575413359063198982500768E03	500
oracle	xt-1M-1000-120-1	889	4125	0	1	.75	1	0	9.51103411249177600953362215574065568477E02	1100
oracle	xt-1M-1000-120-1	889	4144	0	1	1	1	0	8.05461374386434627398482820169567157519E02	1100

pgsql	pk-xt-1M-1000-120-1	1129	7726	1	1	.25	.01	0	1.45078183713086644877417260737964709276E02	1100
pgsql	pk-xt-1M-1000-120-1	1129	7747	1	1	.5	.01	0	1.47946914914650580869159857496666288302E02	1100
pgsql	pk-xt-1M-1000-120-1	1129	7766	1	1	.75	.01	0	1.45993466331767358638573353063765962592E02	1100
pgsql	pk-xt-1M-1000-120-1	1129	7786	1	1	1	.01	0	1.42323695261716962472075130345813535677E02	1100
pgsql	pk-xt-1M-1000-120-1	1129	8126	1	1	.25	.1	0	6.70416653981279011922249842581579004028E02	1100
pgsql	pk-xt-1M-1000-120-1	1129	8146	1	1	.5	.1	0	6.79361092102108159746670675684419256987E02	1100
pgsql	pk-xt-1M-1000-120-1	1129	8166	1	1	.75	.1	0	6.41261084172286179852926075308602724628E02	1100
pgsql	pk-xt-1M-1000-120-1	1129	8186	1	1	1	.1	0	6.16108264599920017184080974742544396576E02	1100
pgsql	pk-xt-1M-1000-120-1	1129	8526	1	1	.25	1	0	5.50039010790915817062312679482838619064E03	1100
pgsql	pk-xt-1M-1000-120-1	1129	8547	1	1	.5	1	0	5.846705249669696386246091130601052988E03	1100
pgsql	pk-xt-1M-1000-120-1	1129	8567	1	1	.75	1	0	5.68527350215562616810321092745370505333E03	1100

pgsql	xt-1M-1000-120-1	969	2123	0	1	.25	.01	0	5.37018178944343327904971740588178944347E04	800
pgsql	xt-1M-1000-120-1	969	2142	0	1	.5	.01	0	4.01326296955561011539405843358703658238E04	1100
pgsql	xt-1M-1000-120-1	969	2144	0	1	.75	.01	0	5.34837945488944070001182452406290646804E04	1100
pgsql	xt-1M-1000-120-1	969	2147	0	1	1	.01	0	4.77367010603588907014681892332789559543E04	1100
pgsql	xt-1M-1000-120-1	969	2503	0	1	.25	.1	0	5.22569850283328362660304205189382642409E04	1100
pgsql	xt-1M-1000-120-1	969	2522	0	1	.5	.1	0	5.18937633948471070696264598377462779711E04	1100
pgsql	xt-1M-1000-120-1	969	2541	0	1	.75	.1	0	4.98675745703707796872409791678178703652E04	1100
pgsql	xt-1M-1000-120-1	969	2561	0	1	1	.1	0	5.15418135116519343358971415451727700609E04	1100
pgsql	xt-1M-1000-120-1	969	4124	0	1	.5	1	0	5.61766016387845681119836121543188801639E04	700
pgsql	xt-1M-1000-120-1	969	4125	0	1	.75	1	0	5.37600300115953891276174885751313007299E04	1100
pgsql	xt-1M-1000-120-1	969	4144	0	1	1	1	0	5.59021481193606164036362407488763475383E04	600

sqlserver	pk-xt-30K-1000-120-1	869	4584	1	1	.25	.01	0	1.46036410621147463252726410621147463253E04	700
sqlserver	pk-xt-30K-1000-120-1	869	4585	1	1	.5	.01	0	1.59607563242030475834346078339721417221E04	700
sqlserver	pk-xt-30K-1000-120-1	869	4624	1	1	.75	.01	0	1.15558124590076162175909194340708616097E04	600
sqlserver	pk-xt-30K-1000-120-1	869	4626	1	1	1	.01	0	9.29998122559327125262841694202463202166E03	1100
sqlserver	pk-xt-30K-1000-120-1	869	4804	1	1	.25	.1	0	1.55997280091253244284273693607313484651E04	600
sqlserver	pk-xt-30K-1000-120-1	869	4806	1	1	.5	.1	0	1.31050429111178152250427387263141260469E04	600
sqlserver	pk-xt-30K-1000-120-1	869	4825	1	1	.75	.1	0	1.78252849888859432673287517588759508126E04	600
sqlserver	pk-xt-30K-1000-120-1	869	4845	1	1	1	.1	0	1.37913276831965327356656227272052602674E04	800
sqlserver	pk-xt-30K-1000-120-1	869	5066	1	1	.25	1	0	1.59608178539393033338316639258484078338E04	600
sqlserver	pk-xt-30K-1000-120-1	869	5085	1	1	.5	1	0	1.60052231887821345105167488963905479097E04	600
sqlserver	pk-xt-30K-1000-120-1	869	5105	1	1	.75	1	0	1.4040898607442194175390535824935590125E04	600
sqlserver	pk-xt-30K-1000-120-1	869	5125	1	1	1	1	0	1.42119380908908041530629613010042242407E04	600

sqlserver	xt-30K-1000-120-1	611	222	0	1	.25	.01	0	1.41788560274780977167153384072992479838E04	700
sqlserver	xt-30K-1000-120-1	611	241	0	1	.5	.01	0	1.26998931612578475649827318614633873516E04	700
sqlserver	xt-30K-1000-120-1	611	261	0	1	.75	.01	0	1.3056254271429606550249981885370625317E04	600
sqlserver	xt-30K-1000-120-1	611	281	0	1	1	.01	0	1.25111238945093411474562112995399037378E04	600
sqlserver	xt-30K-1000-120-1	611	583	0	1	.25	.1	0	1.6723191074698795180722891566265060241E04	700
sqlserver	xt-30K-1000-120-1	611	602	0	1	.5	.1	0	1.3051510182463783251525504647380906202E04	700
sqlserver	xt-30K-1000-120-1	611	621	0	1	.75	.1	0	1.02016265672960391441742459423031181688E04	700
sqlserver	xt-30K-1000-120-1	611	642	0	1	1	.1	0	1.57598815843604469384060952130197962776E04	600
sqlserver	xt-30K-1000-120-1	611	981	0	1	.25	1	0	1.35369823114408320605134918903192959488E04	600
sqlserver	xt-30K-1000-120-1	611	1002	0	1	.5	1	0	1.49704087076710435383552176917760884589E04	600
sqlserver	xt-30K-1000-120-1	611	1022	0	1	.75	1	0	1.46497293740774473163531296127634182344E04	700
sqlserver	xt-30K-1000-120-1	611	1041	0	1	1	1	0	1.44908849127142540316193010803789246903E04	700

-- update

db2	pk-xt-1M-1000-120-1	1351	7207	1	1	.25	0	25	6.47154020288525668429408365479465909523E01	1100
db2	pk-xt-1M-1000-120-1	1351	7246	1	1	.5	0	25	6.52336578881003178019568149681655096397E01	1100
db2	pk-xt-1M-1000-120-1	1351	7286	1	1	.75	0	25	7.75811998995049584140602725598665335516E01	1100
db2	pk-xt-1M-1000-120-1	1351	7306	1	1	1	0	25	7.83864471336751674291855456945817343174E01	1100
db2	pk-xt-1M-1000-120-1	1351	7327	1	1	.25	0	50	7.08066450186206537414289050911233902533E01	1100
db2	pk-xt-1M-1000-120-1	1351	7366	1	1	.5	0	50	7.49740451870261063195120041445753151073E01	1100
db2	pk-xt-1M-1000-120-1	1351	7406	1	1	.75	0	50	8.21201035776317764442606497259388775176E01	1100
db2	pk-xt-1M-1000-120-1	1351	7427	1	1	1	0	50	8.76164520344154692901144366590344490638E01	1100
db2	pk-xt-1M-1000-120-1	1351	7467	1	1	.25	0	75	6.59220261549960786933476847589836436693E01	1100
db2	pk-xt-1M-1000-120-1	1351	7506	1	1	.5	0	75	7.0411446517553494786146471186626953736E01	1100
db2	pk-xt-1M-1000-120-1	1351	7546	1	1	.75	0	75	7.56523110500913407730892861930730275631E01	1100
db2	pk-xt-1M-1000-120-1	1351	7587	1	1	1	0	75	8.49448659001124093298679033080363136434E01	1100
db2	pk-xt-1M-1000-120-1	1351	7627	1	1	.25	0	100	6.92762295314142816786032691573371378493E01	1100
db2	pk-xt-1M-1000-120-1	1351	7666	1	1	.5	0	100	5.74502062212829458918195400723883673604E01	1100
db2	pk-xt-1M-1000-120-1	1351	7686	1	1	.75	0	100	6.76341553409778439490857772725508991327E01	1100
db2	pk-xt-1M-1000-120-1	1351	7706	1	1	1	0	100	7.70073178330759009125548121880948422873E01	100

db2	xt-1M-1000-120-1	689	1602	0	1	.25	0	25	5.28435895717849472462713405697513553207E01	1100
db2	xt-1M-1000-120-1	689	1623	0	1	.5	0	25	5.1780747085218801463390876120619056478E01	1100
db2	xt-1M-1000-120-1	689	1661	0	1	.75	0	25	1.19963285404054039828731443472376725588E02	500
db2	xt-1M-1000-120-1	689	1683	0	1	1	0	25	1.17807514509552011361633266284843007872E02	1100
db2	xt-1M-1000-120-1	689	1723	0	1	.25	0	50	5.55077231516443207448690442338682913538E01	1100
db2	xt-1M-1000-120-1	689	1763	0	1	.5	0	50	5.00871701577901469724203154197588143609E01	1100
db2	xt-1M-1000-120-1	689	1801	0	1	.75	0	50	1.13007515009559261386673406166725780627E02	1100
db2	xt-1M-1000-120-1	689	1842	0	1	1	0	50	1.24021519410363626250756312464630307072E02	700
db2	xt-1M-1000-120-1	689	1882	0	1	.25	0	75	5.43815761827537668662053539667373463153E01	1100
db2	xt-1M-1000-120-1	689	1902	0	1	.5	0	75	5.42091065999566097591256406644308291423E01	1100
db2	xt-1M-1000-120-1	689	1923	0	1	.75	0	75	1.12738468419939843456993171563018281767E02	100
db2	xt-1M-1000-120-1	689	1943	0	1	1	0	75	1.16797845343937150482221446080449589983E02	200
db2	xt-1M-1000-120-1	689	1983	0	1	.25	0	100	5.53923068983921837484263128090899359364E01	1100
db2	xt-1M-1000-120-1	689	2022	0	1	.5	0	100	5.30813905153297877226030788080310063276E01	1100
db2	xt-1M-1000-120-1	689	2043	0	1	.75	0	100	1.12796396563596259420686664020954954678E02	600
db2	xt-1M-1000-120-1	689	2083	0	1	1	0	100	1.05857989790753414023060422945689312003E02	600


oracle	pk-xt-1M-1000-120-1	1329	7207	1	1	.25	0	25	7.75209967146580561933085043975661732309E01	800
oracle	pk-xt-1M-1000-120-1	1329	7246	1	1	.5	0	25	9.02306720997895495440240120520261127232E01	600
oracle	pk-xt-1M-1000-120-1	1329	7286	1	1	.75	0	25	9.08461428364986674895724955456136476898E01	700
oracle	pk-xt-1M-1000-120-1	1329	7306	1	1	1	0	25	1.14760804125173194065076505811990256671E02	500
oracle	pk-xt-1M-1000-120-1	1329	7327	1	1	.25	0	50	1.0987520009773517757321466776639205251E02	100
oracle	pk-xt-1M-1000-120-1	1329	7366	1	1	.5	0	50	1.39140101467745275746125990279101311529E02	100
oracle	pk-xt-1M-1000-120-1	1329	7406	1	1	.75	0	50	1.46065803837650891987778307109563077347E02	300
oracle	pk-xt-1M-1000-120-1	1329	7427	1	1	1	0	50	1.07546970898465081416948195139967628751E02	1100
oracle	pk-xt-1M-1000-120-1	1329	7467	1	1	.25	0	75	8.97435011931085890002427665119057565932E01	100
oracle	pk-xt-1M-1000-120-1	1329	7506	1	1	.5	0	75	1.01328301770689610377179176176026976728E02	1100
oracle	pk-xt-1M-1000-120-1	1329	7546	1	1	.75	0	75	9.22524473045248356996360172552298902531E01	700
oracle	pk-xt-1M-1000-120-1	1329	7587	1	1	1	0	75	8.38370181051355450929909490310173388454E01	600
oracle	pk-xt-1M-1000-120-1	1329	7627	1	1	.25	0	100	8.97670741686827722509636353693339638375E01	800
oracle	pk-xt-1M-1000-120-1	1329	7666	1	1	.5	0	100	1.01352196847112781407347367165332833491E02	1100
oracle	pk-xt-1M-1000-120-1	1329	7686	1	1	.75	0	100	1.34712156358474550363140288813814692208E02	300
oracle	pk-xt-1M-1000-120-1	1329	7706	1	1	1	0	100	9.09401123665204955883774158362621239421E01	700

oracle	xt-1M-1000-120-1	889	1602	0	1	.25	0	25	1.6725567988177501997837634560240680675E01	1100
oracle	xt-1M-1000-120-1	889	1623	0	1	.5	0	25	2.59438243674777739737621572490375429437E01	1100
oracle	xt-1M-1000-120-1	889	1661	0	1	.75	0	25	3.16532366044228378961548128660167798131E01	1100
oracle	xt-1M-1000-120-1	889	1683	0	1	1	0	25	2.83909595741964958315253857745939195077E01	1100
oracle	xt-1M-1000-120-1	889	1723	0	1	.25	0	50	1.83675091242961529376804858163863977508E01	1100
oracle	xt-1M-1000-120-1	889	1763	0	1	.5	0	50	2.73041580493109072170696535048896480769E01	1100
oracle	xt-1M-1000-120-1	889	1801	0	1	.75	0	50	3.10322881017639326629019623562973615335E01	1100
oracle	xt-1M-1000-120-1	889	1842	0	1	1	0	50	2.51276402916465948708737150648693224034E01	1100
oracle	xt-1M-1000-120-1	889	1882	0	1	.25	0	75	1.82211629609627704189005695912497608091E01	1100
oracle	xt-1M-1000-120-1	889	1902	0	1	.5	0	75	2.73092408796866698291130899106784917059E01	1100
oracle	xt-1M-1000-120-1	889	1923	0	1	.75	0	75	3.20170860294661277270651052137443777466E01	600
oracle	xt-1M-1000-120-1	889	1943	0	1	1	0	75	2.61611455489229593177199027837318164239E01	1100
oracle	xt-1M-1000-120-1	889	1983	0	1	.25	0	100	1.73267973164176326452367193155404919678E01	1100
oracle	xt-1M-1000-120-1	889	2022	0	1	.5	0	100	2.72923722373181180883101045604967288287E01	1100
oracle	xt-1M-1000-120-1	889	2043	0	1	.75	0	100	3.23390266545155043543129397177898144474E01	1100
oracle	xt-1M-1000-120-1	889	2083	0	1	1	0	100	2.49174609698742006994090734514288024472E01	1100

pgsql	pk-xt-1M-1000-120-1	1129	7207	1	1	.25	0	25	8.60299283265627257984232245219094718928E01	1100
pgsql	pk-xt-1M-1000-120-1	1129	7246	1	1	.5	0	25	7.69875438891822738879435532303416943843E01	1100
pgsql	pk-xt-1M-1000-120-1	1129	7286	1	1	.75	0	25	7.39025217529382352540398909773798363771E01	800
pgsql	pk-xt-1M-1000-120-1	1129	7306	1	1	1	0	25	8.43668513983015465720624045099512760967E01	1100
pgsql	pk-xt-1M-1000-120-1	1129	7327	1	1	.25	0	50	7.06328671656787005995185637502474350052E01	1100
pgsql	pk-xt-1M-1000-120-1	1129	7366	1	1	.5	0	50	6.38013331889462231524731175009356087252E01	1100
pgsql	pk-xt-1M-1000-120-1	1129	7406	1	1	.75	0	50	5.88155462955194476295239782109485943701E01	1100
pgsql	pk-xt-1M-1000-120-1	1129	7427	1	1	1	0	50	6.49239348495251224397829443689538639438E01	1100
pgsql	pk-xt-1M-1000-120-1	1129	7467	1	1	.25	0	75	7.05753812426590224638997738570543512253E01	1100
pgsql	pk-xt-1M-1000-120-1	1129	7506	1	1	.5	0	75	7.31117511950456940954902163387120071632E01	1100
pgsql	pk-xt-1M-1000-120-1	1129	7546	1	1	.75	0	75	6.4312851248163864304977544349739095158E01	1100
pgsql	pk-xt-1M-1000-120-1	1129	7587	1	1	1	0	75	6.45674146831713234674875430563481227833E01	1100
pgsql	pk-xt-1M-1000-120-1	1129	7627	1	1	.25	0	100	6.32100410172295363319702995317966270175E01	1100
pgsql	pk-xt-1M-1000-120-1	1129	7666	1	1	.5	0	100	7.98946749406485941343385231874023160003E01	1100
pgsql	pk-xt-1M-1000-120-1	1129	7686	1	1	.75	0	100	8.12161946540405762276708110028656898105E01	1100
pgsql	pk-xt-1M-1000-120-1	1129	7706	1	1	1	0	100	7.64597344245596416321635803843472118495E01	1100

pgsql	xt-1M-1000-120-1	969	1602	0	1	.25	0	25	8.74506388485978452178239911117051524124E01	200
pgsql	xt-1M-1000-120-1	969	1623	0	1	.5	0	25	9.5063628316044141324723722782395920152E01	200
pgsql	xt-1M-1000-120-1	969	1661	0	1	.75	0	25	1.02014017039687428552289166451868453205E02	100
pgsql	xt-1M-1000-120-1	969	1683	0	1	1	0	25	1.08371926252421751858216458415111076593E02	200
pgsql	xt-1M-1000-120-1	969	1723	0	1	.25	0	50	7.06125116264533882593111641672495410649E01	100
pgsql	xt-1M-1000-120-1	969	1763	0	1	.5	0	50	5.47577793874195507803475699292621604958E01	100
pgsql	xt-1M-1000-120-1	969	1801	0	1	.75	0	50	1.1283384201725878746881153636931155544E02	100
pgsql	xt-1M-1000-120-1	969	1842	0	1	1	0	50	1.0908179939553706780040106364065615388E02	100
pgsql	xt-1M-1000-120-1	969	1882	0	1	.25	0	75	6.78940571092490749483622088656072728474E01	100
pgsql	xt-1M-1000-120-1	969	1902	0	1	.5	0	75	3.92664375399528752843865745680707737344E01	100
pgsql	xt-1M-1000-120-1	969	1923	0	1	.75	0	75	8.81651432332703698414727212093986438355E01	100
pgsql	xt-1M-1000-120-1	969	1943	0	1	1	0	75	6.23271314152506158655052410931784444543E01	100
pgsql	xt-1M-1000-120-1	969	1983	0	1	.25	0	100	1.11258359104235604748736764500571915635E02	400
pgsql	xt-1M-1000-120-1	969	2022	0	1	.5	0	100	8.88948812140825057352008184685377240249E01	100
pgsql	xt-1M-1000-120-1	969	2043	0	1	.75	0	100	1.30702092580992447935888253123152676095E02	100
pgsql	xt-1M-1000-120-1	969	2083	0	1	1	0	100	4.09323310607828551414204538741399234205E01	100

sqlserver	pk-xt-30K-1000-120-1	869	4425	1	1	.25	0	25	3.39985735138461538461538461538461538461E04	600
sqlserver	pk-xt-30K-1000-120-1	869	4426	1	1	.5	0	25	3.54498521777048171138357359051967372904E04	600
sqlserver	pk-xt-30K-1000-120-1	869	4444	1	1	.75	0	25	3.73360895968970771575010389250588724199E04	600
sqlserver	pk-xt-30K-1000-120-1	869	4445	1	1	1	0	25	3.65968642277750558005335075398769666285E04	600
sqlserver	pk-xt-30K-1000-120-1	869	4464	1	1	.25	0	50	3.67282052535453373442200257842715943273E04	600
sqlserver	pk-xt-30K-1000-120-1	869	4465	1	1	.5	0	50	3.45790715245216068939297934355594981624E04	600
sqlserver	pk-xt-30K-1000-120-1	869	4484	1	1	.75	0	50	3.5802124767469279744281709330049519218E04	600
sqlserver	pk-xt-30K-1000-120-1	869	4486	1	1	1	0	50	3.58600931987880099556325073044042852506E04	600
sqlserver	pk-xt-30K-1000-120-1	869	4504	1	1	.25	0	75	3.69529345921692217296084610864804230541E04	600
sqlserver	pk-xt-30K-1000-120-1	869	4505	1	1	.5	0	75	3.52402818883108229324175401727363592097E04	600
sqlserver	pk-xt-30K-1000-120-1	869	4524	1	1	.75	0	75	3.71518285162728731069360232741510100871E04	600
sqlserver	pk-xt-30K-1000-120-1	869	4525	1	1	1	0	75	3.87464717447834083846007483985539417773E04	600
sqlserver	pk-xt-30K-1000-120-1	869	4544	1	1	.25	0	100	3.7299425890928725701943844492440604752E04	600
sqlserver	pk-xt-30K-1000-120-1	869	4545	1	1	.5	0	100	3.57489769464528974117153934821335009957E04	600
sqlserver	pk-xt-30K-1000-120-1	869	4564	1	1	.75	0	100	3.69196885237010521748562750840655168673E04	600
sqlserver	pk-xt-30K-1000-120-1	869	4565	1	1	1	0	100	3.72381353160698515796370680568612369313E04	600

sqlserver	xt-30K-1000-120-1	611	41	0	1	.25	0	25	3.17474895979429640018700327255726975222E04	600
sqlserver	xt-30K-1000-120-1	611	42	0	1	.5	0	25	3.31487802477770006993705664901588570288E04	600
sqlserver	xt-30K-1000-120-1	611	61	0	1	.75	0	25	3.58916647698566756189007365650011965856E04	600
sqlserver	xt-30K-1000-120-1	611	62	0	1	1	0	25	3.34400096260059965283257061701120403977E04	600
sqlserver	xt-30K-1000-120-1	611	81	0	1	.25	0	50	3.30673821783153901111083737774383484022E04	600
sqlserver	xt-30K-1000-120-1	611	101	0	1	.5	0	50	3.6787584131433465701160165070466401931E04	600
sqlserver	xt-30K-1000-120-1	611	121	0	1	.75	0	50	3.6229680656738804371116348832226269552E04	600
sqlserver	xt-30K-1000-120-1	611	141	0	1	1	0	50	3.96339452349668726063011937043974169018E04	600
sqlserver	xt-30K-1000-120-1	611	142	0	1	.25	0	75	3.54013511421026995154715820237393288382E04	600
sqlserver	xt-30K-1000-120-1	611	143	0	1	.5	0	75	3.43475654701104139306386497397733352789E04	600
sqlserver	xt-30K-1000-120-1	611	161	0	1	.75	0	75	3.58881598934378848425444218251275478147E04	600
sqlserver	xt-30K-1000-120-1	611	162	0	1	1	0	75	4.07244468267835460656854325228773654752E04	600
sqlserver	xt-30K-1000-120-1	611	181	0	1	.25	0	100	3.45649065096952908587257617728531855958E04	600
sqlserver	xt-30K-1000-120-1	611	182	0	1	.5	0	100	3.51791849006097258712139989094334010806E04	600
sqlserver	xt-30K-1000-120-1	611	201	0	1	.75	0	100	3.5952871589568534926332170377249567029E04	600
sqlserver	xt-30K-1000-120-1	611	221	0	1	1	0	100	3.5763526222104144527098831030818278427E04	600

mysql	pk-xt-1M-1000-120-1	1290	7207	1	1	.25	0	25	2.80056105217966835411337495304366491958E04	1100
mysql	pk-xt-1M-1000-120-1	1290	7246	1	1	.5	0	25	10577.5168715265100807269481968277149	800
mysql	pk-xt-1M-1000-120-1	1290	7286	1	1	.75	0	25	1.52187040753791941167458250344721924314E04	700
mysql	pk-xt-1M-1000-120-1	1290	7306	1	1	1	0	25	6.8197718591508477032314157368497319229E04	800
mysql	pk-xt-1M-1000-120-1	1290	7327	1	1	.25	0	50	2.41187070102965657562118502990319995068E04	1100
mysql	pk-xt-1M-1000-120-1	1290	7366	1	1	.5	0	50	1.09261077301006146055888636855628864815E04	1100
mysql	pk-xt-1M-1000-120-1	1290	7406	1	1	.75	0	50	1.18659790128973604326856403223569656533E04	1100
mysql	pk-xt-1M-1000-120-1	1290	7427	1	1	1	0	50	69304.32584640792733278282411230388109		700
mysql	pk-xt-1M-1000-120-1	1290	7467	1	1	.25	0	75	2.55846652196704124758378927366248402844E04	1100
mysql	pk-xt-1M-1000-120-1	1290	7506	1	1	.5	0	75	8.92445485966011979384315364256860286951E03	1100
mysql	pk-xt-1M-1000-120-1	1290	7546	1	1	.75	0	75	4.83186727301238827034655794260624117924E04	800
mysql	pk-xt-1M-1000-120-1	1290	7587	1	1	1	0	75	6.72036986708144796380090497737556561086E04	1100
mysql	pk-xt-1M-1000-120-1	1290	7627	1	1	.25	0	100	2.63790853961643099452524099015886877372E04	1100
mysql	pk-xt-1M-1000-120-1	1290	7666	1	1	.5	0	100	6.93643290227053359813627244381781153509E03	800
mysql	pk-xt-1M-1000-120-1	1290	7686	1	1	.75	0	100	1.4333136703792252220732015472233560752E04	800
mysql	pk-xt-1M-1000-120-1	1290	7706	1	1	1	0	100	6.96568726839112089524857824252430746653E04	1100

mysql	xt-1M-1000-120-1	1289	1602	0	1	.25	0	25	5.06202729765563791960465256433435786175E04	1100
mysql	xt-1M-1000-120-1	1289	1623	0	1	.5	0	25	5.06136033573430577740273047828576595041E04	1100
mysql	xt-1M-1000-120-1	1289	1661	0	1	.75	0	25	5.06500771525873240710044905216840963205E04	1100
mysql	xt-1M-1000-120-1	1289	1683	0	1	1	0	25	5.05995060712886799843321582452017234625E04	1100
mysql	xt-1M-1000-120-1	1289	1723	0	1	.25	0	50	5.06005216238208613363069226364485699649E04	1100
mysql	xt-1M-1000-120-1	1289	1763	0	1	.5	0	50	5.06323345084214649432040736388562475519E04	1100
mysql	xt-1M-1000-120-1	1289	1801	0	1	.75	0	50	5.06221359211596998282149422862481540641E04	1100
mysql	xt-1M-1000-120-1	1289	1842	0	1	1	0	50	5.06106628593815924296305225724790549092E04	1100
mysql	xt-1M-1000-120-1	1289	1882	0	1	.25	0	75	5.06523295166927805230806315535735808127E04	1100
mysql	xt-1M-1000-120-1	1289	1902	0	1	.5	0	75	5.06196036280359187609232809015850057253E04	1100
mysql	xt-1M-1000-120-1	1289	1923	0	1	.75	0	75	5.06014676451972633292142620332137798004E04	1100
mysql	xt-1M-1000-120-1	1289	1943	0	1	1	0	75	5.05919866509974085457723136262279274393E04	1100
mysql	xt-1M-1000-120-1	1289	1983	0	1	.25	0	100	5.06205830269423181242842504972575492734E04	1100
mysql	xt-1M-1000-120-1	1289	2022	0	1	.5	0	100	5.05838964405196057747370324602911480151E04	1100
mysql	xt-1M-1000-120-1	1289	2043	0	1	.75	0	100	5.06409866196546424373926408100533405658E04	1100
mysql	xt-1M-1000-120-1	1289	2083	0	1	1	0	100	5.05934083114847964319079046499713708827E04	1100


-- num procs = 4
oracle	pk-xt-1M-1000-120-4	1709	8686	1	4	.25	0	25	4.18104909982904648694066548506978921147E01	1100
oracle	pk-xt-1M-1000-120-4	1709	8766	1	4	.5	0	25	4.11291911646763682464829401282519520158E01	300
oracle	pk-xt-1M-1000-120-4	1709	8806	1	4	.75	0	25	5.17635635170624616387540119546718936959E01	1100
oracle	pk-xt-1M-1000-120-4	1709	9413	1	4	1	0	25	5.05088564497201076326691415352062969454E01	1100
oracle	pk-xt-1M-1000-120-4	1709	9415	1	4	.25	0	50	4.46903376583640513401454317839391554526E01	200
oracle	pk-xt-1M-1000-120-4	1709	9417	1	4	.5	0	50	4.50365595453587297307973219752123068602E01	300
oracle	pk-xt-1M-1000-120-4	1709	9418	1	4	.75	0	50	4.28290878407240140106536133169004855618E01	300
oracle	pk-xt-1M-1000-120-4	1709	9420	1	4	1	0	50	4.28329835865209851243968603594816423958E01	300
oracle	pk-xt-1M-1000-120-4	1709	9422	1	4	.25	0	75	5.35774856502081093502639621878225329316E01	200
oracle	pk-xt-1M-1000-120-4	1709	9424	1	4	.5	0	75	8.84775494147227304442156808949144178383E01	200
oracle	pk-xt-1M-1000-120-4	1709	9426	1	4	.75	0	75	6.56897365170755404772140742467646786993E01	200
oracle	pk-xt-1M-1000-120-4	1709	9427	1	4	1	0	75	7.13574614854170919589347488112454165865E01	300
oracle	pk-xt-1M-1000-120-4	1709	9429	1	4	.25	0	100	1.51980303236574368038354381254219941051E02	100
oracle	pk-xt-1M-1000-120-4	1709	9431	1	4	.5	0	100	8.47730991632967056316902217848060554023E01	100
oracle	pk-xt-1M-1000-120-4	1709	9433	1	4	.75	0	100	1.09850544217356278801376468738501736796E02	100
oracle	pk-xt-1M-1000-120-4	1709	9435	1	4	1	0	100	6.74773008166156104137689754332670597572E01	200

oracle	xt-1M-1000-120-4	809	2222	0	4	.5	0	25	1.01688972536018495129134978036532097303E02	100
oracle	xt-1M-1000-120-4	809	2224	0	4	.75	0	25	4.41768548573570905862426080449807833632E01	500
oracle	xt-1M-1000-120-4	809	2225	0	4	1	0	25	4.41945985439984366945965419434770385262E01	400
oracle	xt-1M-1000-120-4	809	2228	0	4	.25	0	50	4.18701544745320239879261062588877475216E01	300
oracle	xt-1M-1000-120-4	809	2242	0	4	.5	0	50	8.48566984621644196451208525212674925803E01	200
oracle	xt-1M-1000-120-4	809	2261	0	4	.75	0	50	4.84582807999108916987254552573622446457E01	300
oracle	xt-1M-1000-120-4	809	2263	0	4	1	0	50	4.73351694656220540842850766519890229511E01	500
oracle	xt-1M-1000-120-4	809	2283	0	4	.25	0	75	4.1967583951312008794575642479170532804E01	300
oracle	xt-1M-1000-120-4	809	2301	0	4	.5	0	75	4.49646306903757165973098712630886109616E01	200
oracle	xt-1M-1000-120-4	809	2304	0	4	.75	0	75	4.8927640958887069722430621192975607315E01	100
oracle	xt-1M-1000-120-4	809	2322	0	4	1	0	75	4.54286219773589174028877654017919033644E01	600
oracle	xt-1M-1000-120-4	809	2323	0	4	.25	0	100	1.06901999145788413384023430339326410563E02	100
oracle	xt-1M-1000-120-4	809	2326	0	4	.5	0	100	4.29621752447727919781115941959050923356E01	500
oracle	xt-1M-1000-120-4	809	2342	0	4	.75	0	100	4.49700232209044920886552009126807153963E01	600
oracle	xt-1M-1000-120-4	809	2344	0	4	1	0	100	4.41733189574775942607218055117913041398E01	500


sqlserver	pk-xt-30K-1000-120-4	1232	8347	1	4	.25	0	25	4.26113704706906410233625174087257542508E01	700
sqlserver	pk-xt-30K-1000-120-4	1232	8446	1	4	.5	0	25	5.62972875841132978217739767027342661438E01	700
sqlserver	pk-xt-30K-1000-120-4	1232	8467	1	4	.75	0	25	4.87367158834174900393596349978612450723E01	700
sqlserver	pk-xt-30K-1000-120-4	1232	8506	1	4	1	0	25	6.628688503209986276186133619443820986E01	700
sqlserver	pk-xt-30K-1000-120-4	1232	8546	1	4	.25	0	50	5.24278244695326391659422912808101731369E01	700
sqlserver	pk-xt-30K-1000-120-4	1232	8566	1	4	.5	0	50	7.39699224111248434756878721216514347072E01	700
sqlserver	pk-xt-30K-1000-120-4	1232	8587	1	4	.75	0	50	8.60202024543670812577387065784095930554E01	700
sqlserver	pk-xt-30K-1000-120-4	1232	8626	1	4	1	0	50	7.92413210596261586766635357162292008302E01	700
sqlserver	pk-xt-30K-1000-120-4	1232	8666	1	4	.25	0	75	7.59118022743191618851760566062084015988E01	700
sqlserver	pk-xt-30K-1000-120-4	1232	8826	1	4	.5	0	75	9.06969475815541757005384481929312961711E01	700
sqlserver	pk-xt-30K-1000-120-4	1232	8846	1	4	.75	0	75	8.82751675231641335656606178969990673984E01	700
sqlserver	pk-xt-30K-1000-120-4	1232	8866	1	4	1	0	75	9.7061377086293567064531164841063473316E01	700
sqlserver	pk-xt-30K-1000-120-4	1232	8886	1	4	.25	0	100	8.5113428647323479117437092213103413927E01	700
sqlserver	pk-xt-30K-1000-120-4	1232	8906	1	4	.5	0	100	8.55329820837494410006958225595261007889E01	700
sqlserver	pk-xt-30K-1000-120-4	1232	8926	1	4	.75	0	100	8.5484903491905420473360503116912716631E01	700
sqlserver	pk-xt-30K-1000-120-4	1232	8946	1	4	1	0	100	9.32957661733704105973310634555613841529E01	700

sqlserver	xt-30K-1000-120-4	1469	7746	0	4	.25	0	25	7.14045947577993948011609267894175510641E01	700
sqlserver	xt-30K-1000-120-4	1469	9345	0	4	.5	0	25	7.91219683101605179216261724433517678168E01	700
sqlserver	xt-30K-1000-120-4	1469	9346	0	4	.75	0	25	8.4070279337420763219036270160341233822E01	600
sqlserver	xt-30K-1000-120-4	1469	9347	0	4	1	0	25	8.1636336557258485315112838442813233021E01	700
sqlserver	xt-30K-1000-120-4	1469	9349	0	4	.25	0	50	7.34366479203766456053081124919097627545E01	700
sqlserver	xt-30K-1000-120-4	1469	9350	0	4	.5	0	50	7.57304524501431603448740387886351006355E01	800
sqlserver	xt-30K-1000-120-4	1469	9351	0	4	.75	0	50	7.35333432765776227287267156671930576488E01	700
sqlserver	xt-30K-1000-120-4	1469	9352	0	4	1	0	50	8.25593041940212296554048307929892989287E01	700
sqlserver	xt-30K-1000-120-4	1469	9354	0	4	.25	0	75	7.77278932108885101695261885922819028412E01	700
sqlserver	xt-30K-1000-120-4	1469	9356	0	4	.5	0	75	7.26580853546816752537905493900557278223E01	700
sqlserver	xt-30K-1000-120-4	1469	9366	0	4	.75	0	75	7.40083353466687619706521655733937902496E01	700
sqlserver	xt-30K-1000-120-4	1469	9367	0	4	1	0	75	7.47832090642335922018600601399950643993E01	700
sqlserver	xt-30K-1000-120-4	1469	9368	0	4	.25	0	100	73.69227734413743073225419157909237802	600
sqlserver	xt-30K-1000-120-4	1469	9369	0	4	.5	0	100	7.86045515427771143767149198758394983039E01	700
sqlserver	xt-30K-1000-120-4	1469	9370	0	4	.75	0	100	7.34431523105786631870901447366680354946E01	700
sqlserver	xt-30K-1000-120-4	1469	9371	0	4	1	0	100	7.93886248955889315565962883522110424528E01	700

db2	pk-xt-1M-1000-120-4	1630	8686	1	4	.25	0	25	1.9539188029117219257652406092399875438E01	700
db2	pk-xt-1M-1000-120-4	1630	9413	1	4	1	0	25	1.76807671773838430071681595721791666747E01	1100
db2	pk-xt-1M-1000-120-4	1630	9415	1	4	.25	0	50	4.9449981892793992759942546279430613778E01	1100
db2	pk-xt-1M-1000-120-4	1630	9417	1	4	.5	0	50	5.14807188874888596781075466443393740042E01	1100
db2	pk-xt-1M-1000-120-4	1630	9418	1	4	.75	0	50	5.40634845064157762209433110438844231733E01	1100
db2	pk-xt-1M-1000-120-4	1630	9420	1	4	1	0	50	5.58083399321087441387280173837826618682E01	1100
db2	pk-xt-1M-1000-120-4	1630	9422	1	4	.25	0	75	4.8783221803106932315692443125509463502E01	1100
db2	pk-xt-1M-1000-120-4	1630	9424	1	4	.5	0	75	4.87431448372430159895478124418062777211E01	1100
db2	pk-xt-1M-1000-120-4	1630	9426	1	4	.75	0	75	4.8331299029304412105218774029211375984E01	1100
db2	pk-xt-1M-1000-120-4	1630	9427	1	4	1	0	75	4.75539384264923950418924105899972854538E01	1100
db2	pk-xt-1M-1000-120-4	1630	9429	1	4	.25	0	100	4.84214607107526192208904461648606792049E01	1100
db2	pk-xt-1M-1000-120-4	1630	9431	1	4	.5	0	100	4.73833558038959796464481253111495964293E01	1100
db2	pk-xt-1M-1000-120-4	1630	9433	1	4	.75	0	100	4.89938453315419064011934199025302708236E01	1100
db2	pk-xt-1M-1000-120-4	1630	9435	1	4	1	0	100	5.02065726791071185909806231457039798156E01	1100

db2	xt-1M-1000-120-4	849	2203	0	4	.25	0	25	1.52068355562515114195134683600373844877E01	1100
db2	xt-1M-1000-120-4	849	2222	0	4	.5	0	25	1.47750803855805618183553424181548561893E01	1100
db2	xt-1M-1000-120-4	849	2224	0	4	.75	0	25	1.41520049421836091450846403704439169077E01	1100
db2	xt-1M-1000-120-4	849	2225	0	4	1	0	25	1.41235456070996698337830509734817791638E01	1100
db2	xt-1M-1000-120-4	849	2228	0	4	.25	0	50	1.54030062816816411220797905310663827135E01	1100
db2	xt-1M-1000-120-4	849	2242	0	4	.5	0	50	1.46443857807230844872197730372785581483E01	1100
db2	xt-1M-1000-120-4	849	2261	0	4	.75	0	50	1.44586499287484478669336953681378596074E01	1100
db2	xt-1M-1000-120-4	849	2263	0	4	1	0	50	1.45208192151487154868918199613067196219E01	1100
db2	xt-1M-1000-120-4	849	2283	0	4	.25	0	75	1.53024807265530038031398225673778786926E01	1100
db2	xt-1M-1000-120-4	849	2301	0	4	.5	0	75	1.55027712890758156006446539375986697475E01	1100
db2	xt-1M-1000-120-4	849	2304	0	4	.75	0	75	1.47132600195100375393052050798999551223E01	1100
db2	xt-1M-1000-120-4	849	2322	0	4	1	0	75	1.39992958645676115629125581696338604221E01	1100
db2	xt-1M-1000-120-4	849	2323	0	4	.25	0	100	1.47937879599719574762690172726061061445E01	1100
db2	xt-1M-1000-120-4	849	2326	0	4	.5	0	100	1.45392222982093337925203655433450251927E01	1100
db2	xt-1M-1000-120-4	849	2342	0	4	.75	0	100	1.46548284317333608127594997635019883115E01	1100

pgsql	pk-xt-1M-1000-120-4	1472	8686	1	4	.25	0	25	1.39774841111048957441247674024468330288E01	1100
pgsql	pk-xt-1M-1000-120-4	1472	8766	1	4	.5	0	25	1.26703042199164264706906574669298634665E01	700
pgsql	pk-xt-1M-1000-120-4	1472	8806	1	4	.75	0	25	1.78680066213066737365799453032830315345E01	1100
pgsql	pk-xt-1M-1000-120-4	1472	9413	1	4	1	0	25	1.74426884424122550629008880596417331977E01	1100
pgsql	pk-xt-1M-1000-120-4	1472	9415	1	4	.25	0	50	1.16790898382336698943415090113797409078E01	1100
pgsql	pk-xt-1M-1000-120-4	1472	9417	1	4	.5	0	50	1.50078561214220969117601310107730997799E01	1100
pgsql	pk-xt-1M-1000-120-4	1472	9418	1	4	.75	0	50	1.53858956742011483510278300669933902919E01	1100
pgsql	pk-xt-1M-1000-120-4	1472	9420	1	4	1	0	50	1.19987654936163837661101948254970551555E01	1100
pgsql	pk-xt-1M-1000-120-4	1472	9422	1	4	.25	0	75	1.12396637603541945123049799086128756876E01	1100
pgsql	pk-xt-1M-1000-120-4	1472	9424	1	4	.5	0	75	1.45238457405441667465368965532803398908E01	1100
pgsql	pk-xt-1M-1000-120-4	1472	9426	1	4	.75	0	75	1.10047705265627362851596167369739105765E01	600
pgsql	pk-xt-1M-1000-120-4	1472	9427	1	4	1	0	75	1.91960819738749444210309406712996012816E01	500
pgsql	pk-xt-1M-1000-120-4	1472	9429	1	4	.25	0	100	4.630649079692757439360221894010786175E01	100
pgsql	pk-xt-1M-1000-120-4	1472	9431	1	4	.5	0	100	2.22768475079257167510758892466631089723E01	600
pgsql	pk-xt-1M-1000-120-4	1472	9433	1	4	.75	0	100	4.17117133330762137402087896884405416027E01	100
pgsql	pk-xt-1M-1000-120-4	1472	9435	1	4	1	0	100	1.92132522793057057750647983821301071078E01	600

pgsql	xt-1M-1000-120-4	749	2203	0	4	.25	0	25	1.52430711194450167232519900424496165468E01	400
pgsql	xt-1M-1000-120-4	749	2222	0	4	.5	0	25	1.5835317215071007380769814555687162208E01	700
pgsql	xt-1M-1000-120-4	749	2225	0	4	1	0	25	1.03565512400081234413878296039506144409E01	100
pgsql	xt-1M-1000-120-4	749	2228	0	4	.25	0	50	8.60733829428756850271479932762929716318E00	100
pgsql	xt-1M-1000-120-4	749	2263	0	4	1	0	50	7.06088399694095883859837352844646152504E00	100
pgsql	xt-1M-1000-120-4	749	2283	0	4	.25	0	75	6.09185618708086966194938104292584917086E00	500
pgsql	xt-1M-1000-120-4	749	2301	0	4	.5	0	75	5.61244099463823405971036089353334245037E00	200
pgsql	xt-1M-1000-120-4	749	2304	0	4	.75	0	75	7.79348649342813644603781292155154263598E00	700
pgsql	xt-1M-1000-120-4	749	2322	0	4	1	0	75	6.1071064785871313772987014925930211292E00	300
pgsql	xt-1M-1000-120-4	749	2323	0	4	.25	0	100	4.06439666537581741485235997995846205424E00	100
pgsql	xt-1M-1000-120-4	749	2342	0	4	.75	0	100	5.33492947675484014187176296197512278426E00	200
pgsql	xt-1M-1000-120-4	749	2344	0	4	1	0	100	3.69202171234245297788638848163174694104E00	200

mysql	pk-xt-1M-1000-120-4	1473	8686	1	4	.25	0	25	1.76426792374637380853709075839204309988E04	1100
mysql	pk-xt-1M-1000-120-4	1473	8766	1	4	.5	0	25	5.32228237636069664064998175979679062498E03	700
mysql	pk-xt-1M-1000-120-4	1473	8806	1	4	.75	0	25	3.98834102738395805010681685764226063315E04	200
mysql	pk-xt-1M-1000-120-4	1473	9413	1	4	1	0	25	2.24593752119773244827753282620281990407E04	100
mysql	pk-xt-1M-1000-120-4	1473	9415	1	4	.25	0	50	1.10877701630920464700625558534405719392E04	700
mysql	pk-xt-1M-1000-120-4	1473	9417	1	4	.5	0	50	1.26985221122234811196344657218744776092E04	1100
mysql	pk-xt-1M-1000-120-4	1473	9418	1	4	.75	0	50	5.55118589544749566645379071252622935864E04	100
mysql	pk-xt-1M-1000-120-4	1473	9420	1	4	1	0	50	4.8234153203342618384401114206128133705E04	100
mysql	pk-xt-1M-1000-120-4	1473	9422	1	4	.25	0	75	1.27912555537538511431814496513701962057E04	1100
mysql	pk-xt-1M-1000-120-4	1473	9424	1	4	.5	0	75	4.8055346249302434869445178723529238993E03	1100
mysql	pk-xt-1M-1000-120-4	1473	9426	1	4	.75	0	75	6.75326698256254738438210765731614859738E04	800
mysql	pk-xt-1M-1000-120-4	1473	9427	1	4	1	0	75	6.44188144771120208410867138072199478975E04	1100
mysql	pk-xt-1M-1000-120-4	1473	9429	1	4	.25	0	100	8.16990840662839275453100652796256128053E03	600
mysql	pk-xt-1M-1000-120-4	1473	9431	1	4	.5	0	100	5.04046886707073912087198883692755901536E03	1100
mysql	pk-xt-1M-1000-120-4	1473	9433	1	4	.75	0	100	7.02456452165961824208480969253628986171E04	1100
mysql	pk-xt-1M-1000-120-4	1473	9435	1	4	1	0	100	6.59500994756078182107103130462418560304E04	1100

mysql	xt-1M-1000-120-4	1270	2203	0	4	.25	0	25	5.02669313652030570957590289225236025774E04	1100
mysql	xt-1M-1000-120-4	1270	2222	0	4	.5	0	25	5.01720353695821593429650500569510221209E04	1100
mysql	xt-1M-1000-120-4	1270	2224	0	4	.75	0	25	5.01405709876543209876543209876543209877E04	1100
mysql	xt-1M-1000-120-4	1270	2225	0	4	1	0	25	5.02114502966025525795434118281502786266E04	1100
mysql	xt-1M-1000-120-4	1270	2228	0	4	.25	0	50	5.01918967687788501888375996642887117078E04	1100
mysql	xt-1M-1000-120-4	1270	2242	0	4	.5	0	50	5.01666516227636429020947586082891306301E04	1100
mysql	xt-1M-1000-120-4	1270	2261	0	4	.75	0	50	5.00936618541261045379661524636812939945E04	1100
mysql	xt-1M-1000-120-4	1270	2263	0	4	1	0	50	5.0127785162565115861325669121609484462E04	1100
mysql	xt-1M-1000-120-4	1270	2283	0	4	.25	0	75	5.0185396356990922436262320620749573085E04	1100
mysql	xt-1M-1000-120-4	1270	2301	0	4	.5	0	75	5.01708092627542614061891495161918456607E04	1100
mysql	xt-1M-1000-120-4	1270	2304	0	4	.75	0	75	5.02144871748771425146829677574014143594E04	1100
mysql	xt-1M-1000-120-4	1270	2322	0	4	1	0	75	5.01215976109930245786306619165943178757E04	1100
mysql	xt-1M-1000-120-4	1270	2323	0	4	.25	0	100	5.01639327801575652278105622622292783751E04	1100
mysql	xt-1M-1000-120-4	1270	2326	0	4	.5	0	100	5.01554298038041036393589935599820278568E04	1100
mysql	xt-1M-1000-120-4	1270	2342	0	4	.75	0	100	5.01686143524619623816940218042410446868E04	1100
mysql	xt-1M-1000-120-4	1270	2344	0	4	1	0	100	5.02075163463265672714208730016166696605E04	1100


-- num procs = 2

db2	pk-xt-1M-1000-120-2	1710	9266	1	2	.25	0	25	3.40324512313980982591269395507072625596E01	1100
db2	pk-xt-1M-1000-120-2	1710	9305	1	2	.5	0	25	4.69003729816244183579522509580257034113E01	500
db2	pk-xt-1M-1000-120-2	1710	9306	1	2	.75	0	25	4.37203468413121273620637027987277408249E01	700
db2	pk-xt-1M-1000-120-2	1710	9308	1	2	1	0	25	5.34883201094564386477933825233737784856E01	300
db2	pk-xt-1M-1000-120-2	1710	9310	1	2	.25	0	50	4.45987169656933184581702983022900558952E01	600
db2	pk-xt-1M-1000-120-2	1710	9312	1	2	.5	0	50	1.22331817341920411898774807408214247747E02	1100
db2	pk-xt-1M-1000-120-2	1710	9313	1	2	.75	0	50	1.66740905825350248584678959593133602607E02	1100
db2	pk-xt-1M-1000-120-2	1710	9315	1	2	1	0	50	8.93066953958150135976524776360015074526E01	1100
db2	pk-xt-1M-1000-120-2	1710	9323	1	2	1	0	75	8.60080075294166028726898296081050257936E01	1100
db2	pk-xt-1M-1000-120-2	1710	9329	1	2	.25	0	100	8.85835643433736496697539011754927524842E01	1100

db2	xt-1M-1000-120-2	949	401	0	2	.25	0	25	3.83381069999916835075638498706785426181E01	1100
db2	xt-1M-1000-120-2	949	422	0	2	.5	0	25	3.95265682718589233930831275596688581091E01	1100
db2	xt-1M-1000-120-2	949	462	0	2	.75	0	25	4.02959370698369898653101828550206267167E01	700
db2	xt-1M-1000-120-2	949	482	0	2	1	0	25	3.97159582938765871844488508423200869188E01	1100
db2	xt-1M-1000-120-2	949	521	0	2	.25	0	50	3.53290803445828722850681331828242578359E01	1100
db2	xt-1M-1000-120-2	949	542	0	2	.5	0	50	3.91254961321864258484200428582176540483E01	500
db2	xt-1M-1000-120-2	949	582	0	2	.75	0	50	3.54270870725917888436036018715630437423E01	1100
db2	xt-1M-1000-120-2	949	601	0	2	1	0	50	3.63271603698140253705708236437033699979E01	1100
db2	xt-1M-1000-120-2	949	641	0	2	.25	0	75	3.52080266409933460063555029227019407466E01	1100
db2	xt-1M-1000-120-2	949	662	0	2	.5	0	75	3.81339472115411081523540996693967552696E01	500
db2	xt-1M-1000-120-2	949	702	0	2	.75	0	75	3.93123076098252316561412151376713301363E01	700
db2	xt-1M-1000-120-2	949	741	0	2	1	0	75	4.09586452102569410134631995428388676007E01	700
db2	xt-1M-1000-120-2	949	762	0	2	.25	0	100	3.69673988166514948723740107204384987485E01	800
db2	xt-1M-1000-120-2	949	841	0	2	.75	0	100	3.54005260432838957323792682626001417383E01	1100
db2	xt-1M-1000-120-2	949	862	0	2	1	0	100	3.89132946216471258070340546418868897287E01	600


mysql	pk-xt-1M-1000-120-2	1471	9266	1	2	.25	0	25	5.95627661613030490897818858141238798399E03	1100
mysql	pk-xt-1M-1000-120-2	1471	9305	1	2	.5	0	25	2.25809676243210941164011558419945838817E04	100
mysql	pk-xt-1M-1000-120-2	1471	9306	1	2	.75	0	25	2.91832170130174346618478733728206672691E04	100
mysql	pk-xt-1M-1000-120-2	1471	9308	1	2	1	0	25	2.24680938582529725681116000374496769965E04	100
mysql	pk-xt-1M-1000-120-2	1471	9310	1	2	.25	0	50	1.51721869238268995009315301226916876623E04	1100
mysql	pk-xt-1M-1000-120-2	1471	9312	1	2	.5	0	50	1.05981564525391746656821724505701862335E04	800
mysql	pk-xt-1M-1000-120-2	1471	9313	1	2	.75	0	50	3.06618199143538949364192082638684580432E04	1100
mysql	pk-xt-1M-1000-120-2	1471	9315	1	2	1	0	50	4.74271487030974565600604381767816670865E04	100
mysql	pk-xt-1M-1000-120-2	1471	9317	1	2	.25	0	75	1.16154973107613631353877353083807256535E04	1100
mysql	pk-xt-1M-1000-120-2	1471	9319	1	2	.5	0	75	1.24153045613334664138137538676514622218E03	700
mysql	pk-xt-1M-1000-120-2	1471	9321	1	2	.75	0	75	3.37173274112780317875027215327672545177E04	800
mysql	pk-xt-1M-1000-120-2	1471	9323	1	2	1	0	75	6.9525167638726878853524412597900349942E04	1100
mysql	pk-xt-1M-1000-120-2	1471	9329	1	2	.25	0	100	9.77961549337699062360470308081559755916E03	1100
mysql	pk-xt-1M-1000-120-2	1471	9334	1	2	.5	0	100	1.07923088393324140554419666207027720983E04	800
mysql	pk-xt-1M-1000-120-2	1471	9337	1	2	.75	0	100	3.33506808168884809545663148233134465351E04	600
mysql	pk-xt-1M-1000-120-2	1471	9340	1	2	1	0	100	7.09467758069670821348673697666986257593E04	1100

mysql	xt-1M-1000-120-2	1291	401	0	2	.25	0	25	5.05610492050108407612623464225487834259E04	1100
mysql	xt-1M-1000-120-2	1291	422	0	2	.5	0	25	5.05795566730908214887978800289086966997E04	1100
mysql	xt-1M-1000-120-2	1291	462	0	2	.75	0	25	5.0576261501866795134288811273033843189E04	1100
mysql	xt-1M-1000-120-2	1291	482	0	2	1	0	25	5.05534990967664237971939543565966158844E04	1100
mysql	xt-1M-1000-120-2	1291	521	0	2	.25	0	50	5.05248221727086595206551848729374924726E04	1100
mysql	xt-1M-1000-120-2	1291	542	0	2	.5	0	50	5.05165666184797012408143597156969039874E04	1100
mysql	xt-1M-1000-120-2	1291	582	0	2	.75	0	50	5.05240447248742583501490829141945004967E04	1100
mysql	xt-1M-1000-120-2	1291	601	0	2	1	0	50	5.05035583825123449355654582680958689634E04	1100
mysql	xt-1M-1000-120-2	1291	641	0	2	.25	0	75	5.06383717890806155328695756918721956215E04	1100
mysql	xt-1M-1000-120-2	1291	662	0	2	.5	0	75	5.05493181161165984100216815225246928452E04	1100
mysql	xt-1M-1000-120-2	1291	702	0	2	.75	0	75	5.05499590662650602409638554216867469878E04	1100
mysql	xt-1M-1000-120-2	1291	741	0	2	1	0	75	5.05440828740928117565573523654651127775E04	1100
mysql	xt-1M-1000-120-2	1291	762	0	2	.25	0	100	5.05252276518230813235781170023785866979E04	1100
mysql	xt-1M-1000-120-2	1291	802	0	2	.5	0	100	5.04986807299665733128557231908934863131E04	1100
mysql	xt-1M-1000-120-2	1291	841	0	2	.75	0	100	5.05384052271837644154045346421366414739E04	1100
mysql	xt-1M-1000-120-2	1291	862	0	2	1	0	100	5.05458720226444638501611009063808003854E04	1100


oracle	pk-xt-1M-1000-120-2	1610	9266	1	2	.25	0	25	2.30849831332219396724525724438750025704E01	1100
oracle	pk-xt-1M-1000-120-2	1610	9305	1	2	.5	0	25	2.25460793873177912261612753201557204971E01	1100
oracle	pk-xt-1M-1000-120-2	1610	9306	1	2	.75	0	25	2.4777139647164983370261365313288252981E01	1100
oracle	pk-xt-1M-1000-120-2	1610	9308	1	2	1	0	25	2.52440046577611338304172740874753752138E01	1100
oracle	pk-xt-1M-1000-120-2	1610	9310	1	2	.25	0	50	2.01935080402561681629706427760150215776E01	1100
oracle	pk-xt-1M-1000-120-2	1610	9312	1	2	.5	0	50	2.01493639232950792565423908974897224752E01	1100
oracle	pk-xt-1M-1000-120-2	1610	9313	1	2	.75	0	50	2.12493165325240796938910146457316268637E01	1100
oracle	pk-xt-1M-1000-120-2	1610	9315	1	2	1	0	50	1.45345224410997028886100020616107165867E01	1100
oracle	pk-xt-1M-1000-120-2	1610	9317	1	2	.25	0	75	1.40431976174973747515664380861546071488E01	1100
oracle	pk-xt-1M-1000-120-2	1610	9319	1	2	.5	0	75	9.77934639065063426615175564631534190664E00	1100
oracle	pk-xt-1M-1000-120-2	1610	9321	1	2	.75	0	75	1.26481228860035024659988614234537059243E01	1100
oracle	pk-xt-1M-1000-120-2	1610	9323	1	2	1	0	75	9.01379059880774400942310008957080587228E00	1100
oracle	pk-xt-1M-1000-120-2	1610	9329	1	2	.25	0	100	1.30173591509617491318651005541274981644E01	1100
oracle	pk-xt-1M-1000-120-2	1610	9334	1	2	.5	0	100	8.78232845462232675635758379383695007377E00	100
oracle	pk-xt-1M-1000-120-2	1610	9337	1	2	.75	0	100	1.33144352239502865193252498575013102483E01	500
oracle	pk-xt-1M-1000-120-2	1610	9340	1	2	1	0	100	8.53370537764407243392017435292327325553E00	1100

oracle	xt-1M-1000-120-2	610	401	0	2	.25	0	25	1.31580417441926205137917452284532424438E01	1100
oracle	xt-1M-1000-120-2	610	422	0	2	.5	0	25	1.85655481466823490698393146582295930506E01	1100
oracle	xt-1M-1000-120-2	610	462	0	2	.75	0	25	2.28511329099825421497153254600715931952E01	1100
oracle	xt-1M-1000-120-2	610	482	0	2	1	0	25	2.13852302862661415992915647803525286127E01	1100
oracle	xt-1M-1000-120-2	610	521	0	2	.25	0	50	1.26586346729620328452789373352406789738E01	1100
oracle	xt-1M-1000-120-2	610	542	0	2	.5	0	50	1.84048793523402316575253649219338672087E01	1100
oracle	xt-1M-1000-120-2	610	582	0	2	.75	0	50	2.10656311675929410629231890933406146359E01	1100
oracle	xt-1M-1000-120-2	610	601	0	2	1	0	50	2.31701268251967400464302526448571776718E01	1100
oracle	xt-1M-1000-120-2	610	641	0	2	.25	0	75	5.60008280506549961939552040060980596513E01	100
oracle	xt-1M-1000-120-2	610	662	0	2	.5	0	75	2.64903355324902014310792473583217596974E01	1100
oracle	xt-1M-1000-120-2	610	702	0	2	.75	0	75	2.24582961416922234463009878790310992242E01	1100
oracle	xt-1M-1000-120-2	610	741	0	2	1	0	75	2.38116262242722802480777660709121560398E01	1100
oracle	xt-1M-1000-120-2	610	762	0	2	.25	0	100	1.36034171565283708816470297501598906171E01	1100
oracle	xt-1M-1000-120-2	610	802	0	2	.5	0	100	2.02872933364728713327694495446128586845E01	1100
oracle	xt-1M-1000-120-2	610	841	0	2	.75	0	100	2.3371355996337184249697770695707261956E01	1100
oracle	xt-1M-1000-120-2	610	862	0	2	1	0	100	2.2825537591942460555352811383811188607E01	1100


pgsql	pk-xt-1M-1000-120-2	1729	9266	1	2	.25	0	25	6.80715276821928148256202555879667969468E01	1100
pgsql	pk-xt-1M-1000-120-2	1729	9306	1	2	.75	0	25	6.80570455789529206983654404050941527425E01	1100
pgsql	pk-xt-1M-1000-120-2	1729	9308	1	2	1	0	25	8.48403723721662328215707420407037623794E01	600
pgsql	pk-xt-1M-1000-120-2	1729	9315	1	2	1	0	50	1.7231076865856833907721359497276429972E00	1100
pgsql	pk-xt-1M-1000-120-2	1729	9323	1	2	1	0	75	1.70220208545444820305129148635649052559E00	1100
pgsql	pk-xt-1M-1000-120-2	1729	9310	1	2	.25	0	50	6.35212698505967897719969488122424264157E01	1100
pgsql	pk-xt-1M-1000-120-2	1729	9317	1	2	.25	0	75	1.71102617977599499671109568841202958122E00	1100
pgsql	pk-xt-1M-1000-120-2	1729	9329	1	2	.25	0	100	1.67250917180608129597837146473399461476E00	1100

pgsql	xt-1M-1000-120-2	709	401	0	2	.25	0	25	3.79731119121277074927421098807028080276E01	200
pgsql	xt-1M-1000-120-2	709	422	0	2	.5	0	25	3.62924046518837213550516736302160831496E01	200
pgsql	xt-1M-1000-120-2	709	462	0	2	.75	0	25	2.72375318003160961456879373588975979637E01	700
pgsql	xt-1M-1000-120-2	709	482	0	2	1	0	25	2.64243655904454116306316939788810217601E01	400
pgsql	xt-1M-1000-120-2	709	521	0	2	.25	0	50	2.74762023317684406287111791024632999761E01	100
pgsql	xt-1M-1000-120-2	709	542	0	2	.5	0	50	3.93103913108011001661566887354942797412E01	300
pgsql	xt-1M-1000-120-2	709	582	0	2	.75	0	50	4.79770182675547879314202525194142958773E01	1100
pgsql	xt-1M-1000-120-2	709	601	0	2	1	0	50	2.67693045521853909304030577796323825586E01	600
pgsql	xt-1M-1000-120-2	709	641	0	2	.25	0	75	3.2430750969586414723042762930655680988E01	400
pgsql	xt-1M-1000-120-2	709	662	0	2	.5	0	75	8.16613711921507710584418131910295118059E00	200
pgsql	xt-1M-1000-120-2	709	702	0	2	.75	0	75	2.81228222938892706040996789477092670251E01	200
pgsql	xt-1M-1000-120-2	709	741	0	2	1	0	75	4.02187835127916565389674371571201824026E01	1100
pgsql	xt-1M-1000-120-2	709	762	0	2	.25	0	100	2.2890022845320834830655992986158367039E01	200
pgsql	xt-1M-1000-120-2	709	802	0	2	.5	0	100	2.13205238647672636960020697520884344871E01	200
pgsql	xt-1M-1000-120-2	709	841	0	2	.75	0	100	3.20161154899979604052412496099911173886E01	300
pgsql	xt-1M-1000-120-2	709	862	0	2	1	0	100	4.03959827491372443569218652281263382678E01	200


sqlserver	pk-xt-30K-1000-120-2	1110	7026	1	2	.25	0	25	2.21924814512541526913465095184855923211E02	700
sqlserver	pk-xt-30K-1000-120-2	1110	7046	1	2	.5	0	25	2.06757190900965973970291400468733403591E02	700
sqlserver	pk-xt-30K-1000-120-2	1110	7066	1	2	.75	0	25	2.36567942765956636490701562624966199619E02	700
sqlserver	pk-xt-30K-1000-120-2	1110	7086	1	2	1	0	25	2.14919263279552564803971832289029862531E02	700
sqlserver	pk-xt-30K-1000-120-2	1110	7106	1	2	.25	0	50	1.45720023367927700097929060614531482898E02	600
sqlserver	pk-xt-30K-1000-120-2	1110	7126	1	2	.5	0	50	1.05553480226810531217618905033716483058E02	400
sqlserver	pk-xt-30K-1000-120-2	1110	7146	1	2	.75	0	50	1.18215937755849766439083148191976551325E02	700
sqlserver	pk-xt-30K-1000-120-2	1110	7166	1	2	1	0	50	1.30353056000555958931429560075778360601E02	200
sqlserver	pk-xt-30K-1000-120-2	1110	7186	1	2	.25	0	75	9.7430100671997528525696198471953413756E01	100
sqlserver	pk-xt-30K-1000-120-2	1110	7206	1	2	.5	0	75	9.93890182548344134148689217078319764152E01	100
sqlserver	pk-xt-30K-1000-120-2	1110	7226	1	2	.75	0	75	1.11568786227494045664431040575528774784E02	300
sqlserver	pk-xt-30K-1000-120-2	1110	7266	1	2	1	0	75	1.56971050373347933975172107332854958267E02	100
sqlserver	pk-xt-30K-1000-120-2	1110	7287	1	2	.25	0	100	9.27074028515533842386362792757404287882E01	600
sqlserver	pk-xt-30K-1000-120-2	1110	7307	1	2	.5	0	100	9.21137643129119467433065299301634072485E01	400
sqlserver	pk-xt-30K-1000-120-2	1110	7326	1	2	.75	0	100	1.05511573693972096078214967334160634635E02	600
sqlserver	pk-xt-30K-1000-120-2	1110	7346	1	2	1	0	100	1.00377643621697088784321836703035317235E02	400

sqlserver	xt-30K-1000-120-2	989	6066	0	2	.25	0	25	1.46603486797003411221514648429433968497E02	700
sqlserver	xt-30K-1000-120-2	989	6086	0	2	.5	0	25	9.78309167674748489965351682510603999936E01	700
sqlserver	xt-30K-1000-120-2	989	6106	0	2	.75	0	25	1.08022075815278373040503337045356452382E02	300
sqlserver	xt-30K-1000-120-2	989	6107	0	2	1	0	25	1.10182211916262576120022641900826652685E02	100
sqlserver	xt-30K-1000-120-2	989	6126	0	2	.25	0	50	1.03435599061358672592916570587758951946E02	600
sqlserver	xt-30K-1000-120-2	989	6146	0	2	.5	0	50	1.76455999898162811347180139688584165577E02	700
sqlserver	xt-30K-1000-120-2	989	6166	0	2	.75	0	50	2.08784569599039987803123728211301045218E02	700
sqlserver	xt-30K-1000-120-2	989	6167	0	2	1	0	50	2.10073967979272931750542053231559903896E02	700
sqlserver	xt-30K-1000-120-2	989	6186	0	2	.25	0	75	1.88154728229952291042093470468957766928E02	700
sqlserver	xt-30K-1000-120-2	989	6188	0	2	.5	0	75	1.9607522854604463945750911101843961344E02	700
sqlserver	xt-30K-1000-120-2	989	6206	0	2	.75	0	75	1.85539038206490382814197618744333465708E02	700
sqlserver	xt-30K-1000-120-2	989	6226	0	2	1	0	75	1.92550261548682921468654073225000909778E02	700
sqlserver	xt-30K-1000-120-2	989	6246	0	2	.25	0	100	1.71829175592750908753854327924209483312E02	700
sqlserver	xt-30K-1000-120-2	989	6247	0	2	.5	0	100	1.15290327892703684877577160496976184738E02	300
sqlserver	xt-30K-1000-120-2	989	6266	0	2	.75	0	100	1.1702800296043836393097249917049741163E02	300
sqlserver	xt-30K-1000-120-2	989	6267	0	2	1	0	100	1.34097818682909491476232460396781127764E02	100

