-- num procs = 1

db2	pk-xt-1M-1000-120-1	1351	8547	1	1	.5	1	0	4.39985714255244961090470550224865634776E01	300
db2	xt-1M-1000-120-1	689	4124	0	1	.5	1	0	3.92596532517814035572898990317632536739E01	200

mysql	pk-xt-1M-1000-120-1	1290	8547	1	1	.5	1	0	4.77849329217378102780800080969611092837E03	1100
mysql	xt-1M-1000-120-1	1289	4124	0	1	.5	1	0	1.25863472839956252278527160043747721473E05	200

oracle	pk-xt-1M-1000-120-1	1329	8547	1	1	.5	1	0	1.14596843167420311277774820052982118391E02	1100
oracle	xt-1M-1000-120-1	889	4124	0	1	.5	1	0	1.18826238322880575413359063198982500768E03	500

pgsql	pk-xt-1M-1000-120-1	1129	8547	1	1	.5	1	0	5.846705249669696386246091130601052988E03	1100
pgsql	xt-1M-1000-120-1	969	4124	0	1	.5	1	0	5.61766016387845681119836121543188801639E04	700

sqlserver	pk-xt-30K-1000-120-1	869	5085	1	1	.5	1	0	1.60052231887821345105167488963905479097E04	600
sqlserver	xt-30K-1000-120-1	611	1002	0	1	.5	1	0	1.49704087076710435383552176917760884589E04	600

---


-- num procs = 2
db2	pk-xt-1M-1000-120-2	1710	9306	1	2	.75	0	25	4.37203468413121273620637027987277408249E01	700
db2	xt-1M-1000-120-2	949	462	0	2	.75	0	25	4.02959370698369898653101828550206267167E01	700

mysql	pk-xt-1M-1000-120-2	1471	9306	1	2	.75	0	25	2.91832170130174346618478733728206672691E04	100
mysql	xt-1M-1000-120-2	1291	462	0	2	.75	0	25	5.0576261501866795134288811273033843189E04	1100

oracle	pk-xt-1M-1000-120-2	1610	9306	1	2	.75	0	25	2.4777139647164983370261365313288252981E01	1100
oracle	xt-1M-1000-120-2	610	462	0	2	.75	0	25	2.28511329099825421497153254600715931952E01	1100

pgsql	pk-xt-1M-1000-120-2	1729	9306	1	2	.75	0	25	6.80570455789529206983654404050941527425E01	1100
pgsql	xt-1M-1000-120-2	709	462	0	2	.75	0	25	2.72375318003160961456879373588975979637E01	700

sqlserver	pk-xt-30K-1000-120-2	1110	7066	1	2	.75	0	25	2.36567942765956636490701562624966199619E02	700
sqlserver	xt-30K-1000-120-2	989	6106	0	2	.75	0	25	1.08022075815278373040503337045356452382E02	300

-- reads

db2	pk-xt-1M-1000-120-1	1351	8186	1	1	1	.1	0	6.64763794814015795423401641587461985013E01	1100
db2	xt-1M-1000-120-1	689	2561	0	1	1	.1	0	5.33847540684071176784041066747816915267E01	100

mysql	pk-xt-1M-1000-120-1	1290	8186	1	1	1	.1	0	5.87919722116908909113410324458858726719E02	1100
mysql	xt-1M-1000-120-1	1289	2561	0	1	1	.1	0	7.18810106382978723404255319148936170213E04	200

oracle	pk-xt-1M-1000-120-1	1329	8186	1	1	1	.1	0	1.04375039709129801844219846675991864412E02	1100
oracle	xt-1M-1000-120-1	889	2561	0	1	1	.1	0	1.67640446066979823437635191899231621578E03	400

pgsql	pk-xt-1M-1000-120-1	1129	8186	1	1	1	.1	0	6.16108264599920017184080974742544396576E02	1100
pgsql	xt-1M-1000-120-1	969	2561	0	1	1	.1	0	5.15418135116519343358971415451727700609E04	1100

sqlserver	pk-xt-30K-1000-120-1	869	4845	1	1	1	.1	0	1.37913276831965327356656227272052602674E04	800
sqlserver	xt-30K-1000-120-1	611	642	0	1	1	.1	0	1.57598815843604469384060952130197962776E04	600


