DBMS	EXPERIMENTNAME	RUNID	BATCHSETID	PK	NUMPROCESSORS	ACTROWPOOL	PCTREAD	PCTUPDATE	ATP	MAXMPL
db2	pk-xt-1M-1000-120-1	2309	7207	1	1	.25	0	25	170.903	1100
db2	pk-xt-1M-1000-120-1	2309	7246	1	1	.5	0	25	150.378	1100
db2	pk-xt-1M-1000-120-1	2309	7286	1	1	.75	0	25	149.742	1100
db2	pk-xt-1M-1000-120-1	2309	7306	1	1	1	0	25	157.085	1100
db2	pk-xt-1M-1000-120-1	2309	7327	1	1	.25	0	50	144.093	1100
db2	pk-xt-1M-1000-120-1	2309	7366	1	1	.5	0	50	145.269	1100
db2	pk-xt-1M-1000-120-1	2309	7406	1	1	.75	0	50	147.484	1100
db2	pk-xt-1M-1000-120-1	2309	7427	1	1	1	0	50	147.795	1100
db2	pk-xt-1M-1000-120-1	2309	7467	1	1	.25	0	75	143.369	1100
db2	pk-xt-1M-1000-120-1	2309	7506	1	1	.5	0	75	145.274	1100
db2	pk-xt-1M-1000-120-1	2309	7546	1	1	.75	0	75	147.895	1100
db2	pk-xt-1M-1000-120-1	2309	7587	1	1	1	0	75	150.523	1100
db2	pk-xt-1M-1000-120-1	2309	7627	1	1	.25	0	100	142.52	1100
db2	pk-xt-1M-1000-120-1	2309	7666	1	1	.5	0	100	145.087	1100
db2	pk-xt-1M-1000-120-1	2309	7686	1	1	.75	0	100	147.462	1100
db2	pk-xt-1M-1000-120-1	2309	7706	1	1	1	0	100	149.59	1100
db2	pk-xt-1M-1000-120-1	2309	7726	1	1	.25	.01	0	31609.234	1100
db2	pk-xt-1M-1000-120-1	2309	7747	1	1	.5	.01	0	34508.076	1100
db2	pk-xt-1M-1000-120-1	2309	7786	1	1	1	.01	0	33309.662	1100
db2	pk-xt-1M-1000-120-1	2309	8126	1	1	.25	.1	0	6424.278	1100
db2	pk-xt-1M-1000-120-1	2309	8166	1	1	.75	.1	0	272.523	800
db2	pk-xt-1M-1000-120-1	2309	8186	1	1	1	.1	0	27009.154	800
db2	pk-xt-1M-1000-120-1	2309	8526	1	1	.25	1	0	5249.929	200
db2	pk-xt-1M-1000-120-1	2309	8547	1	1	.5	1	0	13729.003	800
db2	pk-xt-1M-1000-120-1	2309	8567	1	1	.75	1	0	328.286	800
db2	pk-xt-1M-1000-120-1	2309	8586	1	1	1	1	0	6474.761	1100
db2	pk-xt-1M-1000-120-2	2069	9266	1	2	.25	0	25	124.951	1100
db2	pk-xt-1M-1000-120-2	2069	9305	1	2	.5	0	25	107.663	1100
db2	pk-xt-1M-1000-120-2	2069	9306	1	2	.75	0	25	123.548	1100
db2	pk-xt-1M-1000-120-2	2069	9308	1	2	1	0	25	134.318	1100
db2	pk-xt-1M-1000-120-2	2069	9310	1	2	.25	0	50	109.681	1100
db2	pk-xt-1M-1000-120-2	2069	9312	1	2	.5	0	50	108.878	1100
db2	pk-xt-1M-1000-120-2	2069	9313	1	2	.75	0	50	175.563	800
db2	pk-xt-1M-1000-120-2	2069	9315	1	2	1	0	50	123.017	1100
db2	pk-xt-1M-1000-120-2	2069	9317	1	2	.25	0	75	100.138	1100
db2	pk-xt-1M-1000-120-2	2069	9319	1	2	.5	0	75	106.724	1100
db2	pk-xt-1M-1000-120-2	2069	9321	1	2	.75	0	75	106.564	1100
db2	pk-xt-1M-1000-120-2	2069	9323	1	2	1	0	75	108.853	1100
db2	pk-xt-1M-1000-120-2	2069	9329	1	2	.25	0	100	96.863	1100
db2	pk-xt-1M-1000-120-2	2069	9334	1	2	.5	0	100	104.341	1100
db2	pk-xt-1M-1000-120-2	2069	9337	1	2	.75	0	100	108.178	1100
db2	pk-xt-1M-1000-120-2	2069	9340	1	2	1	0	100	108.182	1100
db2	pk-xt-1M-1000-120-2	2069	9341	1	2	.25	.01	0	131934.41	1100
db2	pk-xt-1M-1000-120-2	2069	9434	1	2	.5	.01	0	124584.771	1100
db2	pk-xt-1M-1000-120-2	2069	9436	1	2	.75	.01	0	128129.075	1100
db2	pk-xt-1M-1000-120-2	2069	9439	1	2	1	.01	0	135472.248	1100
db2	pk-xt-1M-1000-120-2	2069	9441	1	2	.25	.1	0	3922.255	1100
db2	pk-xt-1M-1000-120-2	2069	9443	1	2	.5	.1	0	7749.428	200
db2	pk-xt-1M-1000-120-2	2069	9445	1	2	.75	.1	0	10585.021	200
db2	pk-xt-1M-1000-120-2	2069	9447	1	2	1	.1	0	9422.096	1100
db2	pk-xt-1M-1000-120-2	2069	9448	1	2	.25	1	0	3555.683	800
db2	pk-xt-1M-1000-120-2	2069	9450	1	2	.5	1	0	6820.321	200
db2	pk-xt-1M-1000-120-2	2069	9452	1	2	.75	1	0	89.538	1100
db2	pk-xt-1M-1000-120-2	2069	9454	1	2	1	1	0	199.957	1100
db2	pk-xt-1M-1000-120-4	2229	8686	1	4	.25	0	25	51.443	1100
db2	pk-xt-1M-1000-120-4	2229	8766	1	4	.5	0	25	48.499	1100
db2	pk-xt-1M-1000-120-4	2229	8806	1	4	.75	0	25	48.039	1100
db2	pk-xt-1M-1000-120-4	2229	9413	1	4	1	0	25	47.383	1100
db2	pk-xt-1M-1000-120-4	2229	9415	1	4	.25	0	50	48.503	1100
db2	pk-xt-1M-1000-120-4	2229	9417	1	4	.5	0	50	50.437	1100
db2	pk-xt-1M-1000-120-4	2229	9418	1	4	.75	0	50	52.495	1100
db2	pk-xt-1M-1000-120-4	2229	9420	1	4	1	0	50	55.42	1100
db2	pk-xt-1M-1000-120-4	2229	9422	1	4	.25	0	75	49.516	1100
db2	pk-xt-1M-1000-120-4	2229	9424	1	4	.5	0	75	49.351	1100
db2	pk-xt-1M-1000-120-4	2229	9426	1	4	.75	0	75	52.066	1100
db2	pk-xt-1M-1000-120-4	2229	9427	1	4	1	0	75	50.85	1100
db2	pk-xt-1M-1000-120-4	2229	9429	1	4	.25	0	100	49.143	1100
db2	pk-xt-1M-1000-120-4	2229	9431	1	4	.5	0	100	49.547	1100
db2	pk-xt-1M-1000-120-4	2229	9433	1	4	.75	0	100	51.002	1100
db2	pk-xt-1M-1000-120-4	2229	9435	1	4	1	0	100	53.167	1100
db2	pk-xt-1M-1000-120-4	2229	9438	1	4	.25	.01	0	106521.004	1100
db2	pk-xt-1M-1000-120-4	2229	9440	1	4	.5	.01	0	98027.797	1100
db2	pk-xt-1M-1000-120-4	2229	9442	1	4	.75	.01	0	107471.101	1100
db2	pk-xt-1M-1000-120-4	2229	9446	1	4	.25	.1	0	62.606	1100
db2	pk-xt-1M-1000-120-4	2229	9449	1	4	.5	.1	0	65.833	1100
db2	pk-xt-1M-1000-120-4	2229	9451	1	4	.75	.1	0	463.323	1100
db2	pk-xt-1M-1000-120-4	2229	9453	1	4	1	.1	0	137.531	500
db2	pk-xt-1M-1000-120-4	2229	9455	1	4	.25	1	0	97.632	600
db2	pk-xt-1M-1000-120-4	2229	9457	1	4	.75	1	0	787.076	1100
db2	pk-xt-1M-1000-120-4	2229	9458	1	4	1	1	0	104.881	400
db2	pk-xt-1M-1000-120-6	3009	9546	1	6	.25	0	25	17827.066	200
db2	pk-xt-1M-1000-120-6	3009	9566	1	6	.5	0	25	121344.732	1100
db2	pk-xt-1M-1000-120-6	3009	9568	1	6	.75	0	25	123287.311	1100
db2	pk-xt-1M-1000-120-6	3009	9570	1	6	1	0	25	127231.459	1100
db2	pk-xt-1M-1000-120-6	3009	9572	1	6	.25	0	50	120077.152	1100
db2	pk-xt-1M-1000-120-6	3009	9574	1	6	.5	0	50	123.255	1100
db2	pk-xt-1M-1000-120-6	3009	9587	1	6	.75	0	50	6.128	1100
db2	pk-xt-1M-1000-120-6	3009	9589	1	6	1	0	50	6.074	1100
db2	pk-xt-1M-1000-120-6	3009	9591	1	6	.25	0	75	6.078	1100
db2	pk-xt-1M-1000-120-6	3009	9593	1	6	.5	0	75	6.044	1100
db2	pk-xt-1M-1000-120-6	3009	9595	1	6	.75	0	75	6.04	1100
db2	pk-xt-1M-1000-120-6	3009	9597	1	6	1	0	75	6.09	1100
db2	pk-xt-1M-1000-120-6	3009	9607	1	6	.25	0	100	6.027	1100
db2	pk-xt-1M-1000-120-6	3009	9609	1	6	.5	0	100	6.044	1100
db2	pk-xt-1M-1000-120-6	3009	9611	1	6	.75	0	100	401286.921	100
db2	pk-xt-1M-1000-120-6	3009	9614	1	6	1	0	100	131471.353	1100
db2	pk-xt-1M-1000-120-6	3009	9626	1	6	.25	.01	0	112303.532	1100
db2	pk-xt-1M-1000-120-6	3009	9628	1	6	.5	.01	0	108554.162	1100
db2	pk-xt-1M-1000-120-6	3009	9630	1	6	.75	.01	0	106928.124	1100
db2	pk-xt-1M-1000-120-6	3009	9632	1	6	1	.01	0	113428.75	1100
db2	pk-xt-1M-1000-120-6	3009	9647	1	6	.25	.1	0	1210.231	800
db2	pk-xt-1M-1000-120-6	3009	9649	1	6	.5	.1	0	3886.938	600
db2	pk-xt-1M-1000-120-6	3009	9651	1	6	.75	.1	0	7157.039	100
db2	pk-xt-1M-1000-120-6	3009	9653	1	6	1	.1	0	15619.185	1100
db2	pk-xt-1M-1000-120-6	3009	9666	1	6	.25	1	0	1675.434	400
db2	pk-xt-1M-1000-120-6	3009	9668	1	6	.5	1	0	69.956	1100
db2	pk-xt-1M-1000-120-6	3009	9670	1	6	.75	1	0	80.637	1100
db2	pk-xt-1M-1000-120-6	3009	9672	1	6	1	1	0	2710.771	100
db2	pk-xt-1M-1000-120-8	2289	9295	1	8	.25	0	25	66.381	1100
db2	pk-xt-1M-1000-120-8	2289	9304	1	8	.5	0	25	50.918	1100
db2	pk-xt-1M-1000-120-8	2289	9307	1	8	.75	0	25	51.069	1100
db2	pk-xt-1M-1000-120-8	2289	9309	1	8	1	0	25	52.584	1100
db2	pk-xt-1M-1000-120-8	2289	9311	1	8	.25	0	50	51.205	1100
db2	pk-xt-1M-1000-120-8	2289	9314	1	8	.5	0	50	51.985	1100
db2	pk-xt-1M-1000-120-8	2289	9316	1	8	.75	0	50	52.849	1100
db2	pk-xt-1M-1000-120-8	2289	9318	1	8	1	0	50	52.391	1100
db2	pk-xt-1M-1000-120-8	2289	9320	1	8	.25	0	75	49.549	1100
db2	pk-xt-1M-1000-120-8	2289	9322	1	8	.5	0	75	50.918	1100
db2	pk-xt-1M-1000-120-8	2289	9328	1	8	.75	0	75	51.571	1100
db2	pk-xt-1M-1000-120-8	2289	9336	1	8	1	0	75	51.682	1100
db2	pk-xt-1M-1000-120-8	2289	9339	1	8	.25	0	100	49.272	1100
db2	pk-xt-1M-1000-120-8	2289	9348	1	8	.5	0	100	51.011	1100
db2	pk-xt-1M-1000-120-8	2289	9353	1	8	.75	0	100	51.316	1100
db2	pk-xt-1M-1000-120-8	2289	9355	1	8	1	0	100	52.17	1100
db2	pk-xt-1M-1000-120-8	2289	9409	1	8	.25	.01	0	22098.946	1100
db2	pk-xt-1M-1000-120-8	2289	9412	1	8	.5	.01	0	331.958	1100
db2	pk-xt-1M-1000-120-8	2289	9414	1	8	.75	.01	0	5.797	1100
db2	pk-xt-1M-1000-120-8	2289	9416	1	8	1	.01	0	5.627	1100
db2	pk-xt-1M-1000-120-8	2289	9419	1	8	.25	.1	0	5.519	1100
db2	pk-xt-1M-1000-120-8	2289	9421	1	8	.5	.1	0	5.627	1100
db2	pk-xt-1M-1000-120-8	2289	9423	1	8	.75	.1	0	5.459	1100
db2	pk-xt-1M-1000-120-8	2289	9425	1	8	1	.1	0	5.51	1100
db2	pk-xt-1M-1000-120-8	2289	9428	1	8	.25	1	0	5.554	1100
db2	pk-xt-1M-1000-120-8	2289	9430	1	8	.5	1	0	5.601	1100
db2	pk-xt-1M-1000-120-8	2289	9432	1	8	.75	1	0	5.807	1100
db2	pk-xt-1M-1000-120-8	2289	9437	1	8	1	1	0	5.717	1100
db2	xt-1M-1000-120-1	2389	1602	0	1	.25	0	25	151.449	1100
db2	xt-1M-1000-120-1	2389	1623	0	1	.5	0	25	166.807	1100
db2	xt-1M-1000-120-1	2389	1661	0	1	.75	0	25	167.626	1100
db2	xt-1M-1000-120-1	2389	1683	0	1	1	0	25	162.141	1100
db2	xt-1M-1000-120-1	2389	1723	0	1	.25	0	50	157.714	1100
db2	xt-1M-1000-120-1	2389	1763	0	1	.5	0	50	154.699	1100
db2	xt-1M-1000-120-1	2389	1801	0	1	.75	0	50	158.682	1100
db2	xt-1M-1000-120-1	2389	1842	0	1	1	0	50	160.043	1100
db2	xt-1M-1000-120-1	2389	1882	0	1	.25	0	75	150.673	1100
db2	xt-1M-1000-120-1	2389	1902	0	1	.5	0	75	152.681	1100
db2	xt-1M-1000-120-1	2389	1923	0	1	.75	0	75	154.111	1100
db2	xt-1M-1000-120-1	2389	1943	0	1	1	0	75	156.162	1100
db2	xt-1M-1000-120-1	2389	1983	0	1	.25	0	100	148.103	1100
db2	xt-1M-1000-120-1	2389	2022	0	1	.5	0	100	152.333	1100
db2	xt-1M-1000-120-1	2389	2043	0	1	.75	0	100	152.465	1100
db2	xt-1M-1000-120-1	2389	2083	0	1	1	0	100	154.712	1100
db2	xt-1M-1000-120-1	2389	2123	0	1	.25	.01	0	45064.788	1100
db2	xt-1M-1000-120-1	2389	2142	0	1	.5	.01	0	50047.204	1100
db2	xt-1M-1000-120-1	2389	2144	0	1	.75	.01	0	85655.182	1100
db2	xt-1M-1000-120-1	2389	2147	0	1	1	.01	0	108833.593	1100
db2	xt-1M-1000-120-1	2389	2503	0	1	.25	.1	0	8135.396	500
db2	xt-1M-1000-120-1	2389	2522	0	1	.5	.1	0	13654.583	500
db2	xt-1M-1000-120-1	2389	2561	0	1	1	.1	0	5741.381	800
db2	xt-1M-1000-120-1	2389	4105	0	1	.25	1	0	5241.631	500
db2	xt-1M-1000-120-1	2389	4124	0	1	.5	1	0	10757.81	100
db2	xt-1M-1000-120-1	2389	4125	0	1	.75	1	0	15741.42	400
db2	xt-1M-1000-120-1	2389	4144	0	1	1	1	0	15097.201	1100
db2	xt-1M-1000-120-2	2249	401	0	2	.25	0	25	109.997	1100
db2	xt-1M-1000-120-2	2249	422	0	2	.5	0	25	126.759	1100
db2	xt-1M-1000-120-2	2249	462	0	2	.75	0	25	130.944	1100
db2	xt-1M-1000-120-2	2249	482	0	2	1	0	25	126.915	1100
db2	xt-1M-1000-120-2	2249	521	0	2	.25	0	50	105.742	1100
db2	xt-1M-1000-120-2	2249	542	0	2	.5	0	50	113.553	1100
db2	xt-1M-1000-120-2	2249	582	0	2	.75	0	50	113.562	1100
db2	xt-1M-1000-120-2	2249	601	0	2	1	0	50	119.719	1100
db2	xt-1M-1000-120-2	2249	641	0	2	.25	0	75	106.689	1100
db2	xt-1M-1000-120-2	2249	662	0	2	.5	0	75	107.985	1100
db2	xt-1M-1000-120-2	2249	702	0	2	.75	0	75	108.594	1100
db2	xt-1M-1000-120-2	2249	741	0	2	1	0	75	116.528	1100
db2	xt-1M-1000-120-2	2249	762	0	2	.25	0	100	102.858	1100
db2	xt-1M-1000-120-2	2249	802	0	2	.5	0	100	107.297	1100
db2	xt-1M-1000-120-2	2249	841	0	2	.75	0	100	109.012	1100
db2	xt-1M-1000-120-2	2249	862	0	2	1	0	100	107.397	1100
db2	xt-1M-1000-120-2	2249	902	0	2	.25	.01	0	130005.228	1100
db2	xt-1M-1000-120-2	2249	941	0	2	.5	.01	0	122222.468	1100
db2	xt-1M-1000-120-2	2249	962	0	2	.75	.01	0	123204.156	1100
db2	xt-1M-1000-120-2	2249	1001	0	2	1	.01	0	129912.706	1100
db2	xt-1M-1000-120-2	2249	1441	0	2	.25	.1	0	6532.89	1100
db2	xt-1M-1000-120-2	2249	1461	0	2	.5	.1	0	10032.328	800
db2	xt-1M-1000-120-2	2249	1482	0	2	.75	.1	0	8735.297	1100
db2	xt-1M-1000-120-2	2249	1501	0	2	1	.1	0	9738.024	1100
db2	xt-1M-1000-120-2	2249	1821	0	2	.25	1	0	3186.5	600
db2	xt-1M-1000-120-2	2249	1841	0	2	.5	1	0	667.224	200
db2	xt-1M-1000-120-2	2249	1881	0	2	1	1	0	1901.376	400
db2	xt-1M-1000-120-4	2349	2203	0	4	.25	0	25	50.283	1100
db2	xt-1M-1000-120-4	2349	2222	0	4	.5	0	25	53.857	700
db2	xt-1M-1000-120-4	2349	2224	0	4	.75	0	25	60.067	1100
db2	xt-1M-1000-120-4	2349	2225	0	4	1	0	25	57.165	1100
db2	xt-1M-1000-120-4	2349	2228	0	4	.25	0	50	52.335	1100
db2	xt-1M-1000-120-4	2349	2242	0	4	.5	0	50	52.659	1100
db2	xt-1M-1000-120-4	2349	2261	0	4	.75	0	50	54.769	1100
db2	xt-1M-1000-120-4	2349	2263	0	4	1	0	50	54.994	1100
db2	xt-1M-1000-120-4	2349	2283	0	4	.25	0	75	51.617	1100
db2	xt-1M-1000-120-4	2349	2301	0	4	.5	0	75	49.553	1100
db2	xt-1M-1000-120-4	2349	2304	0	4	.75	0	75	52.188	1100
db2	xt-1M-1000-120-4	2349	2322	0	4	1	0	75	59.035	1100
db2	xt-1M-1000-120-4	2349	2323	0	4	.25	0	100	52.592	1100
db2	xt-1M-1000-120-4	2349	2326	0	4	.5	0	100	50.705	1100
db2	xt-1M-1000-120-4	2349	2342	0	4	.75	0	100	53.526	1100
db2	xt-1M-1000-120-4	2349	2344	0	4	1	0	100	53.903	1100
db2	xt-1M-1000-120-4	2349	2362	0	4	.25	.01	0	97.533	1100
db2	xt-1M-1000-120-4	2349	2387	0	4	1	.01	0	32902.69	400
db2	xt-1M-1000-120-4	2349	3003	0	4	.25	.1	0	1702.256	400
db2	xt-1M-1000-120-4	2349	3004	0	4	.5	.1	0	3557.399	1100
db2	xt-1M-1000-120-6	3089	9771	0	6	.25	0	25	47993.777	1100
db2	xt-1M-1000-120-6	3089	9772	0	6	.5	0	25	43069.004	1100
db2	xt-1M-1000-120-6	3089	9773	0	6	.75	0	25	37989.842	800
db2	xt-1M-1000-120-6	3089	9774	0	6	1	0	25	227.135	1100
db2	xt-1M-1000-120-6	3089	9775	0	6	.25	0	50	5.715	1100
db2	xt-1M-1000-120-6	3089	9786	0	6	.5	0	50	5.705	1100
db2	xt-1M-1000-120-6	3089	9787	0	6	.75	0	50	5.682	1100
db2	xt-1M-1000-120-6	3089	9788	0	6	1	0	50	5.704	1100
db2	xt-1M-1000-120-6	3089	9789	0	6	.25	0	75	5.668	1100
db2	xt-1M-1000-120-6	3089	9790	0	6	.5	0	75	5.594	1100
db2	xt-1M-1000-120-6	3089	9791	0	6	.75	0	75	5.716	1100
db2	xt-1M-1000-120-6	3089	9792	0	6	1	0	75	5.642	1100
db2	xt-1M-1000-120-6	3089	9806	0	6	.25	0	100	5.647	1100
db2	xt-1M-1000-120-6	3089	9807	0	6	.5	0	100	5.628	1100
db2	xt-1M-1000-120-6	3089	9808	0	6	.75	0	100	5.641	1100
db2	xt-1M-1000-120-6	3089	9809	0	6	1	0	100	62054.686	1100
db2	xt-1M-1000-120-6	3089	9810	0	6	.25	.01	0	6300.377	700
db2	xt-1M-1000-120-6	3089	9811	0	6	.5	.01	0	118694.629	1100
db2	xt-1M-1000-120-6	3089	9812	0	6	.75	.01	0	113410.657	600
db2	xt-1M-1000-120-6	3089	9813	0	6	1	.01	0	115648.253	1100
db2	xt-1M-1000-120-6	3089	9814	0	6	.25	.1	0	734.827	800
db2	xt-1M-1000-120-6	3089	9815	0	6	.5	.1	0	48.879	1100
db2	xt-1M-1000-120-6	3089	9816	0	6	.75	.1	0	7793.636	1100
db2	xt-1M-1000-120-6	3089	9817	0	6	1	.1	0	249.056	1100
db2	xt-1M-1000-120-6	3089	9826	0	6	.25	1	0	1062.778	1100
db2	xt-1M-1000-120-6	3089	9827	0	6	.5	1	0	1732.254	700
db2	xt-1M-1000-120-6	3089	9828	0	6	.75	1	0	2814.872	1100
db2	xt-1M-1000-120-6	3089	9829	0	6	1	1	0	2951.293	100
db2	xt-1M-1000-120-8	2369	3764	0	8	.25	0	25	47.188	1100
db2	xt-1M-1000-120-8	2369	3804	0	8	.5	0	25	49.434	1100
db2	xt-1M-1000-120-8	2369	3806	0	8	.75	0	25	50.227	1100
db2	xt-1M-1000-120-8	2369	3823	0	8	1	0	25	51.701	1100
db2	xt-1M-1000-120-8	2369	3843	0	8	.25	0	50	47.917	1100
db2	xt-1M-1000-120-8	2369	3863	0	8	.5	0	50	49.416	1100
db2	xt-1M-1000-120-8	2369	4164	0	8	.75	0	50	50.609	1100
db2	xt-1M-1000-120-8	2369	4184	0	8	1	0	50	50.761	1100
db2	xt-1M-1000-120-8	2369	4204	0	8	.25	0	75	48.558	1100
db2	xt-1M-1000-120-8	2369	4224	0	8	.5	0	75	49.277	1100
db2	xt-1M-1000-120-8	2369	4244	0	8	.75	0	75	50.288	1100
db2	xt-1M-1000-120-8	2369	4265	0	8	1	0	75	50.627	1100
db2	xt-1M-1000-120-8	2369	4384	0	8	.25	0	100	48.387	1100
db2	xt-1M-1000-120-8	2369	4604	0	8	.5	0	100	49.33	1100
db2	xt-1M-1000-120-8	2369	4625	0	8	.75	0	100	50.658	1100
db2	xt-1M-1000-120-8	2369	4724	0	8	1	0	100	49.723	1100
db2	xt-1M-1000-120-8	2369	4765	0	8	.25	.01	0	143991.862	1100
db2	xt-1M-1000-120-8	2369	4805	0	8	.5	.01	0	5.72	1100
db2	xt-1M-1000-120-8	2369	4824	0	8	.75	.01	0	5.662	1100
db2	xt-1M-1000-120-8	2369	4844	0	8	1	.01	0	5.625	1100
db2	xt-1M-1000-120-8	2369	5205	0	8	.25	.1	0	5.601	1100
db2	xt-1M-1000-120-8	2369	5245	0	8	.5	.1	0	5.558	1100
db2	xt-1M-1000-120-8	2369	5284	0	8	.75	.1	0	5.645	1100
db2	xt-1M-1000-120-8	2369	5304	0	8	1	.1	0	5.699	1100
db2	xt-1M-1000-120-8	2369	5606	0	8	.25	1	0	5.716	1100
db2	xt-1M-1000-120-8	2369	5608	0	8	.5	1	0	5.853	1100
db2	xt-1M-1000-120-8	2369	5626	0	8	.75	1	0	2319.747	1100
mysql	pk-xt-1M-1000-120-1	2469	7207	1	1	.25	0	25	14746.39	1100
mysql	pk-xt-1M-1000-120-1	2469	7246	1	1	.5	0	25	23879.752	100
mysql	pk-xt-1M-1000-120-1	2469	7286	1	1	.75	0	25	20888.806	100
mysql	pk-xt-1M-1000-120-1	2469	7306	1	1	1	0	25	20620.185	100
mysql	pk-xt-1M-1000-120-1	2469	7327	1	1	.25	0	50	13430.092	1100
mysql	pk-xt-1M-1000-120-1	2469	7366	1	1	.5	0	50	12781.762	1100
mysql	pk-xt-1M-1000-120-1	2469	7406	1	1	.75	0	50	41775.258	100
mysql	pk-xt-1M-1000-120-1	2469	7427	1	1	1	0	50	38711.89	100
mysql	pk-xt-1M-1000-120-1	2469	7467	1	1	.25	0	75	13302.706	1100
mysql	pk-xt-1M-1000-120-1	2469	7506	1	1	.5	0	75	12618.556	1100
mysql	pk-xt-1M-1000-120-1	2469	7546	1	1	.75	0	75	54847.659	100
mysql	pk-xt-1M-1000-120-1	2469	7587	1	1	1	0	75	60603.769	1100
mysql	pk-xt-1M-1000-120-1	2469	7627	1	1	.25	0	100	27942.728	1100
mysql	pk-xt-1M-1000-120-1	2469	7666	1	1	.5	0	100	12690.107	1100
mysql	pk-xt-1M-1000-120-1	2469	7686	1	1	.75	0	100	48751.728	700
mysql	pk-xt-1M-1000-120-1	2469	7706	1	1	1	0	100	62686.289	1100
mysql	pk-xt-1M-1000-120-1	2469	7726	1	1	.25	.01	0	139.78	1100
mysql	pk-xt-1M-1000-120-1	2469	7747	1	1	.5	.01	0	139.994	1100
mysql	pk-xt-1M-1000-120-1	2469	7766	1	1	.75	.01	0	139.563	1100
mysql	pk-xt-1M-1000-120-1	2469	7786	1	1	1	.01	0	140.293	1100
mysql	pk-xt-1M-1000-120-1	2469	8126	1	1	.25	.1	0	459.675	1100
mysql	pk-xt-1M-1000-120-1	2469	8146	1	1	.5	.1	0	459.679	1100
mysql	pk-xt-1M-1000-120-1	2469	8166	1	1	.75	.1	0	471.182	1100
mysql	pk-xt-1M-1000-120-1	2469	8186	1	1	1	.1	0	487.985	1100
mysql	pk-xt-1M-1000-120-1	2469	8526	1	1	.25	1	0	4267.305	1100
mysql	pk-xt-1M-1000-120-1	2469	8547	1	1	.5	1	0	4281.835	1100
mysql	pk-xt-1M-1000-120-1	2469	8567	1	1	.75	1	0	4692.332	1100
mysql	pk-xt-1M-1000-120-2	2390	9266	1	2	.25	0	25	8142.452	1100
mysql	pk-xt-1M-1000-120-2	2390	9305	1	2	.5	0	25	22648.175	100
mysql	pk-xt-1M-1000-120-2	2390	9306	1	2	.75	0	25	24458.729	100
mysql	pk-xt-1M-1000-120-2	2390	9308	1	2	1	0	25	19193.093	100
mysql	pk-xt-1M-1000-120-2	2390	9310	1	2	.25	0	50	21163.025	1100
mysql	pk-xt-1M-1000-120-2	2390	9312	1	2	.5	0	50	11206.899	1100
mysql	pk-xt-1M-1000-120-2	2390	9313	1	2	.75	0	50	46019.408	100
mysql	pk-xt-1M-1000-120-2	2390	9315	1	2	1	0	50	37316.42	100
mysql	pk-xt-1M-1000-120-2	2390	9317	1	2	.25	0	75	12530.644	600
mysql	pk-xt-1M-1000-120-2	2390	9319	1	2	.5	0	75	10856.929	1100
mysql	pk-xt-1M-1000-120-2	2390	9321	1	2	.75	0	75	65742.562	1100
mysql	pk-xt-1M-1000-120-2	2390	9323	1	2	1	0	75	65784.799	1100
mysql	pk-xt-1M-1000-120-2	2390	9329	1	2	.25	0	100	22117.537	1100
mysql	pk-xt-1M-1000-120-2	2390	9334	1	2	.5	0	100	8008.868	1100
mysql	pk-xt-1M-1000-120-2	2390	9337	1	2	.75	0	100	28588.978	800
mysql	pk-xt-1M-1000-120-2	2390	9340	1	2	1	0	100	64740.607	1100
mysql	pk-xt-1M-1000-120-2	2390	9436	1	2	.75	.01	0	81.611	700
mysql	pk-xt-1M-1000-120-2	2390	9441	1	2	.25	.1	0	332.4	1100
mysql	pk-xt-1M-1000-120-2	2390	9443	1	2	.5	.1	0	315.814	1100
mysql	pk-xt-1M-1000-120-2	2390	9445	1	2	.75	.1	0	302.944	1100
mysql	pk-xt-1M-1000-120-2	2390	9447	1	2	1	.1	0	319.474	1100
mysql	pk-xt-1M-1000-120-2	2390	9448	1	2	.25	1	0	4405.249	1100
mysql	pk-xt-1M-1000-120-2	2390	9450	1	2	.5	1	0	4890.137	1100
mysql	pk-xt-1M-1000-120-2	2390	9452	1	2	.75	1	0	5416.62	1100
mysql	pk-xt-1M-1000-120-2	2390	9454	1	2	1	1	0	5949.769	1100
mysql	pk-xt-1M-1000-120-4	2070	8686	1	4	.25	0	25	10701.046	1100
mysql	pk-xt-1M-1000-120-4	2070	8766	1	4	.5	0	25	40353.691	1100
mysql	pk-xt-1M-1000-120-4	2070	8806	1	4	.75	0	25	40362.066	1100
mysql	pk-xt-1M-1000-120-4	2070	9413	1	4	1	0	25	40249.735	1100
mysql	pk-xt-1M-1000-120-4	2070	9415	1	4	.25	0	50	40233.66	1100
mysql	pk-xt-1M-1000-120-4	2070	9417	1	4	.5	0	50	40352.277	1100
mysql	pk-xt-1M-1000-120-4	2070	9418	1	4	.75	0	50	40206.169	1100
mysql	pk-xt-1M-1000-120-4	2070	9420	1	4	1	0	50	40298.132	1100
mysql	pk-xt-1M-1000-120-4	2070	9422	1	4	.25	0	75	11772.344	1100
mysql	pk-xt-1M-1000-120-4	2070	9424	1	4	.5	0	75	16779.149	1100
mysql	pk-xt-1M-1000-120-4	2070	9426	1	4	.75	0	75	40195.512	1100
mysql	pk-xt-1M-1000-120-4	2070	9427	1	4	1	0	75	40282.959	1100
mysql	pk-xt-1M-1000-120-4	2070	9429	1	4	.25	0	100	40549.731	1100
mysql	pk-xt-1M-1000-120-4	2070	9431	1	4	.5	0	100	40286.562	1100
mysql	pk-xt-1M-1000-120-4	2070	9433	1	4	.75	0	100	40359.676	1100
mysql	pk-xt-1M-1000-120-4	2070	9435	1	4	1	0	100	40272.908	1100
mysql	pk-xt-1M-1000-120-4	2070	9438	1	4	.25	.01	0	118745.669	1100
mysql	pk-xt-1M-1000-120-4	2070	9440	1	4	.5	.01	0	118380.369	1100
mysql	pk-xt-1M-1000-120-4	2070	9442	1	4	.75	.01	0	117389.858	1100
mysql	pk-xt-1M-1000-120-4	2070	9444	1	4	1	.01	0	117578.49	1100
mysql	pk-xt-1M-1000-120-4	2070	9446	1	4	.25	.1	0	119574.447	1100
mysql	pk-xt-1M-1000-120-4	2070	9449	1	4	.5	.1	0	117674.757	1100
mysql	pk-xt-1M-1000-120-4	2070	9451	1	4	.75	.1	0	119123.997	1100
mysql	pk-xt-1M-1000-120-4	2070	9453	1	4	1	.1	0	116137.644	1100
mysql	pk-xt-1M-1000-120-4	2070	9455	1	4	.25	1	0	123615.192	1100
mysql	pk-xt-1M-1000-120-4	2070	9458	1	4	1	1	0	126398.165	1100
mysql	pk-xt-1M-1000-120-6	3010	9546	1	6	.25	0	25	1396.675	1100
mysql	pk-xt-1M-1000-120-6	3010	9566	1	6	.5	0	25	26569.13	100
mysql	pk-xt-1M-1000-120-6	3010	9568	1	6	.75	0	25	27550.701	100
mysql	pk-xt-1M-1000-120-6	3010	9570	1	6	1	0	25	23551.818	100
mysql	pk-xt-1M-1000-120-6	3010	9572	1	6	.25	0	50	3417.927	800
mysql	pk-xt-1M-1000-120-6	3010	9574	1	6	.5	0	50	10651.952	1100
mysql	pk-xt-1M-1000-120-6	3010	9587	1	6	.75	0	50	50107.096	100
mysql	pk-xt-1M-1000-120-6	3010	9589	1	6	1	0	50	44124.26	100
mysql	pk-xt-1M-1000-120-6	3010	9591	1	6	.25	0	75	8043.682	800
mysql	pk-xt-1M-1000-120-6	3010	9593	1	6	.5	0	75	3891.889	1100
mysql	pk-xt-1M-1000-120-6	3010	9595	1	6	.75	0	75	64302.794	600
mysql	pk-xt-1M-1000-120-6	3010	9597	1	6	1	0	75	64398.434	800
mysql	pk-xt-1M-1000-120-6	3010	9607	1	6	.25	0	100	2558.894	800
mysql	pk-xt-1M-1000-120-6	3010	9609	1	6	.5	0	100	1519.08	200
mysql	pk-xt-1M-1000-120-6	3010	9611	1	6	.75	0	100	65116.047	1100
mysql	pk-xt-1M-1000-120-6	3010	9614	1	6	1	0	100	66695.837	1100
mysql	pk-xt-1M-1000-120-6	3010	9626	1	6	.25	.01	0	30.449	1100
mysql	pk-xt-1M-1000-120-6	3010	9628	1	6	.5	.01	0	31.186	1100
mysql	pk-xt-1M-1000-120-6	3010	9630	1	6	.75	.01	0	30.935	1100
mysql	pk-xt-1M-1000-120-6	3010	9632	1	6	1	.01	0	32.538	1100
mysql	pk-xt-1M-1000-120-6	3010	9647	1	6	.25	.1	0	129.949	1100
mysql	pk-xt-1M-1000-120-6	3010	9649	1	6	.5	.1	0	136.869	1100
mysql	pk-xt-1M-1000-120-6	3010	9651	1	6	.75	.1	0	139.21	1100
mysql	pk-xt-1M-1000-120-6	3010	9653	1	6	1	.1	0	139.428	1100
mysql	pk-xt-1M-1000-120-6	3010	9666	1	6	.25	1	0	1752.533	1100
mysql	pk-xt-1M-1000-120-6	3010	9668	1	6	.5	1	0	1983.427	1100
mysql	pk-xt-1M-1000-120-8	2489	9295	1	8	.25	0	25	4145.997	1100
mysql	pk-xt-1M-1000-120-8	2489	9304	1	8	.5	0	25	25218.455	100
mysql	pk-xt-1M-1000-120-8	2489	9307	1	8	.75	0	25	27185.078	100
mysql	pk-xt-1M-1000-120-8	2489	9309	1	8	1	0	25	22735.497	100
mysql	pk-xt-1M-1000-120-8	2489	9311	1	8	.25	0	50	2352.334	1100
mysql	pk-xt-1M-1000-120-8	2489	9314	1	8	.5	0	50	4915.46	1100
mysql	pk-xt-1M-1000-120-8	2489	9316	1	8	.75	0	50	50648.672	100
mysql	pk-xt-1M-1000-120-8	2489	9318	1	8	1	0	50	43275.476	100
mysql	pk-xt-1M-1000-120-8	2489	9320	1	8	.25	0	75	2961.595	1100
mysql	pk-xt-1M-1000-120-8	2489	9322	1	8	.5	0	75	4673.294	1100
mysql	pk-xt-1M-1000-120-8	2489	9328	1	8	.75	0	75	61566.498	1100
mysql	pk-xt-1M-1000-120-8	2489	9336	1	8	1	0	75	64111.748	1100
mysql	pk-xt-1M-1000-120-8	2489	9339	1	8	.25	0	100	3507.991	800
mysql	pk-xt-1M-1000-120-8	2489	9348	1	8	.5	0	100	3537.439	1100
mysql	pk-xt-1M-1000-120-8	2489	9353	1	8	.75	0	100	67181.987	1100
mysql	pk-xt-1M-1000-120-8	2489	9355	1	8	1	0	100	66481.998	1100
mysql	pk-xt-1M-1000-120-8	2489	9409	1	8	.25	.01	0	26.201	1100
mysql	pk-xt-1M-1000-120-8	2489	9412	1	8	.5	.01	0	26.546	1100
mysql	pk-xt-1M-1000-120-8	2489	9414	1	8	.75	.01	0	26.651	1100
mysql	pk-xt-1M-1000-120-8	2489	9416	1	8	1	.01	0	26.846	1100
mysql	pk-xt-1M-1000-120-8	2489	9419	1	8	.25	.1	0	92.735	1100
mysql	pk-xt-1M-1000-120-8	2489	9421	1	8	.5	.1	0	93.735	1100
mysql	pk-xt-1M-1000-120-8	2489	9423	1	8	.75	.1	0	94.722	1100
mysql	pk-xt-1M-1000-120-8	2489	9425	1	8	1	.1	0	97.391	1100
mysql	pk-xt-1M-1000-120-8	2489	9428	1	8	.25	1	0	1321.071	200
mysql	pk-xt-1M-1000-120-8	2489	9430	1	8	.5	1	0	1337.427	200
mysql	pk-xt-1M-1000-120-8	2489	9432	1	8	.75	1	0	1373.713	300
mysql	pk-xt-1M-1000-120-8	2489	9437	1	8	1	1	0	1509.113	1100
mysql	xt-1M-1000-120-1	2609	1602	0	1	.25	0	25	50525.912	1100
mysql	xt-1M-1000-120-1	2609	1623	0	1	.5	0	25	50504.991	1100
mysql	xt-1M-1000-120-1	2609	1661	0	1	.75	0	25	50543.279	1100
mysql	xt-1M-1000-120-1	2609	1683	0	1	1	0	25	50501.607	1100
mysql	xt-1M-1000-120-1	2609	1723	0	1	.25	0	50	50500.925	1100
mysql	xt-1M-1000-120-1	2609	1763	0	1	.5	0	50	50535.563	1100
mysql	xt-1M-1000-120-1	2609	1801	0	1	.75	0	50	50523.52	1100
mysql	xt-1M-1000-120-1	2609	1842	0	1	1	0	50	50499.673	1100
mysql	xt-1M-1000-120-1	2609	1882	0	1	.25	0	75	50574.318	1100
mysql	xt-1M-1000-120-1	2609	1902	0	1	.5	0	75	50585.931	1100
mysql	xt-1M-1000-120-1	2609	1923	0	1	.75	0	75	50584.433	1100
mysql	xt-1M-1000-120-1	2609	1943	0	1	1	0	75	50570.753	1100
mysql	xt-1M-1000-120-1	2609	1983	0	1	.25	0	100	50569.96	1100
mysql	xt-1M-1000-120-1	2609	2022	0	1	.5	0	100	50565.641	1100
mysql	xt-1M-1000-120-1	2609	2043	0	1	.75	0	100	50599.545	1100
mysql	xt-1M-1000-120-1	2609	2083	0	1	1	0	100	50572.165	1100
mysql	xt-1M-1000-120-1	2609	2123	0	1	.25	.01	0	76198.668	200
mysql	xt-1M-1000-120-1	2609	2142	0	1	.5	.01	0	74361.648	200
mysql	xt-1M-1000-120-1	2609	2144	0	1	.75	.01	0	73571.918	200
mysql	xt-1M-1000-120-1	2609	2147	0	1	1	.01	0	74283.572	200
mysql	xt-1M-1000-120-1	2609	2503	0	1	.25	.1	0	76058.129	200
mysql	xt-1M-1000-120-1	2609	2522	0	1	.5	.1	0	74788.919	200
mysql	xt-1M-1000-120-1	2609	2541	0	1	.75	.1	0	72768.585	200
mysql	xt-1M-1000-120-1	2609	2561	0	1	1	.1	0	72638.453	200
mysql	xt-1M-1000-120-2	2529	401	0	2	.25	0	25	50474.89	1100
mysql	xt-1M-1000-120-2	2529	422	0	2	.5	0	25	50438.48	1100
mysql	xt-1M-1000-120-2	2529	462	0	2	.75	0	25	50453.06	1100
mysql	xt-1M-1000-120-2	2529	482	0	2	1	0	25	50432.087	1100
mysql	xt-1M-1000-120-2	2529	521	0	2	.25	0	50	50517.521	1100
mysql	xt-1M-1000-120-2	2529	542	0	2	.5	0	50	50481.528	1100
mysql	xt-1M-1000-120-2	2529	582	0	2	.75	0	50	50439.071	1100
mysql	xt-1M-1000-120-2	2529	601	0	2	1	0	50	50444.748	1100
mysql	xt-1M-1000-120-2	2529	641	0	2	.25	0	75	50548.488	1100
mysql	xt-1M-1000-120-2	2529	662	0	2	.5	0	75	50466.242	1100
mysql	xt-1M-1000-120-2	2529	702	0	2	.75	0	75	50502.242	1100
mysql	xt-1M-1000-120-2	2529	741	0	2	1	0	75	50490.649	1100
mysql	xt-1M-1000-120-2	2529	762	0	2	.25	0	100	50566.763	1100
mysql	xt-1M-1000-120-2	2529	802	0	2	.5	0	100	50555.75	1100
mysql	xt-1M-1000-120-2	2529	841	0	2	.75	0	100	50520.545	1100
mysql	xt-1M-1000-120-2	2529	862	0	2	1	0	100	50540.888	1100
mysql	xt-1M-1000-120-2	2529	902	0	2	.25	.01	0	74253.531	200
mysql	xt-1M-1000-120-2	2529	941	0	2	.5	.01	0	74466.527	200
mysql	xt-1M-1000-120-2	2529	962	0	2	.75	.01	0	71771.104	200
mysql	xt-1M-1000-120-2	2529	1001	0	2	1	.01	0	74382.918	200
mysql	xt-1M-1000-120-2	2529	1441	0	2	.25	.1	0	76944.121	200
mysql	xt-1M-1000-120-2	2529	1461	0	2	.5	.1	0	70519.007	200
mysql	xt-1M-1000-120-2	2529	1482	0	2	.75	.1	0	75253.555	200
mysql	xt-1M-1000-120-2	2529	1501	0	2	1	.1	0	72778.437	200
mysql	xt-1M-1000-120-2	2529	1861	0	2	.75	1	0	74306.649	200
mysql	xt-1M-1000-120-4	2449	2203	0	4	.25	0	25	40123.832	1100
mysql	xt-1M-1000-120-4	2449	2222	0	4	.5	0	25	40485.814	1100
mysql	xt-1M-1000-120-4	2449	2224	0	4	.75	0	25	40260.48	1100
mysql	xt-1M-1000-120-4	2449	2225	0	4	1	0	25	40183.554	1100
mysql	xt-1M-1000-120-4	2449	2228	0	4	.25	0	50	40282.024	1100
mysql	xt-1M-1000-120-4	2449	2242	0	4	.5	0	50	40329.836	1100
mysql	xt-1M-1000-120-4	2449	2261	0	4	.75	0	50	40424.987	1100
mysql	xt-1M-1000-120-4	2449	2263	0	4	1	0	50	40332.993	1100
mysql	xt-1M-1000-120-4	2449	2283	0	4	.25	0	75	40273.273	1100
mysql	xt-1M-1000-120-4	2449	2301	0	4	.5	0	75	40242.334	1100
mysql	xt-1M-1000-120-4	2449	2304	0	4	.75	0	75	40441.808	1100
mysql	xt-1M-1000-120-4	2449	2322	0	4	1	0	75	40379.257	1100
mysql	xt-1M-1000-120-4	2449	2323	0	4	.25	0	100	40442.063	1100
mysql	xt-1M-1000-120-4	2449	2326	0	4	.5	0	100	40304.96	1100
mysql	xt-1M-1000-120-4	2449	2342	0	4	.75	0	100	40247.595	1100
mysql	xt-1M-1000-120-4	2449	2344	0	4	1	0	100	40331.325	1100
mysql	xt-1M-1000-120-4	2449	2362	0	4	.25	.01	0	118172.479	1100
mysql	xt-1M-1000-120-4	2449	2382	0	4	.5	.01	0	119479.502	1100
mysql	xt-1M-1000-120-4	2449	2384	0	4	.75	.01	0	118843.278	1100
mysql	xt-1M-1000-120-4	2449	2387	0	4	1	.01	0	116210.009	1100
mysql	xt-1M-1000-120-4	2449	3003	0	4	.25	.1	0	117316.582	1100
mysql	xt-1M-1000-120-4	2449	3004	0	4	.5	.1	0	119482.984	1100
mysql	xt-1M-1000-120-4	2449	3023	0	4	.75	.1	0	119893.566	1100
mysql	xt-1M-1000-120-4	2449	3024	0	4	1	.1	0	116175.893	1100
mysql	xt-1M-1000-120-4	2449	3183	0	4	.25	1	0	116677.689	1100
mysql	xt-1M-1000-120-4	2449	3203	0	4	.75	1	0	136570.475	1100
mysql	xt-1M-1000-120-4	2449	3204	0	4	1	1	0	125742.734	1100
mysql	xt-1M-1000-120-6	3069	9771	0	6	.25	0	25	49616.863	1100
mysql	xt-1M-1000-120-6	3069	9772	0	6	.5	0	25	49573.18	1100
mysql	xt-1M-1000-120-6	3069	9773	0	6	.75	0	25	49548.236	1100
mysql	xt-1M-1000-120-6	3069	9774	0	6	1	0	25	49573.965	1100
mysql	xt-1M-1000-120-6	3069	9775	0	6	.25	0	50	49756.491	1100
mysql	xt-1M-1000-120-6	3069	9786	0	6	.5	0	50	49720.974	1100
mysql	xt-1M-1000-120-6	3069	9787	0	6	.75	0	50	49735.839	1100
mysql	xt-1M-1000-120-6	3069	9788	0	6	1	0	50	49712.424	1100
mysql	xt-1M-1000-120-6	3069	9789	0	6	.25	0	75	49880.146	1100
mysql	xt-1M-1000-120-6	3069	9790	0	6	.5	0	75	49902.288	1100
mysql	xt-1M-1000-120-6	3069	9791	0	6	.75	0	75	49955.81	1100
mysql	xt-1M-1000-120-6	3069	9792	0	6	1	0	75	49888.251	1100
mysql	xt-1M-1000-120-6	3069	9806	0	6	.25	0	100	49994.545	1100
mysql	xt-1M-1000-120-6	3069	9807	0	6	.5	0	100	49941.033	1100
mysql	xt-1M-1000-120-6	3069	9808	0	6	.75	0	100	49959.03	1100
mysql	xt-1M-1000-120-6	3069	9809	0	6	1	0	100	49971.623	1100
mysql	xt-1M-1000-120-6	3069	9810	0	6	.25	.01	0	66916.083	600
mysql	xt-1M-1000-120-6	3069	9811	0	6	.5	.01	0	70415.404	600
mysql	xt-1M-1000-120-6	3069	9812	0	6	.75	.01	0	68464.119	600
mysql	xt-1M-1000-120-6	3069	9813	0	6	1	.01	0	66763.73	600
mysql	xt-1M-1000-120-6	3069	9814	0	6	.25	.1	0	68306.463	600
mysql	xt-1M-1000-120-6	3069	9815	0	6	.5	.1	0	69091.224	300
mysql	xt-1M-1000-120-6	3069	9816	0	6	.75	.1	0	68013.754	600
mysql	xt-1M-1000-120-6	3069	9817	0	6	1	.1	0	66667.76	300
mysql	xt-1M-1000-120-6	3069	9826	0	6	.25	1	0	67644.222	600
mysql	xt-1M-1000-120-6	3069	9827	0	6	.5	1	0	68485.841	600
mysql	xt-1M-1000-120-6	3069	9828	0	6	.75	1	0	70330.41	600
mysql	xt-1M-1000-120-6	3069	9829	0	6	1	1	0	68428.515	600
mysql	xt-1M-1000-120-8	2610	3764	0	8	.25	0	25	49627.195	1100
mysql	xt-1M-1000-120-8	2610	3804	0	8	.5	0	25	49576.014	1100
mysql	xt-1M-1000-120-8	2610	3806	0	8	.75	0	25	49539.069	1100
mysql	xt-1M-1000-120-8	2610	3823	0	8	1	0	25	49545.684	1100
mysql	xt-1M-1000-120-8	2610	3843	0	8	.25	0	50	49768.297	1100
mysql	xt-1M-1000-120-8	2610	3863	0	8	.5	0	50	49780.928	1100
mysql	xt-1M-1000-120-8	2610	4164	0	8	.75	0	50	49752.468	1100
mysql	xt-1M-1000-120-8	2610	4184	0	8	1	0	50	49783.11	1100
mysql	xt-1M-1000-120-8	2610	4204	0	8	.25	0	75	49838.921	1100
mysql	xt-1M-1000-120-8	2610	4224	0	8	.5	0	75	49870.241	1100
mysql	xt-1M-1000-120-8	2610	4244	0	8	.75	0	75	49868.593	1100
mysql	xt-1M-1000-120-8	2610	4265	0	8	1	0	75	49889.553	1100
mysql	xt-1M-1000-120-8	2610	4384	0	8	.25	0	100	49961.829	1100
mysql	xt-1M-1000-120-8	2610	4604	0	8	.5	0	100	49998.135	1100
mysql	xt-1M-1000-120-8	2610	4625	0	8	.75	0	100	50019.222	1100
mysql	xt-1M-1000-120-8	2610	4724	0	8	1	0	100	49989.603	1100
mysql	xt-1M-1000-120-8	2610	4765	0	8	.25	.01	0	61189.597	400
mysql	xt-1M-1000-120-8	2610	4805	0	8	.5	.01	0	63410.868	400
mysql	xt-1M-1000-120-8	2610	4824	0	8	.75	.01	0	65543.032	400
mysql	xt-1M-1000-120-8	2610	4844	0	8	1	.01	0	63119.378	400
mysql	xt-1M-1000-120-8	2610	5205	0	8	.25	.1	0	61385.357	400
mysql	xt-1M-1000-120-8	2610	5245	0	8	.5	.1	0	61894.407	400
mysql	xt-1M-1000-120-8	2610	5284	0	8	.75	.1	0	64739.398	400
mysql	xt-1M-1000-120-8	2610	5304	0	8	1	.1	0	62474.44	400
mysql	xt-1M-1000-120-8	2610	5606	0	8	.25	1	0	60562.045	700
mysql	xt-1M-1000-120-8	2610	5608	0	8	.5	1	0	58040.381	400
mysql	xt-1M-1000-120-8	2610	5626	0	8	.75	1	0	61484.423	400
mysql	xt-1M-1000-120-8	2610	5628	0	8	1	1	0	59297.647	400
oracle	pk-xt-1M-1000-120-1	2889	7207	1	1	.25	0	25	11394.765	1100
oracle	pk-xt-1M-1000-120-1	2889	7246	1	1	.5	0	25	14379.317	600
oracle	pk-xt-1M-1000-120-1	2889	7286	1	1	.75	0	25	14660.703	1100
oracle	pk-xt-1M-1000-120-1	2889	7306	1	1	1	0	25	11390.688	500
oracle	pk-xt-1M-1000-120-1	2889	7327	1	1	.25	0	50	16805.588	1100
oracle	pk-xt-1M-1000-120-1	2889	7366	1	1	.5	0	50	35125.121	100
oracle	pk-xt-1M-1000-120-1	2889	7406	1	1	.75	0	50	27623.556	1100
oracle	pk-xt-1M-1000-120-1	2889	7427	1	1	1	0	50	28358.317	1100
oracle	pk-xt-1M-1000-120-1	2889	7467	1	1	.25	0	75	23798.456	1100
oracle	pk-xt-1M-1000-120-1	2889	7506	1	1	.5	0	75	29142.859	1100
oracle	pk-xt-1M-1000-120-1	2889	7546	1	1	.75	0	75	34286.414	1100
oracle	pk-xt-1M-1000-120-1	2889	7587	1	1	1	0	75	24730.875	100
oracle	pk-xt-1M-1000-120-1	2889	7627	1	1	.25	0	100	24518.229	1100
oracle	pk-xt-1M-1000-120-1	2889	7666	1	1	.5	0	100	31135.275	1100
oracle	pk-xt-1M-1000-120-1	2889	7686	1	1	.75	0	100	40260.843	700
oracle	pk-xt-1M-1000-120-1	2889	7706	1	1	1	0	100	45103.255	700
oracle	pk-xt-1M-1000-120-1	2889	7726	1	1	.25	.01	0	535.528	300
oracle	pk-xt-1M-1000-120-1	2889	7747	1	1	.5	.01	0	891.285	1100
oracle	pk-xt-1M-1000-120-1	2889	7766	1	1	.75	.01	0	1474.071	200
oracle	pk-xt-1M-1000-120-1	2889	7786	1	1	1	.01	0	1662.263	1100
oracle	pk-xt-1M-1000-120-1	2889	8126	1	1	.25	.1	0	14.034	1100
oracle	pk-xt-1M-1000-120-1	2889	8146	1	1	.5	.1	0	926.841	700
oracle	pk-xt-1M-1000-120-1	2889	8166	1	1	.75	.1	0	1255.798	500
oracle	pk-xt-1M-1000-120-1	2889	8186	1	1	1	.1	0	1674.629	500
oracle	pk-xt-1M-1000-120-1	2889	8526	1	1	.25	1	0	464.391	500
oracle	pk-xt-1M-1000-120-1	2889	8547	1	1	.5	1	0	926.74	700
oracle	pk-xt-1M-1000-120-1	2889	8567	1	1	.75	1	0	1076.17	400
oracle	pk-xt-1M-1000-120-1	2889	8586	1	1	1	1	0	2226.592	100
oracle	pk-xt-1M-1000-120-2	2850	9266	1	2	.25	0	25	43441.714	1100
oracle	pk-xt-1M-1000-120-2	2850	9305	1	2	.5	0	25	40812.49	1100
oracle	pk-xt-1M-1000-120-2	2850	9306	1	2	.75	0	25	53415.147	1100
oracle	pk-xt-1M-1000-120-2	2850	9308	1	2	1	0	25	67702.979	1100
oracle	pk-xt-1M-1000-120-2	2850	9310	1	2	.25	0	50	93723.711	1100
oracle	pk-xt-1M-1000-120-2	2850	9312	1	2	.5	0	50	39899.146	1100
oracle	pk-xt-1M-1000-120-2	2850	9313	1	2	.75	0	50	46373.749	1100
oracle	pk-xt-1M-1000-120-2	2850	9315	1	2	1	0	50	51926.909	1100
oracle	pk-xt-1M-1000-120-2	2850	9317	1	2	.25	0	75	48925.055	1100
oracle	pk-xt-1M-1000-120-2	2850	9319	1	2	.5	0	75	66379.724	1100
oracle	pk-xt-1M-1000-120-2	2850	9321	1	2	.75	0	75	126510.762	1100
oracle	pk-xt-1M-1000-120-2	2850	9323	1	2	1	0	75	58438.055	1100
oracle	pk-xt-1M-1000-120-2	2850	9329	1	2	.25	0	100	51240.77	1100
oracle	pk-xt-1M-1000-120-2	2850	9334	1	2	.5	0	100	46486.223	1100
oracle	pk-xt-1M-1000-120-2	2850	9337	1	2	.75	0	100	79470.279	1100
oracle	pk-xt-1M-1000-120-2	2850	9340	1	2	1	0	100	38350.085	1100
oracle	pk-xt-1M-1000-120-2	2850	9341	1	2	.25	.01	0	4408.449	100
oracle	pk-xt-1M-1000-120-2	2850	9434	1	2	.5	.01	0	2867.951	1100
oracle	pk-xt-1M-1000-120-2	2850	9436	1	2	.75	.01	0	6469.505	600
oracle	pk-xt-1M-1000-120-2	2850	9439	1	2	1	.01	0	18511.105	1100
oracle	pk-xt-1M-1000-120-2	2850	9441	1	2	.25	.1	0	5401.602	200
oracle	pk-xt-1M-1000-120-2	2850	9443	1	2	.5	.1	0	11648.525	1100
oracle	pk-xt-1M-1000-120-2	2850	9445	1	2	.75	.1	0	15181.287	1100
oracle	pk-xt-1M-1000-120-2	2850	9447	1	2	1	.1	0	18837.327	1100
oracle	pk-xt-1M-1000-120-2	2850	9448	1	2	.25	1	0	5629.317	1100
oracle	pk-xt-1M-1000-120-2	2850	9452	1	2	.75	1	0	11716.683	400
oracle	pk-xt-1M-1000-120-2	2850	9454	1	2	1	1	0	16785.232	1100
oracle	pk-xt-1M-1000-120-4	2750	8686	1	4	.25	0	25	90404.348	1100
oracle	pk-xt-1M-1000-120-4	2750	8766	1	4	.5	0	25	114394.691	1100
oracle	pk-xt-1M-1000-120-4	2750	8806	1	4	.75	0	25	91486.005	1100
oracle	pk-xt-1M-1000-120-4	2750	9413	1	4	1	0	25	88995.529	1100
oracle	pk-xt-1M-1000-120-4	2750	9415	1	4	.25	0	50	88434.469	1100
oracle	pk-xt-1M-1000-120-4	2750	9417	1	4	.5	0	50	103939.776	1100
oracle	pk-xt-1M-1000-120-4	2750	9418	1	4	.75	0	50	104000.908	1100
oracle	pk-xt-1M-1000-120-4	2750	9420	1	4	1	0	50	109388.998	1100
oracle	pk-xt-1M-1000-120-4	2750	9422	1	4	.25	0	75	107183.215	1100
oracle	pk-xt-1M-1000-120-4	2750	9424	1	4	.5	0	75	112184.064	1100
oracle	pk-xt-1M-1000-120-4	2750	9426	1	4	.75	0	75	108656.039	1100
oracle	pk-xt-1M-1000-120-4	2750	9427	1	4	1	0	75	108179.761	1100
oracle	pk-xt-1M-1000-120-4	2750	9429	1	4	.25	0	100	106231.158	1100
oracle	pk-xt-1M-1000-120-4	2750	9431	1	4	.5	0	100	115136.146	1100
oracle	pk-xt-1M-1000-120-4	2750	9433	1	4	.75	0	100	114309.309	1100
oracle	pk-xt-1M-1000-120-4	2750	9435	1	4	1	0	100	117443.548	1100
oracle	pk-xt-1M-1000-120-4	2750	9438	1	4	.25	.01	0	3431.734	1100
oracle	pk-xt-1M-1000-120-4	2750	9440	1	4	.5	.01	0	5452.357	100
oracle	pk-xt-1M-1000-120-4	2750	9442	1	4	.75	.01	0	7780.141	1100
oracle	pk-xt-1M-1000-120-4	2750	9444	1	4	1	.01	0	5200.987	700
oracle	pk-xt-1M-1000-120-4	2750	9453	1	4	1	.1	0	5367.441	500
oracle	pk-xt-1M-1000-120-4	2750	9455	1	4	.25	1	0	3412.512	1100
oracle	pk-xt-1M-1000-120-4	2750	9457	1	4	.75	1	0	4789.042	800
oracle	pk-xt-1M-1000-120-4	2750	9458	1	4	1	1	0	3741.626	700
oracle	pk-xt-1M-1000-120-6	3029	9546	1	6	.25	0	25	17396.255	100
oracle	pk-xt-1M-1000-120-6	3029	9566	1	6	.5	0	25	14775.209	1100
oracle	pk-xt-1M-1000-120-6	3029	9568	1	6	.75	0	25	16181.761	1100
oracle	pk-xt-1M-1000-120-6	3029	9570	1	6	1	0	25	18635.901	600
oracle	pk-xt-1M-1000-120-6	3029	9572	1	6	.25	0	50	28604.384	1100
oracle	pk-xt-1M-1000-120-6	3029	9574	1	6	.5	0	50	35917.487	100
oracle	pk-xt-1M-1000-120-6	3029	9587	1	6	.75	0	50	41058.419	1100
oracle	pk-xt-1M-1000-120-6	3029	9589	1	6	1	0	50	38786.375	100
oracle	pk-xt-1M-1000-120-6	3029	9591	1	6	.25	0	75	39062.604	1100
oracle	pk-xt-1M-1000-120-6	3029	9593	1	6	.5	0	75	37494.663	1100
oracle	pk-xt-1M-1000-120-6	3029	9595	1	6	.75	0	75	46407.167	500
oracle	pk-xt-1M-1000-120-6	3029	9597	1	6	1	0	75	43817.053	600
oracle	pk-xt-1M-1000-120-6	3029	9607	1	6	.25	0	100	42592.587	1100
oracle	pk-xt-1M-1000-120-6	3029	9609	1	6	.5	0	100	53744.804	1100
oracle	pk-xt-1M-1000-120-6	3029	9611	1	6	.75	0	100	51881.804	300
oracle	pk-xt-1M-1000-120-6	3029	9614	1	6	1	0	100	52372.492	100
oracle	pk-xt-1M-1000-120-6	3029	9626	1	6	.25	.01	0	295.455	600
oracle	pk-xt-1M-1000-120-6	3029	9628	1	6	.5	.01	0	454.088	400
oracle	pk-xt-1M-1000-120-6	3029	9630	1	6	.75	.01	0	710.529	400
oracle	pk-xt-1M-1000-120-6	3029	9632	1	6	1	.01	0	946.661	400
oracle	pk-xt-1M-1000-120-6	3029	9647	1	6	.25	.1	0	300.556	800
oracle	pk-xt-1M-1000-120-6	3029	9649	1	6	.5	.1	0	527.56	1100
oracle	pk-xt-1M-1000-120-6	3029	9651	1	6	.75	.1	0	718.514	700
oracle	pk-xt-1M-1000-120-6	3029	9653	1	6	1	.1	0	1048.284	800
oracle	pk-xt-1M-1000-120-6	3029	9666	1	6	.25	1	0	249.401	300
oracle	pk-xt-1M-1000-120-6	3029	9668	1	6	.5	1	0	531.918	400
oracle	pk-xt-1M-1000-120-6	3029	9670	1	6	.75	1	0	705.367	100
oracle	pk-xt-1M-1000-120-6	3029	9672	1	6	1	1	0	926.111	100
oracle	pk-xt-1M-1000-120-8	2089	9295	1	8	.25	0	25	87.774	100
oracle	pk-xt-1M-1000-120-8	2089	9304	1	8	.5	0	25	94.545	200
oracle	pk-xt-1M-1000-120-8	2089	9307	1	8	.75	0	25	100.07	200
oracle	pk-xt-1M-1000-120-8	2089	9309	1	8	1	0	25	103.517	200
oracle	pk-xt-1M-1000-120-8	2089	9311	1	8	.25	0	50	98.035	100
oracle	pk-xt-1M-1000-120-8	2089	9314	1	8	.5	0	50	101.817	100
oracle	pk-xt-1M-1000-120-8	2089	9316	1	8	.75	0	50	103.278	200
oracle	pk-xt-1M-1000-120-8	2089	9318	1	8	1	0	50	108.649	100
oracle	pk-xt-1M-1000-120-8	2089	9320	1	8	.25	0	75	199.902	100
oracle	pk-xt-1M-1000-120-8	2089	9322	1	8	.5	0	75	106.567	100
oracle	pk-xt-1M-1000-120-8	2089	9328	1	8	.75	0	75	112.033	200
oracle	pk-xt-1M-1000-120-8	2089	9336	1	8	1	0	75	108.367	100
oracle	pk-xt-1M-1000-120-8	2089	9339	1	8	.25	0	100	106.899	100
oracle	pk-xt-1M-1000-120-8	2089	9348	1	8	.5	0	100	115.268	100
oracle	pk-xt-1M-1000-120-8	2089	9353	1	8	.75	0	100	206.843	100
oracle	pk-xt-1M-1000-120-8	2089	9355	1	8	1	0	100	120.995	200
oracle	pk-xt-1M-1000-120-8	2089	9409	1	8	.25	.01	0	1475.707	1100
oracle	pk-xt-1M-1000-120-8	2089	9412	1	8	.5	.01	0	2635.365	800
oracle	pk-xt-1M-1000-120-8	2089	9414	1	8	.75	.01	0	3600.509	500
oracle	pk-xt-1M-1000-120-8	2089	9419	1	8	.25	.1	0	1718.39	200
oracle	pk-xt-1M-1000-120-8	2089	9421	1	8	.5	.1	0	2430.7	600
oracle	pk-xt-1M-1000-120-8	2089	9423	1	8	.75	.1	0	3830.247	1100
oracle	pk-xt-1M-1000-120-8	2089	9425	1	8	1	.1	0	3907.035	1100
oracle	pk-xt-1M-1000-120-8	2089	9428	1	8	.25	1	0	1791.156	1100
oracle	pk-xt-1M-1000-120-8	2089	9430	1	8	.5	1	0	2924.608	1100
oracle	pk-xt-1M-1000-120-8	2089	9432	1	8	.75	1	0	3895.448	1100
oracle	pk-xt-1M-1000-120-8	2089	9437	1	8	1	1	0	2820.952	1100
oracle	xt-1M-1000-120-1	2949	1602	0	1	.25	0	25	46594.62	1100
oracle	xt-1M-1000-120-1	2949	1623	0	1	.5	0	25	52395.746	1100
oracle	xt-1M-1000-120-1	2949	1661	0	1	.75	0	25	68993.272	1100
oracle	xt-1M-1000-120-1	2949	1683	0	1	1	0	25	72146.128	1100
oracle	xt-1M-1000-120-1	2949	1723	0	1	.25	0	50	58794.848	1100
oracle	xt-1M-1000-120-1	2949	1763	0	1	.5	0	50	99943.612	1100
oracle	xt-1M-1000-120-1	2949	1801	0	1	.75	0	50	69963.593	1100
oracle	xt-1M-1000-120-1	2949	1842	0	1	1	0	50	87211.639	1100
oracle	xt-1M-1000-120-1	2949	1882	0	1	.25	0	75	70617.143	1100
oracle	xt-1M-1000-120-1	2949	1902	0	1	.5	0	75	62302.699	1100
oracle	xt-1M-1000-120-1	2949	1923	0	1	.75	0	75	63188.777	1100
oracle	xt-1M-1000-120-1	2949	1943	0	1	1	0	75	77046.852	1100
oracle	xt-1M-1000-120-1	2949	1983	0	1	.25	0	100	62388.212	1100
oracle	xt-1M-1000-120-1	2949	2022	0	1	.5	0	100	65988.176	1100
oracle	xt-1M-1000-120-1	2949	2043	0	1	.75	0	100	82845.093	1100
oracle	xt-1M-1000-120-1	2949	2083	0	1	1	0	100	65625.398	1100
oracle	xt-1M-1000-120-1	2949	2123	0	1	.25	.01	0	2452.133	500
oracle	xt-1M-1000-120-1	2949	2144	0	1	.75	.01	0	10240.375	100
oracle	xt-1M-1000-120-1	2949	2503	0	1	.25	.1	0	2389.496	1100
oracle	xt-1M-1000-120-1	2949	4124	0	1	.5	1	0	8371.757	300
oracle	xt-1M-1000-120-2	2851	401	0	2	.25	0	25	84779.536	1100
oracle	xt-1M-1000-120-2	2851	422	0	2	.5	0	25	98432.473	1100
oracle	xt-1M-1000-120-2	2851	462	0	2	.75	0	25	98798.937	1100
oracle	xt-1M-1000-120-2	2851	482	0	2	1	0	25	100122.472	1100
oracle	xt-1M-1000-120-2	2851	521	0	2	.25	0	50	95530.943	1100
oracle	xt-1M-1000-120-2	2851	542	0	2	.5	0	50	108976.301	1100
oracle	xt-1M-1000-120-2	2851	582	0	2	.75	0	50	115758.604	1100
oracle	xt-1M-1000-120-2	2851	601	0	2	1	0	50	117343.629	1100
oracle	xt-1M-1000-120-2	2851	641	0	2	.25	0	75	105140.784	1100
oracle	xt-1M-1000-120-2	2851	662	0	2	.5	0	75	113843.65	1100
oracle	xt-1M-1000-120-2	2851	702	0	2	.75	0	75	125615.015	1100
oracle	xt-1M-1000-120-2	2851	741	0	2	1	0	75	117181.322	1100
oracle	xt-1M-1000-120-2	2851	762	0	2	.25	0	100	118162.698	1100
oracle	xt-1M-1000-120-2	2851	802	0	2	.5	0	100	123953.186	1100
oracle	xt-1M-1000-120-2	2851	841	0	2	.75	0	100	123035.279	1100
oracle	xt-1M-1000-120-2	2851	862	0	2	1	0	100	120508.322	1100
oracle	xt-1M-1000-120-2	2851	902	0	2	.25	.01	0	4670.487	1100
oracle	xt-1M-1000-120-2	2851	941	0	2	.5	.01	0	2186.31	700
oracle	xt-1M-1000-120-2	2851	962	0	2	.75	.01	0	14792.288	1100
oracle	xt-1M-1000-120-2	2851	1001	0	2	1	.01	0	18510.388	1100
oracle	xt-1M-1000-120-2	2851	1441	0	2	.25	.1	0	6232.26	1100
oracle	xt-1M-1000-120-2	2851	1461	0	2	.5	.1	0	10519.403	100
oracle	xt-1M-1000-120-2	2851	1482	0	2	.75	.1	0	14659.359	1100
oracle	xt-1M-1000-120-2	2851	1501	0	2	1	.1	0	19259.179	1100
oracle	xt-1M-1000-120-2	2851	1821	0	2	.25	1	0	1305.259	700
oracle	xt-1M-1000-120-2	2851	1841	0	2	.5	1	0	7213.291	300
oracle	xt-1M-1000-120-2	2851	1861	0	2	.75	1	0	14806.424	1100
oracle	xt-1M-1000-120-2	2851	1881	0	2	1	1	0	18406.074	1100
oracle	xt-1M-1000-120-4	2629	2203	0	4	.25	0	25	67473.054	1100
oracle	xt-1M-1000-120-4	2629	2222	0	4	.5	0	25	77903.666	1100
oracle	xt-1M-1000-120-4	2629	2224	0	4	.75	0	25	83095.654	1100
oracle	xt-1M-1000-120-4	2629	2225	0	4	1	0	25	87230.839	1100
oracle	xt-1M-1000-120-4	2629	2228	0	4	.25	0	50	89706.558	1100
oracle	xt-1M-1000-120-4	2629	2242	0	4	.5	0	50	99726.374	1100
oracle	xt-1M-1000-120-4	2629	2261	0	4	.75	0	50	102824.793	1100
oracle	xt-1M-1000-120-4	2629	2263	0	4	1	0	50	112204.578	1100
oracle	xt-1M-1000-120-4	2629	2283	0	4	.25	0	75	100941.146	1100
oracle	xt-1M-1000-120-4	2629	2301	0	4	.5	0	75	112319.244	1100
oracle	xt-1M-1000-120-4	2629	2304	0	4	.75	0	75	115763.915	1100
oracle	xt-1M-1000-120-4	2629	2322	0	4	1	0	75	115665.451	1100
oracle	xt-1M-1000-120-4	2629	2323	0	4	.25	0	100	104358.422	1100
oracle	xt-1M-1000-120-4	2629	2326	0	4	.5	0	100	114304.86	1100
oracle	xt-1M-1000-120-4	2629	2342	0	4	.75	0	100	118490.482	1100
oracle	xt-1M-1000-120-4	2629	2344	0	4	1	0	100	120336.827	1100
oracle	xt-1M-1000-120-4	2629	2384	0	4	.75	.01	0	8298.714	1100
oracle	xt-1M-1000-120-4	2629	3004	0	4	.5	.1	0	3502.346	600
oracle	xt-1M-1000-120-4	2629	3023	0	4	.75	.1	0	4320.058	600
oracle	xt-1M-1000-120-4	2629	3024	0	4	1	.1	0	5531.257	800
oracle	xt-1M-1000-120-4	2629	3183	0	4	.25	1	0	3496.002	1100
oracle	xt-1M-1000-120-4	2629	3184	0	4	.5	1	0	3216.068	800
oracle	xt-1M-1000-120-4	2629	3203	0	4	.75	1	0	4823.136	600
oracle	xt-1M-1000-120-4	2629	3204	0	4	1	1	0	3729.93	600
oracle	xt-1M-1000-120-6	3049	9771	0	6	.25	0	25	21828.273	1100
oracle	xt-1M-1000-120-6	3049	9772	0	6	.5	0	25	4731.484	1100
oracle	xt-1M-1000-120-6	3049	9773	0	6	.75	0	25	34969.932	1100
oracle	xt-1M-1000-120-6	3049	9774	0	6	1	0	25	111621.489	1100
oracle	xt-1M-1000-120-6	3049	9775	0	6	.25	0	50	29907.727	1100
oracle	xt-1M-1000-120-6	3049	9786	0	6	.5	0	50	120061.572	1100
oracle	xt-1M-1000-120-6	3049	9787	0	6	.75	0	50	127276.666	1100
oracle	xt-1M-1000-120-6	3049	9788	0	6	1	0	50	95461.149	1100
oracle	xt-1M-1000-120-6	3049	9789	0	6	.25	0	75	46640.29	1100
oracle	xt-1M-1000-120-6	3049	9790	0	6	.5	0	75	31228.38	1100
oracle	xt-1M-1000-120-6	3049	9791	0	6	.75	0	75	25680.172	1100
oracle	xt-1M-1000-120-6	3049	9792	0	6	1	0	75	129149.874	1100
oracle	xt-1M-1000-120-6	3049	9806	0	6	.25	0	100	97101.757	1100
oracle	xt-1M-1000-120-6	3049	9807	0	6	.5	0	100	126474.251	1100
oracle	xt-1M-1000-120-6	3049	9808	0	6	.75	0	100	136859.286	1100
oracle	xt-1M-1000-120-6	3049	9809	0	6	1	0	100	130816.245	1100
oracle	xt-1M-1000-120-6	3049	9810	0	6	.25	.01	0	2405.435	1100
oracle	xt-1M-1000-120-6	3049	9811	0	6	.5	.01	0	2732.735	800
oracle	xt-1M-1000-120-6	3049	9812	0	6	.75	.01	0	4466.235	1100
oracle	xt-1M-1000-120-6	3049	9813	0	6	1	.01	0	5601.764	1100
oracle	xt-1M-1000-120-6	3049	9814	0	6	.25	.1	0	1715.209	400
oracle	xt-1M-1000-120-6	3049	9815	0	6	.5	.1	0	2968.123	1100
oracle	xt-1M-1000-120-6	3049	9816	0	6	.75	.1	0	4073.419	1100
oracle	xt-1M-1000-120-6	3049	9817	0	6	1	.1	0	7954.058	500
oracle	xt-1M-1000-120-6	3049	9826	0	6	.25	1	0	1868.013	700
oracle	xt-1M-1000-120-6	3049	9827	0	6	.5	1	0	2844.889	1100
oracle	xt-1M-1000-120-6	3049	9828	0	6	.75	1	0	3852.666	1100
oracle	xt-1M-1000-120-6	3049	9829	0	6	1	1	0	4799.463	1100
oracle	xt-1M-1000-120-8	2830	3764	0	8	.25	0	25	63907.188	1100
oracle	xt-1M-1000-120-8	2830	3804	0	8	.5	0	25	72158.585	1100
oracle	xt-1M-1000-120-8	2830	3806	0	8	.75	0	25	79333.182	1100
oracle	xt-1M-1000-120-8	2830	3823	0	8	1	0	25	81548.629	1100
oracle	xt-1M-1000-120-8	2830	3843	0	8	.25	0	50	86493.383	1100
oracle	xt-1M-1000-120-8	2830	3863	0	8	.5	0	50	98299.107	1100
oracle	xt-1M-1000-120-8	2830	4164	0	8	.75	0	50	103595.84	1100
oracle	xt-1M-1000-120-8	2830	4184	0	8	1	0	50	105296.261	1100
oracle	xt-1M-1000-120-8	2830	4204	0	8	.25	0	75	96788.286	1100
oracle	xt-1M-1000-120-8	2830	4224	0	8	.5	0	75	107889.457	1100
oracle	xt-1M-1000-120-8	2830	4244	0	8	.75	0	75	109924.998	1100
oracle	xt-1M-1000-120-8	2830	4265	0	8	1	0	75	108586.667	1100
oracle	xt-1M-1000-120-8	2830	4384	0	8	.25	0	100	101877.518	1100
oracle	xt-1M-1000-120-8	2830	4604	0	8	.5	0	100	109683.217	1100
oracle	xt-1M-1000-120-8	2830	4625	0	8	.75	0	100	114817.846	1100
oracle	xt-1M-1000-120-8	2830	4724	0	8	1	0	100	115574.833	1100
oracle	xt-1M-1000-120-8	2830	4765	0	8	.25	.01	0	1186.951	800
oracle	xt-1M-1000-120-8	2830	4805	0	8	.5	.01	0	2286.958	1100
oracle	xt-1M-1000-120-8	2830	4824	0	8	.75	.01	0	2995.067	600
oracle	xt-1M-1000-120-8	2830	4844	0	8	1	.01	0	3659.54	200
oracle	xt-1M-1000-120-8	2830	5205	0	8	.25	.1	0	1968.253	1100
oracle	xt-1M-1000-120-8	2830	5245	0	8	.5	.1	0	3041.121	1100
oracle	xt-1M-1000-120-8	2830	5284	0	8	.75	.1	0	3845.712	1100
oracle	xt-1M-1000-120-8	2830	5304	0	8	1	.1	0	3597.305	1100
oracle	xt-1M-1000-120-8	2830	5606	0	8	.25	1	0	1558.436	1100
oracle	xt-1M-1000-120-8	2830	5608	0	8	.5	1	0	2447.708	700
oracle	xt-1M-1000-120-8	2830	5626	0	8	.75	1	0	3006.2	600
oracle	xt-1M-1000-120-8	2830	5628	0	8	1	1	0	2403.114	300
pgsql	pk-xt-1M-1000-120-1	2789	7207	1	1	.25	0	25	82101.914	1100
pgsql	pk-xt-1M-1000-120-1	2789	7246	1	1	.5	0	25	70310.532	500
pgsql	pk-xt-1M-1000-120-1	2789	7286	1	1	.75	0	25	68054.822	500
pgsql	pk-xt-1M-1000-120-1	2789	7306	1	1	1	0	25	69072.125	400
pgsql	pk-xt-1M-1000-120-1	2789	7327	1	1	.25	0	50	72432.222	500
pgsql	pk-xt-1M-1000-120-1	2789	7366	1	1	.5	0	50	76882.81	400
pgsql	pk-xt-1M-1000-120-1	2789	7406	1	1	.75	0	50	78965.488	700
pgsql	pk-xt-1M-1000-120-1	2789	7427	1	1	1	0	50	82156.516	200
pgsql	pk-xt-1M-1000-120-1	2789	7467	1	1	.25	0	75	77098.315	500
pgsql	pk-xt-1M-1000-120-1	2789	7506	1	1	.5	0	75	78590.896	400
pgsql	pk-xt-1M-1000-120-1	2789	7546	1	1	.75	0	75	79451.525	400
pgsql	pk-xt-1M-1000-120-1	2789	7587	1	1	1	0	75	78852.636	300
pgsql	pk-xt-1M-1000-120-1	2789	7627	1	1	.25	0	100	75936.453	400
pgsql	pk-xt-1M-1000-120-1	2789	7666	1	1	.5	0	100	83549.168	1100
pgsql	pk-xt-1M-1000-120-1	2789	7686	1	1	.75	0	100	85943.47	300
pgsql	pk-xt-1M-1000-120-1	2789	7706	1	1	1	0	100	81976.462	200
pgsql	pk-xt-1M-1000-120-1	2789	7726	1	1	.25	.01	0	57428.671	1100
pgsql	pk-xt-1M-1000-120-1	2789	7747	1	1	.5	.01	0	56511.582	1100
pgsql	pk-xt-1M-1000-120-1	2789	7766	1	1	.75	.01	0	55142.831	1100
pgsql	pk-xt-1M-1000-120-1	2789	7786	1	1	1	.01	0	54834.553	1100
pgsql	pk-xt-1M-1000-120-1	2789	8126	1	1	.25	.1	0	57076.004	1100
pgsql	pk-xt-1M-1000-120-1	2789	8146	1	1	.5	.1	0	55924.203	1100
pgsql	pk-xt-1M-1000-120-1	2789	8166	1	1	.75	.1	0	55848.611	1100
pgsql	pk-xt-1M-1000-120-1	2789	8186	1	1	1	.1	0	55301.947	1100
pgsql	pk-xt-1M-1000-120-2	2612	9266	1	2	.25	0	25	63969.977	1100
pgsql	pk-xt-1M-1000-120-2	2612	9305	1	2	.5	0	25	92605.999	1100
pgsql	pk-xt-1M-1000-120-2	2612	9306	1	2	.75	0	25	94885.862	1100
pgsql	pk-xt-1M-1000-120-2	2612	9308	1	2	1	0	25	96352.704	800
pgsql	pk-xt-1M-1000-120-2	2612	9310	1	2	.25	0	50	80747.341	800
pgsql	pk-xt-1M-1000-120-2	2612	9312	1	2	.5	0	50	88608.013	500
pgsql	pk-xt-1M-1000-120-2	2612	9313	1	2	.75	0	50	90789.512	500
pgsql	pk-xt-1M-1000-120-2	2612	9315	1	2	1	0	50	90714.694	500
pgsql	pk-xt-1M-1000-120-2	2612	9317	1	2	.25	0	75	80797.748	400
pgsql	pk-xt-1M-1000-120-2	2612	9319	1	2	.5	0	75	85357.624	400
pgsql	pk-xt-1M-1000-120-2	2612	9321	1	2	.75	0	75	91590.218	300
pgsql	pk-xt-1M-1000-120-2	2612	9323	1	2	1	0	75	90616.784	300
pgsql	pk-xt-1M-1000-120-2	2612	9329	1	2	.25	0	100	90469.892	400
pgsql	pk-xt-1M-1000-120-2	2612	9334	1	2	.5	0	100	86808.574	300
pgsql	pk-xt-1M-1000-120-2	2612	9337	1	2	.75	0	100	89430.09	300
pgsql	pk-xt-1M-1000-120-2	2612	9340	1	2	1	0	100	92104.584	300
pgsql	pk-xt-1M-1000-120-2	2612	9341	1	2	.25	.01	0	66261.822	1100
pgsql	pk-xt-1M-1000-120-2	2612	9434	1	2	.5	.01	0	65834.858	1100
pgsql	pk-xt-1M-1000-120-2	2612	9436	1	2	.75	.01	0	65545.252	1100
pgsql	pk-xt-1M-1000-120-2	2612	9439	1	2	1	.01	0	64901.218	1100
pgsql	pk-xt-1M-1000-120-2	2612	9441	1	2	.25	.1	0	66561.709	1100
pgsql	pk-xt-1M-1000-120-2	2612	9443	1	2	.5	.1	0	366.154	1100
pgsql	pk-xt-1M-1000-120-2	2612	9445	1	2	.75	.1	0	65627.624	1100
pgsql	pk-xt-1M-1000-120-2	2612	9447	1	2	1	.1	0	30868.16	200
pgsql	pk-xt-1M-1000-120-2	2612	9448	1	2	.25	1	0	66393.384	1100
pgsql	pk-xt-1M-1000-120-2	2612	9450	1	2	.5	1	0	65789.355	1100
pgsql	pk-xt-1M-1000-120-2	2612	9452	1	2	.75	1	0	65965.993	1100
pgsql	pk-xt-1M-1000-120-2	2612	9454	1	2	1	1	0	65717.239	1100
pgsql	pk-xt-1M-1000-120-4	2090	8686	1	4	.25	0	25	21.705	1100
pgsql	pk-xt-1M-1000-120-4	2090	8766	1	4	.5	0	25	19.566	1100
pgsql	pk-xt-1M-1000-120-4	2090	8806	1	4	.75	0	25	29.515	1100
pgsql	pk-xt-1M-1000-120-4	2090	9413	1	4	1	0	25	34.377	1100
pgsql	pk-xt-1M-1000-120-4	2090	9415	1	4	.25	0	50	37.815	1100
pgsql	pk-xt-1M-1000-120-4	2090	9417	1	4	.5	0	50	28.469	500
pgsql	pk-xt-1M-1000-120-4	2090	9418	1	4	.75	0	50	28.846	400
pgsql	pk-xt-1M-1000-120-4	2090	9420	1	4	1	0	50	22.433	400
pgsql	pk-xt-1M-1000-120-4	2090	9422	1	4	.25	0	75	7.56	200
pgsql	pk-xt-1M-1000-120-4	2090	9424	1	4	.5	0	75	16.569	400
pgsql	pk-xt-1M-1000-120-4	2090	9426	1	4	.75	0	75	20.78	300
pgsql	pk-xt-1M-1000-120-4	2090	9427	1	4	1	0	75	17.673	300
pgsql	pk-xt-1M-1000-120-4	2090	9429	1	4	.25	0	100	17.087	1100
pgsql	pk-xt-1M-1000-120-4	2090	9431	1	4	.5	0	100	12.454	300
pgsql	pk-xt-1M-1000-120-4	2090	9433	1	4	.75	0	100	11.446	300
pgsql	pk-xt-1M-1000-120-4	2090	9435	1	4	1	0	100	10.231	200
pgsql	pk-xt-1M-1000-120-4	2090	9438	1	4	.25	.01	0	42.468	1100
pgsql	pk-xt-1M-1000-120-4	2090	9440	1	4	.5	.01	0	43501.414	1100
pgsql	pk-xt-1M-1000-120-4	2090	9442	1	4	.75	.01	0	42737.012	1100
pgsql	pk-xt-1M-1000-120-4	2090	9444	1	4	1	.01	0	42295.802	1100
pgsql	pk-xt-1M-1000-120-4	2090	9446	1	4	.25	.1	0	64422.811	1100
pgsql	pk-xt-1M-1000-120-4	2090	9449	1	4	.5	.1	0	43435.589	1100
pgsql	pk-xt-1M-1000-120-4	2090	9451	1	4	.75	.1	0	42868.944	1100
pgsql	pk-xt-1M-1000-120-4	2090	9453	1	4	1	.1	0	42176.589	1100
pgsql	pk-xt-1M-1000-120-4	2090	9455	1	4	.25	1	0	63870.366	1100
pgsql	pk-xt-1M-1000-120-4	2090	9456	1	4	.5	1	0	44005.442	1100
pgsql	pk-xt-1M-1000-120-4	2090	9457	1	4	.75	1	0	43396.41	1100
pgsql	pk-xt-1M-1000-120-4	2090	9458	1	4	1	1	0	42822.979	1100
pgsql	pk-xt-1M-1000-120-6	3011	9546	1	6	.25	0	25	57611.03	1100
pgsql	pk-xt-1M-1000-120-6	3011	9566	1	6	.5	0	25	53456.714	100
pgsql	pk-xt-1M-1000-120-6	3011	9568	1	6	.75	0	25	69730.671	100
pgsql	pk-xt-1M-1000-120-6	3011	9570	1	6	1	0	25	68972.348	100
pgsql	pk-xt-1M-1000-120-6	3011	9572	1	6	.25	0	50	65788.082	100
pgsql	pk-xt-1M-1000-120-6	3011	9574	1	6	.5	0	50	72340.877	100
pgsql	pk-xt-1M-1000-120-6	3011	9587	1	6	.75	0	50	60668.613	400
pgsql	pk-xt-1M-1000-120-6	3011	9589	1	6	1	0	50	67341.048	100
pgsql	pk-xt-1M-1000-120-6	3011	9591	1	6	.25	0	75	52380.278	100
pgsql	pk-xt-1M-1000-120-6	3011	9593	1	6	.5	0	75	59198.165	100
pgsql	pk-xt-1M-1000-120-6	3011	9595	1	6	.75	0	75	68229.072	200
pgsql	pk-xt-1M-1000-120-6	3011	9597	1	6	1	0	75	70800.88	100
pgsql	pk-xt-1M-1000-120-6	3011	9607	1	6	.25	0	100	57321.013	100
pgsql	pk-xt-1M-1000-120-6	3011	9609	1	6	.5	0	100	59691.856	100
pgsql	pk-xt-1M-1000-120-6	3011	9611	1	6	.75	0	100	79212.921	400
pgsql	pk-xt-1M-1000-120-6	3011	9614	1	6	1	0	100	53631.869	100
pgsql	pk-xt-1M-1000-120-6	3011	9626	1	6	.25	.01	0	28048.552	1100
pgsql	pk-xt-1M-1000-120-6	3011	9628	1	6	.5	.01	0	27715.632	1100
pgsql	pk-xt-1M-1000-120-6	3011	9630	1	6	.75	.01	0	27029.957	1100
pgsql	pk-xt-1M-1000-120-6	3011	9632	1	6	1	.01	0	26217.548	1100
pgsql	pk-xt-1M-1000-120-6	3011	9647	1	6	.25	.1	0	28397.029	1100
pgsql	pk-xt-1M-1000-120-6	3011	9649	1	6	.5	.1	0	27845.465	1100
pgsql	pk-xt-1M-1000-120-6	3011	9651	1	6	.75	.1	0	27372.626	1100
pgsql	pk-xt-1M-1000-120-6	3011	9653	1	6	1	.1	0	26923.71	1100
pgsql	pk-xt-1M-1000-120-6	3011	9666	1	6	.25	1	0	28698.996	1100
pgsql	pk-xt-1M-1000-120-6	3011	9668	1	6	.5	1	0	28264.018	1100
pgsql	pk-xt-1M-1000-120-6	3011	9670	1	6	.75	1	0	27798.7	1100
pgsql	pk-xt-1M-1000-120-6	3011	9672	1	6	1	1	0	27339.877	1100
pgsql	pk-xt-1M-1000-120-8	2709	9295	1	8	.25	0	25	54306.794	1100
pgsql	pk-xt-1M-1000-120-8	2709	9304	1	8	.5	0	25	53472.347	100
pgsql	pk-xt-1M-1000-120-8	2709	9307	1	8	.75	0	25	62682.385	100
pgsql	pk-xt-1M-1000-120-8	2709	9309	1	8	1	0	25	61348.332	100
pgsql	pk-xt-1M-1000-120-8	2709	9311	1	8	.25	0	50	3970.096	500
pgsql	pk-xt-1M-1000-120-8	2709	9314	1	8	.5	0	50	74798.064	1100
pgsql	pk-xt-1M-1000-120-8	2709	9316	1	8	.75	0	50	63958.647	100
pgsql	pk-xt-1M-1000-120-8	2709	9318	1	8	1	0	50	65970.455	100
pgsql	pk-xt-1M-1000-120-8	2709	9320	1	8	.25	0	75	52349.141	100
pgsql	pk-xt-1M-1000-120-8	2709	9322	1	8	.5	0	75	67700.268	600
pgsql	pk-xt-1M-1000-120-8	2709	9328	1	8	.75	0	75	57483.649	100
pgsql	pk-xt-1M-1000-120-8	2709	9336	1	8	1	0	75	61518.672	100
pgsql	pk-xt-1M-1000-120-8	2709	9339	1	8	.25	0	100	47114.802	100
pgsql	pk-xt-1M-1000-120-8	2709	9348	1	8	.5	0	100	51890.021	100
pgsql	pk-xt-1M-1000-120-8	2709	9353	1	8	.75	0	100	72169.469	500
pgsql	pk-xt-1M-1000-120-8	2709	9355	1	8	1	0	100	55896.76	100
pgsql	pk-xt-1M-1000-120-8	2709	9409	1	8	.25	.01	0	22552.107	1100
pgsql	pk-xt-1M-1000-120-8	2709	9412	1	8	.5	.01	0	22144.816	1100
pgsql	pk-xt-1M-1000-120-8	2709	9414	1	8	.75	.01	0	21719.262	1100
pgsql	pk-xt-1M-1000-120-8	2709	9416	1	8	1	.01	0	21364.521	1100
pgsql	pk-xt-1M-1000-120-8	2709	9419	1	8	.25	.1	0	22757.17	1100
pgsql	pk-xt-1M-1000-120-8	2709	9421	1	8	.5	.1	0	22372.536	1100
pgsql	pk-xt-1M-1000-120-8	2709	9423	1	8	.75	.1	0	21770.744	1100
pgsql	pk-xt-1M-1000-120-8	2709	9425	1	8	1	.1	0	21436.908	1100
pgsql	pk-xt-1M-1000-120-8	2709	9428	1	8	.25	1	0	23192.283	1100
pgsql	pk-xt-1M-1000-120-8	2709	9430	1	8	.5	1	0	22650.487	1100
pgsql	pk-xt-1M-1000-120-8	2709	9432	1	8	.75	1	0	22203.118	1100
pgsql	pk-xt-1M-1000-120-8	2709	9437	1	8	1	1	0	21561.081	1100
pgsql	xt-1M-1000-120-1	2829	1602	0	1	.25	0	25	64313.234	1100
pgsql	xt-1M-1000-120-1	2829	1623	0	1	.5	0	25	67628.107	1100
pgsql	xt-1M-1000-120-1	2829	1661	0	1	.75	0	25	69132.01	1100
pgsql	xt-1M-1000-120-1	2829	1683	0	1	1	0	25	70238.763	300
pgsql	xt-1M-1000-120-1	2829	1723	0	1	.25	0	50	67037.638	700
pgsql	xt-1M-1000-120-1	2829	1763	0	1	.5	0	50	75932.315	1100
pgsql	xt-1M-1000-120-1	2829	1801	0	1	.75	0	50	75594.03	800
pgsql	xt-1M-1000-120-1	2829	1842	0	1	1	0	50	77638.687	100
pgsql	xt-1M-1000-120-1	2829	1882	0	1	.25	0	75	73793.948	800
pgsql	xt-1M-1000-120-1	2829	1902	0	1	.5	0	75	82380.391	500
pgsql	xt-1M-1000-120-1	2829	1923	0	1	.75	0	75	81060.046	500
pgsql	xt-1M-1000-120-1	2829	1943	0	1	1	0	75	78714.305	100
pgsql	xt-1M-1000-120-1	2829	1983	0	1	.25	0	100	74643.145	500
pgsql	xt-1M-1000-120-1	2829	2022	0	1	.5	0	100	76160.069	500
pgsql	xt-1M-1000-120-1	2829	2043	0	1	.75	0	100	82472.059	500
pgsql	xt-1M-1000-120-1	2829	2083	0	1	1	0	100	79637.036	100
pgsql	xt-1M-1000-120-1	2829	2144	0	1	.75	.01	0	50557.14	1100
pgsql	xt-1M-1000-120-1	2829	2147	0	1	1	.01	0	49941.112	1100
pgsql	xt-1M-1000-120-1	2829	2522	0	1	.5	.1	0	52673.723	1100
pgsql	xt-1M-1000-120-1	2829	2541	0	1	.75	.1	0	51746.278	1100
pgsql	xt-1M-1000-120-1	2829	2561	0	1	1	.1	0	52032.962	1100
pgsql	xt-1M-1000-120-2	2769	401	0	2	.25	0	25	80021.745	800
pgsql	xt-1M-1000-120-2	2769	422	0	2	.5	0	25	89926.571	800
pgsql	xt-1M-1000-120-2	2769	462	0	2	.75	0	25	98876.963	1100
pgsql	xt-1M-1000-120-2	2769	482	0	2	1	0	25	91333.623	1100
pgsql	xt-1M-1000-120-2	2769	521	0	2	.25	0	50	79065.301	500
pgsql	xt-1M-1000-120-2	2769	542	0	2	.5	0	50	85570.052	500
pgsql	xt-1M-1000-120-2	2769	582	0	2	.75	0	50	92592.514	500
pgsql	xt-1M-1000-120-2	2769	601	0	2	1	0	50	89759.509	500
pgsql	xt-1M-1000-120-2	2769	641	0	2	.25	0	75	86149.943	700
pgsql	xt-1M-1000-120-2	2769	662	0	2	.5	0	75	86675.626	400
pgsql	xt-1M-1000-120-2	2769	702	0	2	.75	0	75	92925.334	400
pgsql	xt-1M-1000-120-2	2769	741	0	2	1	0	75	91925.85	400
pgsql	xt-1M-1000-120-2	2769	762	0	2	.25	0	100	85501.2	400
pgsql	xt-1M-1000-120-2	2769	802	0	2	.5	0	100	92223.211	400
pgsql	xt-1M-1000-120-2	2769	841	0	2	.75	0	100	89494.546	300
pgsql	xt-1M-1000-120-2	2769	862	0	2	1	0	100	91202.296	300
pgsql	xt-1M-1000-120-2	2769	902	0	2	.25	.01	0	66038.182	1100
pgsql	xt-1M-1000-120-2	2769	941	0	2	.5	.01	0	65136.197	1100
pgsql	xt-1M-1000-120-2	2769	962	0	2	.75	.01	0	64339.967	1100
pgsql	xt-1M-1000-120-2	2769	1001	0	2	1	.01	0	63886.837	1100
pgsql	xt-1M-1000-120-2	2769	1441	0	2	.25	.1	0	65737.125	1100
pgsql	xt-1M-1000-120-2	2769	1461	0	2	.5	.1	0	65787.815	1100
pgsql	xt-1M-1000-120-2	2769	1482	0	2	.75	.1	0	63965.714	1100
pgsql	xt-1M-1000-120-2	2769	1501	0	2	1	.1	0	64244.234	1100
pgsql	xt-1M-1000-120-2	2769	1821	0	2	.25	1	0	67560.136	1100
pgsql	xt-1M-1000-120-2	2769	1841	0	2	.5	1	0	66485.961	1100
pgsql	xt-1M-1000-120-2	2769	1861	0	2	.75	1	0	65306.485	1100
pgsql	xt-1M-1000-120-2	2769	1881	0	2	1	1	0	64915.28	1100
pgsql	xt-1M-1000-120-4	2589	2203	0	4	.25	0	25	80855.163	600
pgsql	xt-1M-1000-120-4	2589	2222	0	4	.5	0	25	84559.648	1100
pgsql	xt-1M-1000-120-4	2589	2224	0	4	.75	0	25	87045.731	700
pgsql	xt-1M-1000-120-4	2589	2225	0	4	1	0	25	84696.308	500
pgsql	xt-1M-1000-120-4	2589	2228	0	4	.25	0	50	75275.927	400
pgsql	xt-1M-1000-120-4	2589	2242	0	4	.5	0	50	84362.26	400
pgsql	xt-1M-1000-120-4	2589	2261	0	4	.75	0	50	82721.688	400
pgsql	xt-1M-1000-120-4	2589	2263	0	4	1	0	50	83232.39	400
pgsql	xt-1M-1000-120-4	2589	2283	0	4	.25	0	75	77088.655	300
pgsql	xt-1M-1000-120-4	2589	2301	0	4	.5	0	75	78297.57	300
pgsql	xt-1M-1000-120-4	2589	2304	0	4	.75	0	75	87580.941	300
pgsql	xt-1M-1000-120-4	2589	2322	0	4	1	0	75	92327.855	100
pgsql	xt-1M-1000-120-4	2589	2323	0	4	.25	0	100	82553.617	800
pgsql	xt-1M-1000-120-4	2589	2326	0	4	.5	0	100	87167.58	400
pgsql	xt-1M-1000-120-4	2589	2342	0	4	.75	0	100	86548.882	300
pgsql	xt-1M-1000-120-4	2589	2344	0	4	1	0	100	89302.755	300
pgsql	xt-1M-1000-120-4	2589	2362	0	4	.25	.01	0	38446.836	1100
pgsql	xt-1M-1000-120-4	2589	2382	0	4	.5	.01	0	37708.592	1100
pgsql	xt-1M-1000-120-4	2589	2384	0	4	.75	.01	0	36636.742	1100
pgsql	xt-1M-1000-120-4	2589	2387	0	4	1	.01	0	35761.396	1100
pgsql	xt-1M-1000-120-4	2589	3003	0	4	.25	.1	0	38414.155	1100
pgsql	xt-1M-1000-120-4	2589	3004	0	4	.5	.1	0	37816.046	1100
pgsql	xt-1M-1000-120-4	2589	3023	0	4	.75	.1	0	36753.24	1100
pgsql	xt-1M-1000-120-4	2589	3024	0	4	1	.1	0	35837.045	1100
pgsql	xt-1M-1000-120-4	2589	3183	0	4	.25	1	0	39459.641	1100
pgsql	xt-1M-1000-120-4	2589	3203	0	4	.75	1	0	38319.163	1100
pgsql	xt-1M-1000-120-4	2589	3204	0	4	1	1	0	36829.993	1100
pgsql	xt-1M-1000-120-6	3070	9771	0	6	.25	0	25	64436.353	500
pgsql	xt-1M-1000-120-6	3070	9772	0	6	.5	0	25	66783.926	100
pgsql	xt-1M-1000-120-6	3070	9773	0	6	.75	0	25	77498.035	100
pgsql	xt-1M-1000-120-6	3070	9774	0	6	1	0	25	80516.884	100
pgsql	xt-1M-1000-120-6	3070	9775	0	6	.25	0	50	56368.9	100
pgsql	xt-1M-1000-120-6	3070	9786	0	6	.5	0	50	63498.722	300
pgsql	xt-1M-1000-120-6	3070	9787	0	6	.75	0	50	71262.753	100
pgsql	xt-1M-1000-120-6	3070	9788	0	6	1	0	50	69128.662	100
pgsql	xt-1M-1000-120-6	3070	9789	0	6	.25	0	75	55594.125	200
pgsql	xt-1M-1000-120-6	3070	9790	0	6	.5	0	75	64930.411	100
pgsql	xt-1M-1000-120-6	3070	9791	0	6	.75	0	75	69847.564	100
pgsql	xt-1M-1000-120-6	3070	9792	0	6	1	0	75	69309.407	100
pgsql	xt-1M-1000-120-6	3070	9806	0	6	.25	0	100	52259.49	100
pgsql	xt-1M-1000-120-6	3070	9807	0	6	.5	0	100	60248.603	100
pgsql	xt-1M-1000-120-6	3070	9808	0	6	.75	0	100	63094.825	100
pgsql	xt-1M-1000-120-6	3070	9809	0	6	1	0	100	66836.335	100
pgsql	xt-1M-1000-120-6	3070	9810	0	6	.25	.01	0	27939.448	1100
pgsql	xt-1M-1000-120-6	3070	9811	0	6	.5	.01	0	27519.162	1100
pgsql	xt-1M-1000-120-6	3070	9812	0	6	.75	.01	0	27124.472	1100
pgsql	xt-1M-1000-120-6	3070	9813	0	6	1	.01	0	26802.149	1100
pgsql	xt-1M-1000-120-6	3070	9814	0	6	.25	.1	0	28075.534	1100
pgsql	xt-1M-1000-120-6	3070	9815	0	6	.5	.1	0	27830.846	1100
pgsql	xt-1M-1000-120-6	3070	9816	0	6	.75	.1	0	27257.612	1100
pgsql	xt-1M-1000-120-6	3070	9817	0	6	1	.1	0	26973.209	1100
pgsql	xt-1M-1000-120-6	3070	9826	0	6	.25	1	0	29247.323	1100
pgsql	xt-1M-1000-120-6	3070	9827	0	6	.5	1	0	27370.664	1100
pgsql	xt-1M-1000-120-6	3070	9828	0	6	.75	1	0	28088.421	1100
pgsql	xt-1M-1000-120-6	3070	9829	0	6	1	1	0	27401.183	1100
pgsql	xt-1M-1000-120-8	2749	3764	0	8	.25	0	25	79207.444	800
pgsql	xt-1M-1000-120-8	2749	3804	0	8	.5	0	25	90322.972	100
pgsql	xt-1M-1000-120-8	2749	3806	0	8	.75	0	25	82874.283	100
pgsql	xt-1M-1000-120-8	2749	3823	0	8	1	0	25	88253.775	100
pgsql	xt-1M-1000-120-8	2749	3843	0	8	.25	0	50	76313.047	500
pgsql	xt-1M-1000-120-8	2749	3863	0	8	.5	0	50	90581.731	400
pgsql	xt-1M-1000-120-8	2749	4164	0	8	.75	0	50	92835.006	400
pgsql	xt-1M-1000-120-8	2749	4184	0	8	1	0	50	95356.15	400
pgsql	xt-1M-1000-120-8	2749	4204	0	8	.25	0	75	79224.832	400
pgsql	xt-1M-1000-120-8	2749	4224	0	8	.5	0	75	99010.129	400
pgsql	xt-1M-1000-120-8	2749	4244	0	8	.75	0	75	98634.472	400
pgsql	xt-1M-1000-120-8	2749	4265	0	8	1	0	75	99950.033	400
pgsql	xt-1M-1000-120-8	2749	4384	0	8	.25	0	100	80637.426	400
pgsql	xt-1M-1000-120-8	2749	4604	0	8	.5	0	100	95449.415	400
pgsql	xt-1M-1000-120-8	2749	4625	0	8	.75	0	100	98047.245	300
pgsql	xt-1M-1000-120-8	2749	4724	0	8	1	0	100	99398.786	300
pgsql	xt-1M-1000-120-8	2749	4765	0	8	.25	.01	0	32050.841	1100
pgsql	xt-1M-1000-120-8	2749	4805	0	8	.5	.01	0	31655.223	1100
pgsql	xt-1M-1000-120-8	2749	4824	0	8	.75	.01	0	31283.672	1100
pgsql	xt-1M-1000-120-8	2749	4844	0	8	1	.01	0	30657.923	1100
pgsql	xt-1M-1000-120-8	2749	5205	0	8	.25	.1	0	32104.041	1100
pgsql	xt-1M-1000-120-8	2749	5245	0	8	.5	.1	0	31574.914	1100
pgsql	xt-1M-1000-120-8	2749	5284	0	8	.75	.1	0	31349.771	1100
pgsql	xt-1M-1000-120-8	2749	5304	0	8	1	.1	0	30843.135	1100
pgsql	xt-1M-1000-120-8	2749	5606	0	8	.25	1	0	32600.76	1100
pgsql	xt-1M-1000-120-8	2749	5608	0	8	.5	1	0	32276.777	1100
pgsql	xt-1M-1000-120-8	2749	5626	0	8	.75	1	0	31782.07	1100
pgsql	xt-1M-1000-120-8	2749	5628	0	8	1	1	0	31358.458	1100
sqlserver	pk-xt-30K-1000-120-1	2809	4425	1	1	.25	0	25	213683.807	1100
sqlserver	pk-xt-30K-1000-120-1	2809	4426	1	1	.5	0	25	210823.113	1100
sqlserver	pk-xt-30K-1000-120-1	2809	4444	1	1	.75	0	25	211261.359	1100
sqlserver	pk-xt-30K-1000-120-1	2809	4445	1	1	1	0	25	211448.473	1100
sqlserver	pk-xt-30K-1000-120-1	2809	4464	1	1	.25	0	50	214869.186	1100
sqlserver	pk-xt-30K-1000-120-1	2809	4465	1	1	.5	0	50	212389.25	1100
sqlserver	pk-xt-30K-1000-120-1	2809	4484	1	1	.75	0	50	211588.426	1100
sqlserver	pk-xt-30K-1000-120-1	2809	4486	1	1	1	0	50	218563.675	1100
sqlserver	pk-xt-30K-1000-120-1	2809	4504	1	1	.25	0	75	212217.924	1100
sqlserver	pk-xt-30K-1000-120-1	2809	4505	1	1	.5	0	75	211143.173	1100
sqlserver	pk-xt-30K-1000-120-1	2809	4524	1	1	.75	0	75	210958.495	1100
sqlserver	pk-xt-30K-1000-120-1	2809	4525	1	1	1	0	75	216990.415	1100
sqlserver	pk-xt-30K-1000-120-1	2809	4544	1	1	.25	0	100	212419.132	1100
sqlserver	pk-xt-30K-1000-120-1	2809	4545	1	1	.5	0	100	211424.923	1100
sqlserver	pk-xt-30K-1000-120-1	2809	4564	1	1	.75	0	100	212095.748	1100
sqlserver	pk-xt-30K-1000-120-1	2809	4565	1	1	1	0	100	214000.619	1100
sqlserver	pk-xt-30K-1000-120-1	2809	4584	1	1	.25	.01	0	103711.2	1100
sqlserver	pk-xt-30K-1000-120-1	2809	4585	1	1	.5	.01	0	103874.649	1100
sqlserver	pk-xt-30K-1000-120-1	2809	4624	1	1	.75	.01	0	103563.674	1100
sqlserver	pk-xt-30K-1000-120-1	2809	4626	1	1	1	.01	0	106913.538	1100
sqlserver	pk-xt-30K-1000-120-1	2809	4804	1	1	.25	.1	0	104300.569	1100
sqlserver	pk-xt-30K-1000-120-1	2809	4806	1	1	.5	.1	0	104523.091	1100
sqlserver	pk-xt-30K-1000-120-1	2809	4825	1	1	.75	.1	0	102631.224	1100
sqlserver	pk-xt-30K-1000-120-1	2809	4845	1	1	1	.1	0	105995.053	1100
sqlserver	pk-xt-30K-1000-120-1	2809	5066	1	1	.25	1	0	104642.384	1100
sqlserver	pk-xt-30K-1000-120-1	2809	5085	1	1	.5	1	0	106366.981	1100
sqlserver	pk-xt-30K-1000-120-1	2809	5105	1	1	.75	1	0	104568.449	1100
sqlserver	pk-xt-30K-1000-120-1	2809	5125	1	1	1	1	0	108411.07	1100
sqlserver	pk-xt-30K-1000-120-2	2649	7026	1	2	.25	0	25	18207.792	400
sqlserver	pk-xt-30K-1000-120-2	2649	7046	1	2	.5	0	25	17741.861	400
sqlserver	pk-xt-30K-1000-120-2	2649	7066	1	2	.75	0	25	17406.459	400
sqlserver	pk-xt-30K-1000-120-2	2649	7086	1	2	1	0	25	17426.623	400
sqlserver	pk-xt-30K-1000-120-2	2649	7106	1	2	.25	0	50	18040.65	400
sqlserver	pk-xt-30K-1000-120-2	2649	7126	1	2	.5	0	50	17815.537	400
sqlserver	pk-xt-30K-1000-120-2	2649	7146	1	2	.75	0	50	17718.664	400
sqlserver	pk-xt-30K-1000-120-2	2649	7166	1	2	1	0	50	17669.393	400
sqlserver	pk-xt-30K-1000-120-2	2649	7186	1	2	.25	0	75	24309.948	100
sqlserver	pk-xt-30K-1000-120-2	2649	7206	1	2	.5	0	75	18517.768	400
sqlserver	pk-xt-30K-1000-120-2	2649	7226	1	2	.75	0	75	18324.035	400
sqlserver	pk-xt-30K-1000-120-2	2649	7266	1	2	1	0	75	18223.591	400
sqlserver	pk-xt-30K-1000-120-2	2649	7287	1	2	.25	0	100	19197.696	400
sqlserver	pk-xt-30K-1000-120-2	2649	7307	1	2	.5	0	100	18732.946	400
sqlserver	pk-xt-30K-1000-120-2	2649	7326	1	2	.75	0	100	18747.075	400
sqlserver	pk-xt-30K-1000-120-2	2649	7346	1	2	1	0	100	18770.531	400
sqlserver	pk-xt-30K-1000-120-2	2649	7386	1	2	.25	.01	0	2636.161	1100
sqlserver	pk-xt-30K-1000-120-2	2649	7407	1	2	.5	.01	0	2342.381	1100
sqlserver	pk-xt-30K-1000-120-2	2649	7426	1	2	.75	.01	0	2304.332	1100
sqlserver	pk-xt-30K-1000-120-2	2649	7446	1	2	1	.01	0	2261.146	1100
sqlserver	pk-xt-30K-1000-120-2	2649	9506	1	2	.25	.1	0	2401.478	1100
sqlserver	pk-xt-30K-1000-120-2	2649	9526	1	2	.5	.1	0	2376.839	1100
sqlserver	pk-xt-30K-1000-120-2	2649	9527	1	2	.75	.1	0	2304.101	1100
sqlserver	pk-xt-30K-1000-120-2	2649	9528	1	2	1	.1	0	2259.449	1100
sqlserver	pk-xt-30K-1000-120-2	2649	9529	1	2	.25	1	0	2444.415	1100
sqlserver	pk-xt-30K-1000-120-2	2649	9530	1	2	.5	1	0	2410.281	1100
sqlserver	pk-xt-30K-1000-120-2	2649	9531	1	2	.75	1	0	2383.027	1100
sqlserver	pk-xt-30K-1000-120-2	2649	9532	1	2	1	1	0	2337.819	1100
sqlserver	pk-xt-30K-1000-120-4	2409	8347	1	4	.25	0	25	181.851	700
sqlserver	pk-xt-30K-1000-120-4	2409	8446	1	4	.5	0	25	194.873	700
sqlserver	pk-xt-30K-1000-120-4	2409	8467	1	4	.75	0	25	197.528	700
sqlserver	pk-xt-30K-1000-120-4	2409	8506	1	4	1	0	25	188.281	700
sqlserver	pk-xt-30K-1000-120-4	2409	8546	1	4	.25	0	50	191.749	700
sqlserver	pk-xt-30K-1000-120-4	2409	8566	1	4	.5	0	50	193.564	700
sqlserver	pk-xt-30K-1000-120-4	2409	8587	1	4	.75	0	50	195.984	700
sqlserver	pk-xt-30K-1000-120-4	2409	8626	1	4	1	0	50	186.273	700
sqlserver	pk-xt-30K-1000-120-4	2409	8666	1	4	.25	0	75	192.282	700
sqlserver	pk-xt-30K-1000-120-4	2409	8826	1	4	.5	0	75	183.113	700
sqlserver	pk-xt-30K-1000-120-4	2409	8846	1	4	.75	0	75	193.069	700
sqlserver	pk-xt-30K-1000-120-4	2409	8866	1	4	1	0	75	193.659	700
sqlserver	pk-xt-30K-1000-120-4	2409	8886	1	4	.25	0	100	193.512	700
sqlserver	pk-xt-30K-1000-120-4	2409	8906	1	4	.5	0	100	195.929	700
sqlserver	pk-xt-30K-1000-120-4	2409	8926	1	4	.75	0	100	195.951	700
sqlserver	pk-xt-30K-1000-120-4	2409	8946	1	4	1	0	100	198.465	700
sqlserver	pk-xt-30K-1000-120-4	2409	8966	1	4	.25	.01	0	859.202	1100
sqlserver	pk-xt-30K-1000-120-4	2409	8986	1	4	.5	.01	0	842.36	1100
sqlserver	pk-xt-30K-1000-120-4	2409	9006	1	4	.75	.01	0	863.681	1100
sqlserver	pk-xt-30K-1000-120-4	2409	9026	1	4	1	.01	0	815.897	1100
sqlserver	pk-xt-30K-1000-120-4	2409	9046	1	4	.25	.1	0	860.003	1100
sqlserver	pk-xt-30K-1000-120-4	2409	9067	1	4	.5	.1	0	846.04	1100
sqlserver	pk-xt-30K-1000-120-4	2409	9086	1	4	.75	.1	0	835.843	1100
sqlserver	pk-xt-30K-1000-120-4	2409	9106	1	4	1	.1	0	818.369	1100
sqlserver	pk-xt-30K-1000-120-4	2409	9126	1	4	.25	1	0	886.701	1100
sqlserver	pk-xt-30K-1000-120-4	2409	9146	1	4	.5	1	0	871.415	1100
sqlserver	pk-xt-30K-1000-120-4	2409	9166	1	4	.75	1	0	886.59	1100
sqlserver	pk-xt-30K-1000-120-4	2409	9186	1	4	1	1	0	850.943	1100
sqlserver	pk-xt-30K-1000-120-6	3150	9567	1	6	.25	0	25	73.795	400
sqlserver	pk-xt-30K-1000-120-6	3150	9569	1	6	.5	0	25	55.019	500
sqlserver	pk-xt-30K-1000-120-6	3150	9571	1	6	.75	0	25	2756.12	500
sqlserver	pk-xt-30K-1000-120-6	3150	9573	1	6	1	0	25	3301.773	500
sqlserver	pk-xt-30K-1000-120-6	3150	9586	1	6	.25	0	50	4268.959	400
sqlserver	pk-xt-30K-1000-120-6	3150	9588	1	6	.5	0	50	4721.691	100
sqlserver	pk-xt-30K-1000-120-6	3150	9590	1	6	.75	0	50	3686.628	500
sqlserver	pk-xt-30K-1000-120-6	3150	9592	1	6	1	0	50	3145.623	500
sqlserver	pk-xt-30K-1000-120-6	3150	9594	1	6	.25	0	75	5276.593	400
sqlserver	pk-xt-30K-1000-120-6	3150	9596	1	6	.5	0	75	4211.029	500
sqlserver	pk-xt-30K-1000-120-6	3150	9606	1	6	.75	0	75	3550.237	500
sqlserver	pk-xt-30K-1000-120-6	3150	9608	1	6	1	0	75	3162.129	500
sqlserver	pk-xt-30K-1000-120-6	3150	9610	1	6	.25	0	100	4374.307	400
sqlserver	pk-xt-30K-1000-120-6	3150	9612	1	6	.5	0	100	3980.59	500
sqlserver	pk-xt-30K-1000-120-6	3150	9613	1	6	.75	0	100	3702.823	100
sqlserver	pk-xt-30K-1000-120-6	3150	9615	1	6	1	0	100	3940.621	500
sqlserver	pk-xt-30K-1000-120-6	3150	9627	1	6	.25	.01	0	525.875	1100
sqlserver	pk-xt-30K-1000-120-6	3150	9629	1	6	.5	.01	0	517.861	1100
sqlserver	pk-xt-30K-1000-120-6	3150	9631	1	6	.75	.01	0	510.087	1100
sqlserver	pk-xt-30K-1000-120-6	3150	9646	1	6	1	.01	0	501.673	1100
sqlserver	pk-xt-30K-1000-120-6	3150	9648	1	6	.25	.1	0	526.157	1100
sqlserver	pk-xt-30K-1000-120-6	3150	9650	1	6	.5	.1	0	520.454	1100
sqlserver	pk-xt-30K-1000-120-6	3150	9652	1	6	.75	.1	0	516.591	1100
sqlserver	pk-xt-30K-1000-120-6	3150	9654	1	6	1	.1	0	503.918	1100
sqlserver	pk-xt-30K-1000-120-6	3150	9667	1	6	.25	1	0	544.658	1100
sqlserver	pk-xt-30K-1000-120-6	3150	9669	1	6	.5	1	0	536.678	1100
sqlserver	pk-xt-30K-1000-120-6	3150	9671	1	6	.75	1	0	529.201	1100
sqlserver	pk-xt-30K-1000-120-6	3150	9673	1	6	1	1	0	520.895	1100
sqlserver	pk-xt-30K-1000-120-8	2049	9398	1	8	.25	0	25	71.251	1100
sqlserver	pk-xt-30K-1000-120-8	2049	9399	1	8	.5	0	25	70.908	800
sqlserver	pk-xt-30K-1000-120-8	2049	9400	1	8	.75	0	25	75.083	1100
sqlserver	pk-xt-30K-1000-120-8	2049	9401	1	8	1	0	25	74.339	1100
sqlserver	pk-xt-30K-1000-120-8	2049	9402	1	8	.25	0	50	68.887	1100
sqlserver	pk-xt-30K-1000-120-8	2049	9403	1	8	.5	0	50	75.873	800
sqlserver	pk-xt-30K-1000-120-8	2049	9404	1	8	.75	0	50	73.673	800
sqlserver	pk-xt-30K-1000-120-8	2049	9405	1	8	1	0	50	73.089	1100
sqlserver	pk-xt-30K-1000-120-8	2049	9406	1	8	.25	0	75	71.829	1100
sqlserver	pk-xt-30K-1000-120-8	2049	9407	1	8	.5	0	75	75.678	800
sqlserver	pk-xt-30K-1000-120-8	2049	9408	1	8	.75	0	75	71.682	1100
sqlserver	pk-xt-30K-1000-120-8	2049	9410	1	8	1	0	75	75.707	800
sqlserver	pk-xt-30K-1000-120-8	2049	9411	1	8	.25	0	100	70.023	1100
sqlserver	pk-xt-30K-1000-120-8	2049	9459	1	8	.5	0	100	76.182	800
sqlserver	pk-xt-30K-1000-120-8	2049	9460	1	8	.75	0	100	76.649	800
sqlserver	pk-xt-30K-1000-120-8	2049	9461	1	8	1	0	100	73.591	800
sqlserver	pk-xt-30K-1000-120-8	2049	9462	1	8	.25	.01	0	387.48	1100
sqlserver	pk-xt-30K-1000-120-8	2049	9463	1	8	.5	.01	0	374.393	1100
sqlserver	pk-xt-30K-1000-120-8	2049	9464	1	8	.75	.01	0	369.145	1100
sqlserver	pk-xt-30K-1000-120-8	2049	9465	1	8	1	.01	0	362.442	1100
sqlserver	pk-xt-30K-1000-120-8	2049	9466	1	8	.25	.1	0	380.904	1100
sqlserver	pk-xt-30K-1000-120-8	2049	9467	1	8	.5	.1	0	375.232	1100
sqlserver	pk-xt-30K-1000-120-8	2049	9468	1	8	.75	.1	0	369.361	1100
sqlserver	pk-xt-30K-1000-120-8	2049	9469	1	8	1	.1	0	367.889	1100
sqlserver	pk-xt-30K-1000-120-8	2049	9470	1	8	.25	1	0	392.498	1100
sqlserver	pk-xt-30K-1000-120-8	2049	9471	1	8	.5	1	0	394.482	1100
sqlserver	pk-xt-30K-1000-120-8	2049	9472	1	8	.75	1	0	382.555	1100
sqlserver	pk-xt-30K-1000-120-8	2049	9473	1	8	1	1	0	376.589	1100
sqlserver	xt-30K-1000-120-1	2909	41	0	1	.25	0	25	213053.25	1100
sqlserver	xt-30K-1000-120-1	2909	42	0	1	.5	0	25	212323.401	1100
sqlserver	xt-30K-1000-120-1	2909	61	0	1	.75	0	25	213834.913	1100
sqlserver	xt-30K-1000-120-1	2909	62	0	1	1	0	25	216637.32	1100
sqlserver	xt-30K-1000-120-1	2909	81	0	1	.25	0	50	213890.456	1100
sqlserver	xt-30K-1000-120-1	2909	101	0	1	.5	0	50	92665.284	700
sqlserver	xt-30K-1000-120-1	2909	121	0	1	.75	0	50	92074.116	800
sqlserver	xt-30K-1000-120-1	2909	141	0	1	1	0	50	93274.925	500
sqlserver	xt-30K-1000-120-1	2909	142	0	1	.25	0	75	83733.588	800
sqlserver	xt-30K-1000-120-1	2909	143	0	1	.5	0	75	91885.465	700
sqlserver	xt-30K-1000-120-1	2909	161	0	1	.75	0	75	91815.531	700
sqlserver	xt-30K-1000-120-1	2909	162	0	1	1	0	75	93771.71	500
sqlserver	xt-30K-1000-120-1	2909	181	0	1	.25	0	100	92078.417	800
sqlserver	xt-30K-1000-120-1	2909	182	0	1	.5	0	100	91713.815	700
sqlserver	xt-30K-1000-120-1	2909	201	0	1	.75	0	100	90450.611	800
sqlserver	xt-30K-1000-120-1	2909	221	0	1	1	0	100	94316.988	500
sqlserver	xt-30K-1000-120-1	2909	222	0	1	.25	.01	0	53748.188	600
sqlserver	xt-30K-1000-120-1	2909	241	0	1	.5	.01	0	54330.375	600
sqlserver	xt-30K-1000-120-1	2909	261	0	1	.75	.01	0	53992.32	700
sqlserver	xt-30K-1000-120-1	2909	281	0	1	1	.01	0	53221.534	700
sqlserver	xt-30K-1000-120-1	2909	583	0	1	.25	.1	0	53888.845	600
sqlserver	xt-30K-1000-120-1	2909	602	0	1	.5	.1	0	53772.679	600
sqlserver	xt-30K-1000-120-1	2909	621	0	1	.75	.1	0	56158.949	700
sqlserver	xt-30K-1000-120-1	2909	642	0	1	1	.1	0	54655.901	700
sqlserver	xt-30K-1000-120-1	2909	981	0	1	.25	1	0	54544.348	600
sqlserver	xt-30K-1000-120-1	2909	1002	0	1	.5	1	0	54142.108	600
sqlserver	xt-30K-1000-120-1	2909	1022	0	1	.75	1	0	54074.696	700
sqlserver	xt-30K-1000-120-1	2909	1041	0	1	1	1	0	54977.729	700
sqlserver	xt-30K-1000-120-2	2669	6066	0	2	.25	0	25	18703.466	400
sqlserver	xt-30K-1000-120-2	2669	6086	0	2	.5	0	25	23955.916	400
sqlserver	xt-30K-1000-120-2	2669	6106	0	2	.75	0	25	18192.883	400
sqlserver	xt-30K-1000-120-2	2669	6107	0	2	1	0	25	18247.166	400
sqlserver	xt-30K-1000-120-2	2669	6126	0	2	.25	0	50	18791.574	400
sqlserver	xt-30K-1000-120-2	2669	6146	0	2	.5	0	50	18768.612	400
sqlserver	xt-30K-1000-120-2	2669	6166	0	2	.75	0	50	18540.999	400
sqlserver	xt-30K-1000-120-2	2669	6167	0	2	1	0	50	18526.199	400
sqlserver	xt-30K-1000-120-2	2669	6186	0	2	.25	0	75	19775.848	400
sqlserver	xt-30K-1000-120-2	2669	6188	0	2	.5	0	75	19308.872	400
sqlserver	xt-30K-1000-120-2	2669	6206	0	2	.75	0	75	19182.68	400
sqlserver	xt-30K-1000-120-2	2669	6226	0	2	1	0	75	18628.163	400
sqlserver	xt-30K-1000-120-2	2669	6246	0	2	.25	0	100	20085.83	400
sqlserver	xt-30K-1000-120-2	2669	6247	0	2	.5	0	100	19216.407	400
sqlserver	xt-30K-1000-120-2	2669	6266	0	2	.75	0	100	19249.189	400
sqlserver	xt-30K-1000-120-2	2669	6267	0	2	1	0	100	19205.342	400
sqlserver	xt-30K-1000-120-2	2669	6286	0	2	.25	.01	0	2709.137	1100
sqlserver	xt-30K-1000-120-2	2669	6287	0	2	.5	.01	0	2637.255	1100
sqlserver	xt-30K-1000-120-2	2669	6306	0	2	.75	.01	0	2841.823	1100
sqlserver	xt-30K-1000-120-2	2669	6307	0	2	1	.01	0	2574.081	1100
sqlserver	xt-30K-1000-120-2	2669	6486	0	2	.25	.1	0	2743.147	1100
sqlserver	xt-30K-1000-120-2	2669	6487	0	2	.5	.1	0	2672.702	1100
sqlserver	xt-30K-1000-120-2	2669	6506	0	2	.75	.1	0	2626.881	1100
sqlserver	xt-30K-1000-120-2	2669	6507	0	2	1	.1	0	2576.899	1100
sqlserver	xt-30K-1000-120-2	2669	6726	0	2	.25	1	0	2803.311	1100
sqlserver	xt-30K-1000-120-2	2669	6727	0	2	.5	1	0	2745.139	1100
sqlserver	xt-30K-1000-120-2	2669	6728	0	2	.75	1	0	2709.616	1100
sqlserver	xt-30K-1000-120-2	2669	6746	0	2	1	1	0	2628.493	1100
sqlserver	xt-30K-1000-120-4	2410	7746	0	4	.25	0	25	188.951	700
sqlserver	xt-30K-1000-120-4	2410	9345	0	4	.5	0	25	204.109	700
sqlserver	xt-30K-1000-120-4	2410	9346	0	4	.75	0	25	188.924	700
sqlserver	xt-30K-1000-120-4	2410	9347	0	4	1	0	25	202.669	700
sqlserver	xt-30K-1000-120-4	2410	9349	0	4	.25	0	50	15179.934	400
sqlserver	xt-30K-1000-120-4	2410	9350	0	4	.5	0	50	13258.365	100
sqlserver	xt-30K-1000-120-4	2410	9351	0	4	.75	0	50	12007.932	400
sqlserver	xt-30K-1000-120-4	2410	9352	0	4	1	0	50	11403.022	200
sqlserver	xt-30K-1000-120-4	2410	9354	0	4	.25	0	75	15056.374	400
sqlserver	xt-30K-1000-120-4	2410	9356	0	4	.5	0	75	14484.993	400
sqlserver	xt-30K-1000-120-4	2410	9366	0	4	.75	0	75	13129.631	400
sqlserver	xt-30K-1000-120-4	2410	9367	0	4	1	0	75	12112.662	100
sqlserver	xt-30K-1000-120-4	2410	9368	0	4	.25	0	100	16353.262	400
sqlserver	xt-30K-1000-120-4	2410	9369	0	4	.5	0	100	15273.188	400
sqlserver	xt-30K-1000-120-4	2410	9370	0	4	.75	0	100	13737.499	400
sqlserver	xt-30K-1000-120-4	2410	9371	0	4	1	0	100	13067.466	400
sqlserver	xt-30K-1000-120-4	2410	9372	0	4	.25	.01	0	957.127	1100
sqlserver	xt-30K-1000-120-4	2410	9387	0	4	.5	.01	0	930.164	1100
sqlserver	xt-30K-1000-120-4	2410	9388	0	4	.75	.01	0	911.352	1100
sqlserver	xt-30K-1000-120-4	2410	9389	0	4	1	.01	0	895.437	1100
sqlserver	xt-30K-1000-120-4	2410	9390	0	4	.25	.1	0	987.638	1100
sqlserver	xt-30K-1000-120-4	2410	9391	0	4	.5	.1	0	934.887	1100
sqlserver	xt-30K-1000-120-4	2410	9392	0	4	.75	.1	0	916.999	1100
sqlserver	xt-30K-1000-120-4	2410	9393	0	4	1	.1	0	882.769	1100
sqlserver	xt-30K-1000-120-4	2410	9394	0	4	.25	1	0	995.171	1100
sqlserver	xt-30K-1000-120-4	2410	9395	0	4	.5	1	0	967.569	1100
sqlserver	xt-30K-1000-120-4	2410	9396	0	4	.75	1	0	945.193	1100
sqlserver	xt-30K-1000-120-4	2410	9397	0	4	1	1	0	925.016	1100
sqlserver	xt-30K-1000-120-6	3189	9686	0	6	.25	0	25	4591.525	500
sqlserver	xt-30K-1000-120-6	3189	9706	0	6	.5	0	25	3476.832	500
sqlserver	xt-30K-1000-120-6	3189	9707	0	6	.75	0	25	3143.754	500
sqlserver	xt-30K-1000-120-6	3189	9708	0	6	1	0	25	2638.871	500
sqlserver	xt-30K-1000-120-6	3189	9709	0	6	.25	0	50	5602.741	100
sqlserver	xt-30K-1000-120-6	3189	9710	0	6	.5	0	50	4164.054	200
sqlserver	xt-30K-1000-120-6	3189	9711	0	6	.75	0	50	3598.197	300
sqlserver	xt-30K-1000-120-6	3189	9726	0	6	1	0	50	2851.663	400
sqlserver	xt-30K-1000-120-6	3189	9727	0	6	.25	0	75	6943.529	400
sqlserver	xt-30K-1000-120-6	3189	9728	0	6	.5	0	75	4965.954	100
sqlserver	xt-30K-1000-120-6	3189	9729	0	6	.75	0	75	3837.591	500
sqlserver	xt-30K-1000-120-6	3189	9730	0	6	1	0	75	3571.4	200
sqlserver	xt-30K-1000-120-6	3189	9731	0	6	.25	0	100	4947.099	100
sqlserver	xt-30K-1000-120-6	3189	9732	0	6	.5	0	100	5002.347	100
sqlserver	xt-30K-1000-120-6	3189	9733	0	6	.75	0	100	4869.725	100
sqlserver	xt-30K-1000-120-6	3189	9734	0	6	1	0	100	3826.976	100
sqlserver	xt-30K-1000-120-6	3189	9746	0	6	.25	.01	0	585.355	1100
sqlserver	xt-30K-1000-120-6	3189	9747	0	6	.5	.01	0	581.921	1100
sqlserver	xt-30K-1000-120-6	3189	9748	0	6	.75	.01	0	560.622	1100
sqlserver	xt-30K-1000-120-6	3189	9749	0	6	1	.01	0	550.47	1100
sqlserver	xt-30K-1000-120-6	3189	9750	0	6	.25	.1	0	585.394	1100
sqlserver	xt-30K-1000-120-6	3189	9751	0	6	.5	.1	0	571.923	1100
sqlserver	xt-30K-1000-120-6	3189	9752	0	6	.75	.1	0	566.273	1100
sqlserver	xt-30K-1000-120-6	3189	9766	0	6	1	.1	0	551.389	1100
sqlserver	xt-30K-1000-120-6	3189	9767	0	6	.25	1	0	601.42	1100
sqlserver	xt-30K-1000-120-6	3189	9768	0	6	.5	1	0	590.314	1100
sqlserver	xt-30K-1000-120-6	3189	9769	0	6	.75	1	0	577.845	1100
sqlserver	xt-30K-1000-120-6	3189	9770	0	6	1	1	0	567.397	1100
sqlserver	xt-30K-1000-120-8	2269	9286	0	8	.25	0	25	67.916	1100
sqlserver	xt-30K-1000-120-8	2269	9287	0	8	.5	0	25	76.798	800
sqlserver	xt-30K-1000-120-8	2269	9288	0	8	.75	0	25	76.581	800
sqlserver	xt-30K-1000-120-8	2269	9289	0	8	1	0	25	76.492	800
sqlserver	xt-30K-1000-120-8	2269	9290	0	8	.25	0	50	70.894	800
sqlserver	xt-30K-1000-120-8	2269	9291	0	8	.5	0	50	73.57	1100
sqlserver	xt-30K-1000-120-8	2269	9292	0	8	.75	0	50	75.822	800
sqlserver	xt-30K-1000-120-8	2269	9293	0	8	1	0	50	72.851	800
sqlserver	xt-30K-1000-120-8	2269	9294	0	8	.25	0	75	74.794	800
sqlserver	xt-30K-1000-120-8	2269	9296	0	8	.5	0	75	78.109	800
sqlserver	xt-30K-1000-120-8	2269	9297	0	8	.75	0	75	79.319	800
sqlserver	xt-30K-1000-120-8	2269	9298	0	8	1	0	75	76.235	800
sqlserver	xt-30K-1000-120-8	2269	9299	0	8	.25	0	100	75.099	800
sqlserver	xt-30K-1000-120-8	2269	9300	0	8	.5	0	100	79.767	800
sqlserver	xt-30K-1000-120-8	2269	9301	0	8	.75	0	100	86.774	800
sqlserver	xt-30K-1000-120-8	2269	9302	0	8	1	0	100	83.909	800
sqlserver	xt-30K-1000-120-8	2269	9303	0	8	.25	.01	0	424.682	1100
sqlserver	xt-30K-1000-120-8	2269	9324	0	8	.5	.01	0	421.661	1100
sqlserver	xt-30K-1000-120-8	2269	9325	0	8	.75	.01	0	396.584	1100
sqlserver	xt-30K-1000-120-8	2269	9326	0	8	1	.01	0	397.022	1100
sqlserver	xt-30K-1000-120-8	2269	9327	0	8	.25	.1	0	421.95	1100
sqlserver	xt-30K-1000-120-8	2269	9330	0	8	.5	.1	0	414.362	1100
sqlserver	xt-30K-1000-120-8	2269	9331	0	8	.75	.1	0	404.703	1100
sqlserver	xt-30K-1000-120-8	2269	9332	0	8	1	.1	0	396.991	1100
sqlserver	xt-30K-1000-120-8	2269	9333	0	8	.25	1	0	434.178	1100
sqlserver	xt-30K-1000-120-8	2269	9335	0	8	.5	1	0	434.073	1100
sqlserver	xt-30K-1000-120-8	2269	9338	0	8	.75	1	0	419.754	1100
sqlserver	xt-30K-1000-120-8	2269	9386	0	8	1	1	0	410.379	1100
