DBMS	EXPERIMENTNAME	RUNID	BATCHSETID	PK	NUMPROCESSORS	ACTROWPOOL	PCTREAD	PCTUPDATE	ATP	MAXMPL
db2	pk-xt-1M-1000-120-1	2309	7207	1	1	.25	0	25	1.70903382586908087492415300051287507768E02	1100
db2	pk-xt-1M-1000-120-1	2309	7246	1	1	.5	0	25	1.50377731563693472286897267581833978923E02	1100
db2	pk-xt-1M-1000-120-1	2309	7286	1	1	.75	0	25	1.49741639399229546506983963947304400084E02	1100
db2	pk-xt-1M-1000-120-1	2309	7306	1	1	1	0	25	1.57084992064037004315212777268884743662E02	1100
db2	pk-xt-1M-1000-120-1	2309	7327	1	1	.25	0	50	1.44092947009329088689744819779629537874E02	1100
db2	pk-xt-1M-1000-120-1	2309	7366	1	1	.5	0	50	1.45268511470548002512017189934600480137E02	1100
db2	pk-xt-1M-1000-120-1	2309	7406	1	1	.75	0	50	1.47483886885616357109007817173205355756E02	1100
db2	pk-xt-1M-1000-120-1	2309	7427	1	1	1	0	50	1.47795092433123862476459425110396469288E02	1100
db2	pk-xt-1M-1000-120-1	2309	7467	1	1	.25	0	75	1.43369208631750050136444201588290075257E02	1100
db2	pk-xt-1M-1000-120-1	2309	7506	1	1	.5	0	75	1.45274190959266729329071171791331572602E02	1100
db2	pk-xt-1M-1000-120-1	2309	7546	1	1	.75	0	75	1.47895364268246587725060896734948552515E02	1100
db2	pk-xt-1M-1000-120-1	2309	7587	1	1	1	0	75	1.50522939571286199584901175060490222237E02	1100
db2	pk-xt-1M-1000-120-1	2309	7627	1	1	.25	0	100	1.42520163082049824204776056446916711084E02	1100
db2	pk-xt-1M-1000-120-1	2309	7666	1	1	.5	0	100	1.45087486405263570467067124124680669699E02	1100
db2	pk-xt-1M-1000-120-1	2309	7686	1	1	.75	0	100	1.47461547849341492269946300702658641369E02	1100
db2	pk-xt-1M-1000-120-1	2309	7706	1	1	1	0	100	1.4958960024537081134395897289386226656E02	1100
db2	pk-xt-1M-1000-120-1	2309	7726	1	1	.25	.01	0	3.16092342653724362025788024918765651839E04	1100
db2	pk-xt-1M-1000-120-1	2309	7747	1	1	.5	.01	0	3.45080757445859652225396080903921787237E04	1100
db2	pk-xt-1M-1000-120-1	2309	7786	1	1	1	.01	0	3.3309662451296606889433621468197651916E04	1100
db2	pk-xt-1M-1000-120-1	2309	8126	1	1	.25	.1	0	6.42427781348177379255560036400793748297E03	1100
db2	pk-xt-1M-1000-120-1	2309	8166	1	1	.75	.1	0	2.72523213279648563457987826907471427772E02	800
db2	pk-xt-1M-1000-120-1	2309	8186	1	1	1	.1	0	2.70091539625821149375068266575124440214E04	800
db2	pk-xt-1M-1000-120-1	2309	8526	1	1	.25	1	0	5.24992931480885272497445576689308975496E03	200
db2	pk-xt-1M-1000-120-1	2309	8547	1	1	.5	1	0	1.3729002779749736992909499901639624691E04	800
db2	pk-xt-1M-1000-120-1	2309	8567	1	1	.75	1	0	3.28286037828298386863579100469649041679E02	800
db2	pk-xt-1M-1000-120-1	2309	8586	1	1	1	1	0	6.47476076753498608451927442117521662754E03	1100
db2	pk-xt-1M-1000-120-2	2069	9266	1	2	.25	0	25	1.24951303142015630869457179354451767202E02	1100
db2	pk-xt-1M-1000-120-2	2069	9305	1	2	.5	0	25	1.07663061611664360282110138468010162014E02	1100
db2	pk-xt-1M-1000-120-2	2069	9306	1	2	.75	0	25	1.23547968524018264927207733145025643386E02	1100
db2	pk-xt-1M-1000-120-2	2069	9308	1	2	1	0	25	1.34317613316299652281144544850237789639E02	1100
db2	pk-xt-1M-1000-120-2	2069	9310	1	2	.25	0	50	1.09680833925247468217044201819650438581E02	1100
db2	pk-xt-1M-1000-120-2	2069	9312	1	2	.5	0	50	1.08877531959668784343796260441197569477E02	1100
db2	pk-xt-1M-1000-120-2	2069	9313	1	2	.75	0	50	1.75563438294625182738486542002587706323E02	800
db2	pk-xt-1M-1000-120-2	2069	9315	1	2	1	0	50	1.23016879249528147994310070457433462818E02	1100
db2	pk-xt-1M-1000-120-2	2069	9317	1	2	.25	0	75	1.0013813244434840084640266770096838704E02	1100
db2	pk-xt-1M-1000-120-2	2069	9319	1	2	.5	0	75	1.06724392686467537332984100234496173329E02	1100
db2	pk-xt-1M-1000-120-2	2069	9321	1	2	.75	0	75	1.0656444305115094781785442003679567076E02	1100
db2	pk-xt-1M-1000-120-2	2069	9323	1	2	1	0	75	1.08853379891379942788857271900750546994E02	1100
db2	pk-xt-1M-1000-120-2	2069	9329	1	2	.25	0	100	9.68632626948380929241259562947403659129E01	1100
db2	pk-xt-1M-1000-120-2	2069	9334	1	2	.5	0	100	1.04340538929862523951238153451230159026E02	1100
db2	pk-xt-1M-1000-120-2	2069	9337	1	2	.75	0	100	1.08178144223627402289339176315010263326E02	1100
db2	pk-xt-1M-1000-120-2	2069	9340	1	2	1	0	100	1.08182406873583359666228833388713032933E02	1100
db2	pk-xt-1M-1000-120-2	2069	9341	1	2	.25	.01	0	1.31934409701707615822465595503998847179E05	1100
db2	pk-xt-1M-1000-120-2	2069	9434	1	2	.5	.01	0	1.24584770571474942744305988855427118461E05	1100
db2	pk-xt-1M-1000-120-2	2069	9436	1	2	.75	.01	0	1.28129075249746633849717677718256840886E05	1100
db2	pk-xt-1M-1000-120-2	2069	9439	1	2	1	.01	0	1.35472248410863912164114417798324183762E05	1100
db2	pk-xt-1M-1000-120-2	2069	9441	1	2	.25	.1	0	3.92225512492001916541685681166859660096E03	1100
db2	pk-xt-1M-1000-120-2	2069	9443	1	2	.5	.1	0	7.74942816691089326566747328836830244384E03	200
db2	pk-xt-1M-1000-120-2	2069	9445	1	2	.75	.1	0	1.05850207020200308108372788531437977182E04	200
db2	pk-xt-1M-1000-120-2	2069	9447	1	2	1	.1	0	9.42209561557574544081423678067934589072E03	1100
db2	pk-xt-1M-1000-120-2	2069	9448	1	2	.25	1	0	3.55639891261259132662839020983794199725E03	800
db2	pk-xt-1M-1000-120-2	2069	9450	1	2	.5	1	0	6.82011124034823701495056328321683239336E03	200
db2	pk-xt-1M-1000-120-2	2069	9452	1	2	.75	1	0	8.95378040971561063269644128160282874924E01	1100
db2	pk-xt-1M-1000-120-2	2069	9454	1	2	1	1	0	1.99957315466392546356299437210808786245E02	1100
db2	pk-xt-1M-1000-120-4	2229	8686	1	4	.25	0	25	5.14430091991959963057806713314244933052E01	1100
db2	pk-xt-1M-1000-120-4	2229	8766	1	4	.5	0	25	4.84985191453681387430838051729559428993E01	1100
db2	pk-xt-1M-1000-120-4	2229	8806	1	4	.75	0	25	4.80394247782322991007216844844006776317E01	1100
db2	pk-xt-1M-1000-120-4	2229	9413	1	4	1	0	25	47.38291247284304369450041394064774948	1100
db2	pk-xt-1M-1000-120-4	2229	9415	1	4	.25	0	50	4.85029541695580148936321523022064383117E01	1100
db2	pk-xt-1M-1000-120-4	2229	9417	1	4	.5	0	50	5.04367789602074617265368239003620199713E01	1100
db2	pk-xt-1M-1000-120-4	2229	9418	1	4	.75	0	50	5.24952216865470120545871541538813988633E01	1100
db2	pk-xt-1M-1000-120-4	2229	9420	1	4	1	0	50	5.54197815575337321279637133627757875637E01	1100
db2	pk-xt-1M-1000-120-4	2229	9422	1	4	.25	0	75	4.95157377858305681776513337062243504043E01	1100
db2	pk-xt-1M-1000-120-4	2229	9424	1	4	.5	0	75	4.93509443445960057634127501662947778978E01	1100
db2	pk-xt-1M-1000-120-4	2229	9426	1	4	.75	0	75	5.20657880713891532295530859933014433846E01	1100
db2	pk-xt-1M-1000-120-4	2229	9427	1	4	1	0	75	5.08496832999116126187398058982824400974E01	1100
db2	pk-xt-1M-1000-120-4	2229	9429	1	4	.25	0	100	4.91428448410029458833039752773879700161E01	1100
db2	pk-xt-1M-1000-120-4	2229	9431	1	4	.5	0	100	4.95469677287224454815944593357894512348E01	1100
db2	pk-xt-1M-1000-120-4	2229	9433	1	4	.75	0	100	5.1002275047829057245194494953312023284E01	1100
db2	pk-xt-1M-1000-120-4	2229	9435	1	4	1	0	100	5.31673077174554773990468082713336730654E01	1100
db2	pk-xt-1M-1000-120-4	2229	9438	1	4	.25	.01	0	1.06521004119086460032626427406199021207E05	1100
db2	pk-xt-1M-1000-120-4	2229	9440	1	4	.5	.01	0	9.80277971929183388036518768932339070725E04	1100
db2	pk-xt-1M-1000-120-4	2229	9442	1	4	.75	.01	0	1.03604948760776421035158884128186241454E05	1100
db2	pk-xt-1M-1000-120-4	2229	9446	1	4	.25	.1	0	6.26059293037670221332390428333135198654E01	1100
db2	pk-xt-1M-1000-120-4	2229	9449	1	4	.5	.1	0	6.58333602915224444921132459377501801879E01	1100
db2	pk-xt-1M-1000-120-4	2229	9451	1	4	.75	.1	0	4.63323229873985383908407425684274867388E02	1100
db2	pk-xt-1M-1000-120-4	2229	9453	1	4	1	.1	0	1.37530692297989588335089605276155770658E02	500
db2	pk-xt-1M-1000-120-4	2229	9455	1	4	.25	1	0	9.36473886211334559151911366814988716177E01	600
db2	pk-xt-1M-1000-120-4	2229	9457	1	4	.75	1	0	7.87075533071696922772247837614499881919E02	1100
db2	pk-xt-1M-1000-120-4	2229	9458	1	4	1	1	0	1.03315630882718747827959250746696451747E02	400
db2	pk-xt-1M-1000-120-8	2289	9295	1	8	.25	0	25	6.63805450819154061834378070581874809475E01	1100
db2	pk-xt-1M-1000-120-8	2289	9304	1	8	.5	0	25	5.09181589434066725388610349985862910553E01	1100
db2	pk-xt-1M-1000-120-8	2289	9307	1	8	.75	0	25	5.10690464177864985348684645271069382217E01	1100
db2	pk-xt-1M-1000-120-8	2289	9309	1	8	1	0	25	5.25843012203509150612079253656884391564E01	1100
db2	pk-xt-1M-1000-120-8	2289	9311	1	8	.25	0	50	5.12052361785478627443979228743114378692E01	1100
db2	pk-xt-1M-1000-120-8	2289	9314	1	8	.5	0	50	5.19853296705919673049370343030764833421E01	1100
db2	pk-xt-1M-1000-120-8	2289	9316	1	8	.75	0	50	5.28489340820514302723626285221908615791E01	1100
db2	pk-xt-1M-1000-120-8	2289	9318	1	8	1	0	50	5.23911738691913263627859203153540405851E01	1100
db2	pk-xt-1M-1000-120-8	2289	9320	1	8	.25	0	75	4.95491994135484746760794872439076695286E01	1100
db2	pk-xt-1M-1000-120-8	2289	9322	1	8	.5	0	75	5.09183516153203635723511928753419533515E01	1100
db2	pk-xt-1M-1000-120-8	2289	9328	1	8	.75	0	75	51.57068173186690553409798425012333749	1100
db2	pk-xt-1M-1000-120-8	2289	9336	1	8	1	0	75	5.16819562716396743597713823403402139969E01	1100
db2	pk-xt-1M-1000-120-8	2289	9339	1	8	.25	0	100	4.92717228757658350948472595531055937893E01	1100
db2	pk-xt-1M-1000-120-8	2289	9348	1	8	.5	0	100	5.10111462724211170785823193974559926897E01	1100
db2	pk-xt-1M-1000-120-8	2289	9353	1	8	.75	0	100	5.13158766750416542813336671947683356561E01	1100
db2	pk-xt-1M-1000-120-8	2289	9355	1	8	1	0	100	5.21696311002276462973389473402084247146E01	1100
db2	pk-xt-1M-1000-120-8	2289	9409	1	8	.25	.01	0	2.20989464992920942917354455238828464986E04	1100
db2	pk-xt-1M-1000-120-8	2289	9412	1	8	.5	.01	0	3.31957842406063248957013042940768122026E02	1100
db2	pk-xt-1M-1000-120-8	2289	9414	1	8	.75	.01	0	5.79730001149248184630754795403074963874E00	1100
db2	pk-xt-1M-1000-120-8	2289	9416	1	8	1	.01	0	5.62666087974553917223914690310710888917E00	1100
db2	pk-xt-1M-1000-120-8	2289	9419	1	8	.25	.1	0	5.51858051116101975370982394242510484675E00	1100
db2	pk-xt-1M-1000-120-8	2289	9421	1	8	.5	.1	0	5.62692591982493542740503019286185529011E00	1100
db2	pk-xt-1M-1000-120-8	2289	9423	1	8	.75	.1	0	5.45893490337201918789693587235039419508E00	1100
db2	pk-xt-1M-1000-120-8	2289	9425	1	8	1	.1	0	5.50983258574930386268878996576968769988E00	1100
db2	pk-xt-1M-1000-120-8	2289	9428	1	8	.25	1	0	5.55357338604618673363766473515883136175E00	1100
db2	pk-xt-1M-1000-120-8	2289	9430	1	8	.5	1	0	5.60091060774214841625748841403504344552E00	1100
db2	pk-xt-1M-1000-120-8	2289	9432	1	8	.75	1	0	5.80710464264314742032486399345518436055E00	1100
db2	pk-xt-1M-1000-120-8	2289	9437	1	8	1	1	0	5.71662916444451334815054674568853639686E00	1100
db2	xt-1M-1000-120-1	2389	1602	0	1	.25	0	25	1.5144857757342775769237230305570071631E02	1100
db2	xt-1M-1000-120-1	2389	1623	0	1	.5	0	25	1.66806923757078900093536763629984875707E02	1100
db2	xt-1M-1000-120-1	2389	1661	0	1	.75	0	25	1.67625592992430427664507921001551968217E02	1100
db2	xt-1M-1000-120-1	2389	1683	0	1	1	0	25	1.62140861523418642337705028877196869324E02	1100
db2	xt-1M-1000-120-1	2389	1723	0	1	.25	0	50	1.57714121052090811356637661797375504308E02	1100
db2	xt-1M-1000-120-1	2389	1763	0	1	.5	0	50	1.54699420693107846468072229195861092551E02	1100
db2	xt-1M-1000-120-1	2389	1801	0	1	.75	0	50	1.58682417597889324828810632372063767368E02	1100
db2	xt-1M-1000-120-1	2389	1842	0	1	1	0	50	1.60043201952924320422807112764470150604E02	1100
db2	xt-1M-1000-120-1	2389	1882	0	1	.25	0	75	1.50672865638894329250181505424112041167E02	1100
db2	xt-1M-1000-120-1	2389	1902	0	1	.5	0	75	1.52681428528782453597557167578809567895E02	1100
db2	xt-1M-1000-120-1	2389	1923	0	1	.75	0	75	1.54110672620218985697287919188752135912E02	1100
db2	xt-1M-1000-120-1	2389	1943	0	1	1	0	75	1.56161992159034646865716587305545926782E02	1100
db2	xt-1M-1000-120-1	2389	1983	0	1	.25	0	100	1.48102502825250131225886840606303810334E02	1100
db2	xt-1M-1000-120-1	2389	2022	0	1	.5	0	100	1.5233319192240017833144707121832558392E02	1100
db2	xt-1M-1000-120-1	2389	2043	0	1	.75	0	100	1.52465352075469864164945505508586259958E02	1100
db2	xt-1M-1000-120-1	2389	2083	0	1	1	0	100	1.54711512620507645056633173783645694961E02	1100
db2	xt-1M-1000-120-1	2389	2123	0	1	.25	.01	0	4.50647876735097838998513276022813037693E04	1100
db2	xt-1M-1000-120-1	2389	2142	0	1	.5	.01	0	5.00472035418218007672300313738499490043E04	1100
db2	xt-1M-1000-120-1	2389	2144	0	1	.75	.01	0	8.56551819637829040841104595592983906383E04	1100
db2	xt-1M-1000-120-1	2389	2147	0	1	1	.01	0	1.08833593096963506963020605353176726164E05	1100
db2	xt-1M-1000-120-1	2389	2503	0	1	.25	.1	0	8.13539597689263900952696088569025657995E03	500
db2	xt-1M-1000-120-1	2389	2522	0	1	.5	.1	0	1.3654583499991653172629083685291220807E04	500
db2	xt-1M-1000-120-1	2389	2561	0	1	1	.1	0	5.74138050785365396981253815627138564239E03	800
db2	xt-1M-1000-120-1	2389	4105	0	1	.25	1	0	5.24163086739526350345457976089561946159E03	500
db2	xt-1M-1000-120-1	2389	4124	0	1	.5	1	0	1.07578104513672642788680262012976974483E04	100
db2	xt-1M-1000-120-1	2389	4125	0	1	.75	1	0	1.57414198931600905214218636944440168111E04	400
db2	xt-1M-1000-120-1	2389	4144	0	1	1	1	0	1.50972006824079372150915190966540474687E04	1100
db2	xt-1M-1000-120-2	2249	401	0	2	.25	0	25	1.09996926682714332228673300017678821014E02	1100
db2	xt-1M-1000-120-2	2249	422	0	2	.5	0	25	1.26758569228218794611104352240584918903E02	1100
db2	xt-1M-1000-120-2	2249	462	0	2	.75	0	25	1.30944104690959517790059290258276205217E02	1100
db2	xt-1M-1000-120-2	2249	482	0	2	1	0	25	1.26915215865949564471510152629144152242E02	1100
db2	xt-1M-1000-120-2	2249	521	0	2	.25	0	50	1.05741845753955627414426574525149921566E02	1100
db2	xt-1M-1000-120-2	2249	542	0	2	.5	0	50	1.13553077592593392689541853631483709427E02	1100
db2	xt-1M-1000-120-2	2249	582	0	2	.75	0	50	1.13561751028088723712677113823281227387E02	1100
db2	xt-1M-1000-120-2	2249	601	0	2	1	0	50	1.19719095159867976384279488313407442303E02	1100
db2	xt-1M-1000-120-2	2249	641	0	2	.25	0	75	1.06689022514247456888015162883565751191E02	1100
db2	xt-1M-1000-120-2	2249	662	0	2	.5	0	75	1.07985030109544015576199681011743814223E02	1100
db2	xt-1M-1000-120-2	2249	702	0	2	.75	0	75	1.08593980422451080322844512715612603618E02	1100
db2	xt-1M-1000-120-2	2249	741	0	2	1	0	75	1.16528107337625824884334535718624887933E02	1100
db2	xt-1M-1000-120-2	2249	762	0	2	.25	0	100	1.02858324281405325597178356802467398657E02	1100
db2	xt-1M-1000-120-2	2249	802	0	2	.5	0	100	1.07297398764963637287401221329324488644E02	1100
db2	xt-1M-1000-120-2	2249	841	0	2	.75	0	100	1.09011543316598218352694754950071499758E02	1100
db2	xt-1M-1000-120-2	2249	862	0	2	1	0	100	1.07396595757878534244135418638296773099E02	1100
db2	xt-1M-1000-120-2	2249	902	0	2	.25	.01	0	1.30005228202194973724663067958388446002E05	1100
db2	xt-1M-1000-120-2	2249	941	0	2	.5	.01	0	1.22222468177886694536543174282831195041E05	1100
db2	xt-1M-1000-120-2	2249	962	0	2	.75	.01	0	1.23204156217864456188355643783923956685E05	1100
db2	xt-1M-1000-120-2	2249	1001	0	2	1	.01	0	1.29912706413994169096209912536443148688E05	1100
db2	xt-1M-1000-120-2	2249	1441	0	2	.25	.1	0	6.53289048833089571506753187813561293546E03	1100
db2	xt-1M-1000-120-2	2249	1461	0	2	.5	.1	0	1.00323275409919266839951132330603559219E04	800
db2	xt-1M-1000-120-2	2249	1482	0	2	.75	.1	0	8.73529698284823284823284823284823284823E03	1100
db2	xt-1M-1000-120-2	2249	1501	0	2	1	.1	0	9.73802354748716289976953867302793838192E03	1100
db2	xt-1M-1000-120-2	2249	1821	0	2	.25	1	0	3.18649965852402665882456860381569776899E03	600
db2	xt-1M-1000-120-2	2249	1841	0	2	.5	1	0	5.97774206468990178094596791046508927949E02	200
db2	xt-1M-1000-120-2	2249	1881	0	2	1	1	0	1.90137595613036922985679340257689308725E03	400
db2	xt-1M-1000-120-4	2349	2203	0	4	.25	0	25	5.02826116350198009872844620793485519621E01	1100
db2	xt-1M-1000-120-4	2349	2222	0	4	.5	0	25	5.38567473855248731352296293192085045842E01	700
db2	xt-1M-1000-120-4	2349	2224	0	4	.75	0	25	6.00671077552134118204106527348091792964E01	1100
db2	xt-1M-1000-120-4	2349	2225	0	4	1	0	25	5.71650175475876072375999015108970434718E01	1100
db2	xt-1M-1000-120-4	2349	2228	0	4	.25	0	50	5.23346855115961465736409285206772317538E01	1100
db2	xt-1M-1000-120-4	2349	2242	0	4	.5	0	50	5.26594400375645757234347737441991823984E01	1100
db2	xt-1M-1000-120-4	2349	2261	0	4	.75	0	50	5.47685803696291640017416312548200101053E01	1100
db2	xt-1M-1000-120-4	2349	2263	0	4	1	0	50	5.49937463090771410671169218794467814228E01	1100
db2	xt-1M-1000-120-4	2349	2283	0	4	.25	0	75	5.16172052484765010557026852973801063594E01	1100
db2	xt-1M-1000-120-4	2349	2301	0	4	.5	0	75	4.95530037822517096834182235501066946651E01	1100
db2	xt-1M-1000-120-4	2349	2304	0	4	.75	0	75	5.21881126694411951625597539583136021238E01	1100
db2	xt-1M-1000-120-4	2349	2322	0	4	1	0	75	5.90345981977279066681850852134080098776E01	1100
db2	xt-1M-1000-120-4	2349	2323	0	4	.25	0	100	5.25921481531982302871712321138132830075E01	1100
db2	xt-1M-1000-120-4	2349	2326	0	4	.5	0	100	5.07048871622652823148355164990655362869E01	1100
db2	xt-1M-1000-120-4	2349	2342	0	4	.75	0	100	5.35262776500292448315119139156510365807E01	1100
db2	xt-1M-1000-120-4	2349	2344	0	4	1	0	100	5.39030089185715685655184823326036470578E01	1100
db2	xt-1M-1000-120-4	2349	2362	0	4	.25	.01	0	9.75330797876136907067579607127243458264E01	1100
db2	xt-1M-1000-120-4	2349	2387	0	4	1	.01	0	3.29026900280479412032047369856254301333E04	400
db2	xt-1M-1000-120-4	2349	3003	0	4	.25	.1	0	1.70225556717805671780567178056717805672E03	400
db2	xt-1M-1000-120-4	2349	3004	0	4	.5	.1	0	3.55739938313251648040235779516928653735E03	1100
db2	xt-1M-1000-120-8	2369	3764	0	8	.25	0	25	4.71884907957707756550795093338323273463E01	1100
db2	xt-1M-1000-120-8	2369	3804	0	8	.5	0	25	4.94335877206665480290657240103707815606E01	1100
db2	xt-1M-1000-120-8	2369	3806	0	8	.75	0	25	5.02273571590106336598114804357912063061E01	1100
db2	xt-1M-1000-120-8	2369	3823	0	8	1	0	25	5.17013158500772825669493950987141284749E01	1100
db2	xt-1M-1000-120-8	2369	3843	0	8	.25	0	50	4.79169206590810880562121824237776631538E01	1100
db2	xt-1M-1000-120-8	2369	3863	0	8	.5	0	50	4.94164259755336607621941159407148681655E01	1100
db2	xt-1M-1000-120-8	2369	4164	0	8	.75	0	50	5.06086149968505688932554000642161243925E01	1100
db2	xt-1M-1000-120-8	2369	4184	0	8	1	0	50	5.07611715734532519996312369575957839993E01	1100
db2	xt-1M-1000-120-8	2369	4204	0	8	.25	0	75	4.8558083213065314127203514025339001048E01	1100
db2	xt-1M-1000-120-8	2369	4224	0	8	.5	0	75	4.9277148793959683212982445266089475138E01	1100
db2	xt-1M-1000-120-8	2369	4244	0	8	.75	0	75	5.02878951906686789383290752264189602437E01	1100
db2	xt-1M-1000-120-8	2369	4265	0	8	1	0	75	5.06266046580910290959039505834735948281E01	1100
db2	xt-1M-1000-120-8	2369	4384	0	8	.25	0	100	4.83866548200778645154830757875119271197E01	1100
db2	xt-1M-1000-120-8	2369	4604	0	8	.5	0	100	4.93299593017823684150307087044572069046E01	1100
db2	xt-1M-1000-120-8	2369	4625	0	8	.75	0	100	5.06579794568725223798127489647234295179E01	1100
db2	xt-1M-1000-120-8	2369	4724	0	8	1	0	100	4.9722612407712550698777350828820531826E01	1100
db2	xt-1M-1000-120-8	2369	4765	0	8	.25	.01	0	1.43991862199337462192135964280570358635E05	1100
db2	xt-1M-1000-120-8	2369	4805	0	8	.5	.01	0	5.71988696489762799557331469317712810165E00	1100
db2	xt-1M-1000-120-8	2369	4824	0	8	.75	.01	0	5.66246550847761650846389730025942212401E00	1100
db2	xt-1M-1000-120-8	2369	4844	0	8	1	.01	0	5.62473547436747414400318106251676833423E00	1100
db2	xt-1M-1000-120-8	2369	5205	0	8	.25	.1	0	5.60132941790801995662419651685829324707E00	1100
db2	xt-1M-1000-120-8	2369	5245	0	8	.5	.1	0	5.55848065624503482883040202935525107742E00	1100
db2	xt-1M-1000-120-8	2369	5284	0	8	.75	.1	0	5.64518896686962582597067445650067303782E00	1100
db2	xt-1M-1000-120-8	2369	5304	0	8	1	.1	0	5.69860561775033995917711991037240461019E00	1100
db2	xt-1M-1000-120-8	2369	5606	0	8	.25	1	0	5.71634824191647830328471220196611539259E00	1100
db2	xt-1M-1000-120-8	2369	5608	0	8	.5	1	0	5.85303895660271248261407673540430051569E00	1100
db2	xt-1M-1000-120-8	2369	5626	0	8	.75	1	0	2.28957320596746064652181396773777988034E03	400
mysql	pk-xt-1M-1000-120-1	2469	7207	1	1	.25	0	25	1.47463897118472668274306288686143554069E04	1100
mysql	pk-xt-1M-1000-120-1	2469	7246	1	1	.5	0	25	2.38797524409134062859141557987308249638E04	100
mysql	pk-xt-1M-1000-120-1	2469	7286	1	1	.75	0	25	2.08888061583938908732602537258283039783E04	100
mysql	pk-xt-1M-1000-120-1	2469	7306	1	1	1	0	25	2.06201853158380588157721218515099564816E04	100
mysql	pk-xt-1M-1000-120-1	2469	7327	1	1	.25	0	50	1.34300916700840680746360467500512610211E04	1100
mysql	pk-xt-1M-1000-120-1	2469	7366	1	1	.5	0	50	1.27817618593974175035868005738880918221E04	1100
mysql	pk-xt-1M-1000-120-1	2469	7406	1	1	.75	0	50	4.17752577461106026931625049026016472742E04	100
mysql	pk-xt-1M-1000-120-1	2469	7427	1	1	1	0	50	3.87118901401186280409180778818877331729E04	100
mysql	pk-xt-1M-1000-120-1	2469	7467	1	1	.25	0	75	1.33027062653770018874390674311903142151E04	1100
mysql	pk-xt-1M-1000-120-1	2469	7506	1	1	.5	0	75	1.26185559400157452319882164715443025116E04	1100
mysql	pk-xt-1M-1000-120-1	2469	7546	1	1	.75	0	75	5.48476592622293504410585404971932638332E04	100
mysql	pk-xt-1M-1000-120-1	2469	7587	1	1	1	0	75	6.06037691230036424768842813112916783413E04	1100
mysql	pk-xt-1M-1000-120-1	2469	7627	1	1	.25	0	100	2.7942728336458612376105009375837128315E04	1100
mysql	pk-xt-1M-1000-120-1	2469	7666	1	1	.5	0	100	1.26901068038122819390958625381509059475E04	1100
mysql	pk-xt-1M-1000-120-1	2469	7686	1	1	.75	0	100	4.87517277299398003505296045111636058828E04	700
mysql	pk-xt-1M-1000-120-1	2469	7706	1	1	1	0	100	6.26862891619780870595202842759846017175E04	1100
mysql	pk-xt-1M-1000-120-1	2469	7726	1	1	.25	.01	0	1.39780402087960647097333846579328493488E02	1100
mysql	pk-xt-1M-1000-120-1	2469	7747	1	1	.5	.01	0	1.39994444821384069923052758309381469418E02	1100
mysql	pk-xt-1M-1000-120-1	2469	7766	1	1	.75	.01	0	1.3956277871736850770421236253753531218E02	1100
mysql	pk-xt-1M-1000-120-1	2469	7786	1	1	1	.01	0	1.40293327014169231146815465893535609921E02	1100
mysql	pk-xt-1M-1000-120-1	2469	8126	1	1	.25	.1	0	4.59674698636567023243166574851678960471E02	1100
mysql	pk-xt-1M-1000-120-1	2469	8146	1	1	.5	.1	0	4.59678627081234762982171380608603898378E02	1100
mysql	pk-xt-1M-1000-120-1	2469	8166	1	1	.75	.1	0	4.7118171488218794163137587611323875322E02	1100
mysql	pk-xt-1M-1000-120-1	2469	8186	1	1	1	.1	0	4.87985286756119022253288972434815481011E02	1100
mysql	pk-xt-1M-1000-120-1	2469	8526	1	1	.25	1	0	4.26730541207946907823482641955832413532E03	1100
mysql	pk-xt-1M-1000-120-1	2469	8547	1	1	.5	1	0	4.28183479287597485037862837611901342353E03	1100
mysql	pk-xt-1M-1000-120-1	2469	8567	1	1	.75	1	0	4.69233227904275115849515448738746645812E03	1100
mysql	pk-xt-1M-1000-120-2	2390	9266	1	2	.25	0	25	8.14245160440745028143738247922140761565E03	1100
mysql	pk-xt-1M-1000-120-2	2390	9305	1	2	.5	0	25	2.26481747349823321554770318021201413428E04	100
mysql	pk-xt-1M-1000-120-2	2390	9306	1	2	.75	0	25	2.44587287577740085615055326710281883531E04	100
mysql	pk-xt-1M-1000-120-2	2390	9308	1	2	1	0	25	1.91930927160199952392287550583194477505E04	100
mysql	pk-xt-1M-1000-120-2	2390	9310	1	2	.25	0	50	2.11630253701820278527440318408597672798E04	1100
mysql	pk-xt-1M-1000-120-2	2390	9312	1	2	.5	0	50	1.12068990076277940116124625251413608592E04	1100
mysql	pk-xt-1M-1000-120-2	2390	9313	1	2	.75	0	50	4.60194082906173389792734566525518163584E04	100
mysql	pk-xt-1M-1000-120-2	2390	9315	1	2	1	0	50	3.73164198651452282157676348547717842324E04	100
mysql	pk-xt-1M-1000-120-2	2390	9317	1	2	.25	0	75	1.25306442202132635819499202886790831766E04	600
mysql	pk-xt-1M-1000-120-2	2390	9319	1	2	.5	0	75	1.08569292971803042145133169001382793242E04	1100
mysql	pk-xt-1M-1000-120-2	2390	9321	1	2	.75	0	75	6.57425623620309050772626931567328918322E04	1100
mysql	pk-xt-1M-1000-120-2	2390	9323	1	2	1	0	75	6.57847992357035621673263272826532004913E04	1100
mysql	pk-xt-1M-1000-120-2	2390	9329	1	2	.25	0	100	2.21175372009427403903216508130288078403E04	1100
mysql	pk-xt-1M-1000-120-2	2390	9334	1	2	.5	0	100	8.00886824378038677500606689483770010293E03	1100
mysql	pk-xt-1M-1000-120-2	2390	9337	1	2	.75	0	100	2.85889775344202260642980386633332159583E04	800
mysql	pk-xt-1M-1000-120-2	2390	9340	1	2	1	0	100	6.47406069644839067702552719200887902331E04	1100
mysql	pk-xt-1M-1000-120-2	2390	9436	1	2	.75	.01	0	8.16105492355980993038617703085383653349E01	700
mysql	pk-xt-1M-1000-120-2	2390	9441	1	2	.25	.1	0	3.32399619085079520493677653742841867267E02	1100
mysql	pk-xt-1M-1000-120-2	2390	9443	1	2	.5	.1	0	315.813758196547817328843193965451362	1100
mysql	pk-xt-1M-1000-120-2	2390	9445	1	2	.75	.1	0	3.02944023347431971921278135482210929127E02	1100
mysql	pk-xt-1M-1000-120-2	2390	9447	1	2	1	.1	0	3.19473809910570116253026921753071877898E02	1100
mysql	pk-xt-1M-1000-120-2	2390	9448	1	2	.25	1	0	4.40524855452724657018852525058545003657E03	1100
mysql	pk-xt-1M-1000-120-2	2390	9450	1	2	.5	1	0	4.89013658386934785328541337816831284396E03	1100
mysql	pk-xt-1M-1000-120-2	2390	9452	1	2	.75	1	0	5.4166200189024358801529579807542852765E03	1100
mysql	pk-xt-1M-1000-120-2	2390	9454	1	2	1	1	0	5.94976930893167540183653285218876952035E03	1100
mysql	pk-xt-1M-1000-120-4	2070	8686	1	4	.25	0	25	1.07010456316882287174572751956556460629E04	1100
mysql	pk-xt-1M-1000-120-4	2070	8766	1	4	.5	0	25	4.03536905265688867516229862947823996153E04	1100
mysql	pk-xt-1M-1000-120-4	2070	8806	1	4	.75	0	25	4.03620663954688362493100055199558403533E04	1100
mysql	pk-xt-1M-1000-120-4	2070	9413	1	4	1	0	25	4.02497352069763815418570897357467583096E04	1100
mysql	pk-xt-1M-1000-120-4	2070	9415	1	4	.25	0	50	4.02336597497418161731152580637413838653E04	1100
mysql	pk-xt-1M-1000-120-4	2070	9417	1	4	.5	0	50	4.03522771955099345699021549912959961582E04	1100
mysql	pk-xt-1M-1000-120-4	2070	9418	1	4	.75	0	50	4.02061689276796004610065309258547829428E04	1100
mysql	pk-xt-1M-1000-120-4	2070	9420	1	4	1	0	50	4.02981323841878443753526283567218467522E04	1100
mysql	pk-xt-1M-1000-120-4	2070	9422	1	4	.25	0	75	1.17723442609695303518757448663547163443E04	1100
mysql	pk-xt-1M-1000-120-4	2070	9424	1	4	.5	0	75	1.67791490413815201120978656451605189787E04	1100
mysql	pk-xt-1M-1000-120-4	2070	9426	1	4	.75	0	75	4.01955116896535153058772646451054832044E04	1100
mysql	pk-xt-1M-1000-120-4	2070	9427	1	4	1	0	75	4.02829593974485260553059606467578021767E04	1100
mysql	pk-xt-1M-1000-120-4	2070	9429	1	4	.25	0	100	4.05497306068950589819747237286708914034E04	1100
mysql	pk-xt-1M-1000-120-4	2070	9431	1	4	.5	0	100	40286.56223774542219229798131605208421	1100
mysql	pk-xt-1M-1000-120-4	2070	9433	1	4	.75	0	100	4.03596764652840396753832281334535617674E04	1100
mysql	pk-xt-1M-1000-120-4	2070	9435	1	4	1	0	100	4.02729081861996850999387026598238001947E04	1100
mysql	pk-xt-1M-1000-120-4	2070	9438	1	4	.25	.01	0	1.18745669251917233396035306033859065258E05	1100
mysql	pk-xt-1M-1000-120-4	2070	9440	1	4	.5	.01	0	1.18380369147940074906367041198501872659E05	1100
mysql	pk-xt-1M-1000-120-4	2070	9442	1	4	.75	.01	0	1.17389857872912042985632519565471323444E05	1100
mysql	pk-xt-1M-1000-120-4	2070	9444	1	4	1	.01	0	1.17578490400837745069521205422072255512E05	1100
mysql	pk-xt-1M-1000-120-4	2070	9446	1	4	.25	.1	0	1.19574446871660928410305116941707230203E05	1100
mysql	pk-xt-1M-1000-120-4	2070	9449	1	4	.5	.1	0	1.17674757304155511581888022348969852171E05	1100
mysql	pk-xt-1M-1000-120-4	2070	9451	1	4	.75	.1	0	1.19123996886890349360083016257350397786E05	1100
mysql	pk-xt-1M-1000-120-4	2070	9453	1	4	1	.1	0	1.161376443886532190575130580324935792E05	1100
mysql	pk-xt-1M-1000-120-4	2070	9455	1	4	.25	1	0	1.23615191943244788893490307440493797945E05	1100
mysql	pk-xt-1M-1000-120-4	2070	9458	1	4	1	1	0	1.2639816483778220112625257319791081849E05	1100
mysql	pk-xt-1M-1000-120-8	2489	9295	1	8	.25	0	25	4145.997301896266357544462145961058041	1100
mysql	pk-xt-1M-1000-120-8	2489	9304	1	8	.5	0	25	2.5218454728305983015133133260966732648E04	100
mysql	pk-xt-1M-1000-120-8	2489	9307	1	8	.75	0	25	2.71850781284702514621326160452088937147E04	100
mysql	pk-xt-1M-1000-120-8	2489	9309	1	8	1	0	25	2.27354968195513893538667559424171409441E04	100
mysql	pk-xt-1M-1000-120-8	2489	9311	1	8	.25	0	50	2.35233358039483644382303847054602931231E03	1100
mysql	pk-xt-1M-1000-120-8	2489	9314	1	8	.5	0	50	4.9154603975126028834112874741788057497E03	1100
mysql	pk-xt-1M-1000-120-8	2489	9316	1	8	.75	0	50	5.06486718261155936110653713156594763708E04	100
mysql	pk-xt-1M-1000-120-8	2489	9318	1	8	1	0	50	4.32754755461362895337463319204434300619E04	100
mysql	pk-xt-1M-1000-120-8	2489	9320	1	8	.25	0	75	2.961595439313953397967672464061078673E03	1100
mysql	pk-xt-1M-1000-120-8	2489	9322	1	8	.5	0	75	4.67329428805075606438687624425304874844E03	1100
mysql	pk-xt-1M-1000-120-8	2489	9328	1	8	.75	0	75	6.15664975841874084919472913616398243045E04	1100
mysql	pk-xt-1M-1000-120-8	2489	9336	1	8	1	0	75	6.41117479083801947606638321217939925936E04	1100
mysql	pk-xt-1M-1000-120-8	2489	9339	1	8	.25	0	100	3.50799085300213055704886808377989615351E03	800
mysql	pk-xt-1M-1000-120-8	2489	9348	1	8	.5	0	100	3.53743857249326587303767265642310277074E03	1100
mysql	pk-xt-1M-1000-120-8	2489	9353	1	8	.75	0	100	6.71819871912168344007319304666056724611E04	1100
mysql	pk-xt-1M-1000-120-8	2489	9355	1	8	1	0	100	6.64819978061154531742767036884683943507E04	1100
mysql	pk-xt-1M-1000-120-8	2489	9409	1	8	.25	.01	0	2.62010590730027709587795473054939674879E01	1100
mysql	pk-xt-1M-1000-120-8	2489	9412	1	8	.5	.01	0	2.65463305819337482036009612555054724155E01	1100
mysql	pk-xt-1M-1000-120-8	2489	9414	1	8	.75	.01	0	2.66514174964289669722885532439237049314E01	1100
mysql	pk-xt-1M-1000-120-8	2489	9416	1	8	1	.01	0	2.68456602766027818319857207591514250837E01	1100
mysql	pk-xt-1M-1000-120-8	2489	9419	1	8	.25	.1	0	9.27353295362020030619558387205702358328E01	1100
mysql	pk-xt-1M-1000-120-8	2489	9421	1	8	.5	.1	0	9.37353673670015630116799031783191011775E01	1100
mysql	pk-xt-1M-1000-120-8	2489	9423	1	8	.75	.1	0	9.47215902471330620453356596022841153171E01	1100
mysql	pk-xt-1M-1000-120-8	2489	9425	1	8	1	.1	0	9.73914607099815815231352973229843802717E01	1100
mysql	pk-xt-1M-1000-120-8	2489	9428	1	8	.25	1	0	1.32107142214410968622038220913952204367E03	200
mysql	pk-xt-1M-1000-120-8	2489	9430	1	8	.5	1	0	1.33742651302711593109047798726708798443E03	200
mysql	pk-xt-1M-1000-120-8	2489	9432	1	8	.75	1	0	1.37371332885000497851782868467558966151E03	300
mysql	pk-xt-1M-1000-120-8	2489	9437	1	8	1	1	0	1.50911255168770801684604993715551336395E03	1100
mysql	xt-1M-1000-120-1	2609	1602	0	1	.25	0	25	5.05259120273299110693369966018364543417E04	1100
mysql	xt-1M-1000-120-1	2609	1623	0	1	.5	0	25	5.05049911825819857259011654169301653266E04	1100
mysql	xt-1M-1000-120-1	2609	1661	0	1	.75	0	25	5.05432787916019224514870089979402305496E04	1100
mysql	xt-1M-1000-120-1	2609	1683	0	1	1	0	25	5.05016066426932181644048501057120656318E04	1100
mysql	xt-1M-1000-120-1	2609	1723	0	1	.25	0	50	50500.92519414845584251399674914213473	1100
mysql	xt-1M-1000-120-1	2609	1763	0	1	.5	0	50	5.05355627969147956142410722349668539224E04	1100
mysql	xt-1M-1000-120-1	2609	1801	0	1	.75	0	50	5.05235199234131714894693110798020302735E04	1100
mysql	xt-1M-1000-120-1	2609	1842	0	1	1	0	50	5.04996730956766713620110521183226785134E04	1100
mysql	xt-1M-1000-120-1	2609	1882	0	1	.25	0	75	5.05743180281027903864585782230500750493E04	1100
mysql	xt-1M-1000-120-1	2609	1902	0	1	.5	0	75	5.05859313257370229697956230783143425574E04	1100
mysql	xt-1M-1000-120-1	2609	1923	0	1	.75	0	75	5.05844326851768110699104639594826806548E04	1100
mysql	xt-1M-1000-120-1	2609	1943	0	1	1	0	75	5.05707526992566871032499593076881341219E04	1100
mysql	xt-1M-1000-120-1	2609	1983	0	1	.25	0	100	5.05699604887394714962223909192784585909E04	1100
mysql	xt-1M-1000-120-1	2609	2022	0	1	.5	0	100	5.05656411118340200968698040916648593942E04	1100
mysql	xt-1M-1000-120-1	2609	2043	0	1	.75	0	100	5.05995449485914602193671961113821578938E04	1100
mysql	xt-1M-1000-120-1	2609	2083	0	1	1	0	100	5.05721652783549861771136367742984659307E04	1100
mysql	xt-1M-1000-120-1	2609	2123	0	1	.25	.01	0	7.46483786549707602339181286549707602339E04	200
mysql	xt-1M-1000-120-1	2609	2142	0	1	.5	.01	0	7.43616483975847654435671156525777984208E04	200
mysql	xt-1M-1000-120-1	2609	2144	0	1	.75	.01	0	7.24895830875122910521140609636184857424E04	200
mysql	xt-1M-1000-120-1	2609	2147	0	1	1	.01	0	7.31381307471264367816091954022988505747E04	200
mysql	xt-1M-1000-120-1	2609	2503	0	1	.25	.1	0	7.50187409899086977414704469005285920231E04	200
mysql	xt-1M-1000-120-1	2609	2522	0	1	.5	.1	0	7.42767927308447937131630648330058939096E04	200
mysql	xt-1M-1000-120-1	2609	2541	0	1	.75	.1	0	7.24319675072744907856450048496605237633E04	200
mysql	xt-1M-1000-120-1	2609	2561	0	1	1	.1	0	7.23190079168728352300841167738743196437E04	200
mysql	xt-1M-1000-120-2	2529	401	0	2	.25	0	25	5.04748898288270413592828412185927382262E04	1100
mysql	xt-1M-1000-120-2	2529	422	0	2	.5	0	25	5.04384799444253983147182475956767290377E04	1100
mysql	xt-1M-1000-120-2	2529	462	0	2	.75	0	25	5.04530598520389750992421508480692890653E04	1100
mysql	xt-1M-1000-120-2	2529	482	0	2	1	0	25	5.04320872607903612719369442490485724077E04	1100
mysql	xt-1M-1000-120-2	2529	521	0	2	.25	0	50	5.05175206273009456435429148920811376597E04	1100
mysql	xt-1M-1000-120-2	2529	542	0	2	.5	0	50	5.04815281411841131782665968926502697728E04	1100
mysql	xt-1M-1000-120-2	2529	582	0	2	.75	0	50	5.0439071280339258323558603266263647027E04	1100
mysql	xt-1M-1000-120-2	2529	601	0	2	1	0	50	5.04447482314300151591712986356745831228E04	1100
mysql	xt-1M-1000-120-2	2529	641	0	2	.25	0	75	5.05484884426466339208321294423577000867E04	1100
mysql	xt-1M-1000-120-2	2529	662	0	2	.5	0	75	5.04662423301251376875711009588472164539E04	1100
mysql	xt-1M-1000-120-2	2529	702	0	2	.75	0	75	5.05022424554369615863899875386032399632E04	1100
mysql	xt-1M-1000-120-2	2529	741	0	2	1	0	75	5.04906492498239659125787639698846299673E04	1100
mysql	xt-1M-1000-120-2	2529	762	0	2	.25	0	100	5.05667632396503142836500252871902319197E04	1100
mysql	xt-1M-1000-120-2	2529	802	0	2	.5	0	100	5.05557500270865686734804434974177471198E04	1100
mysql	xt-1M-1000-120-2	2529	841	0	2	.75	0	100	5.05205454151389817039030469413188361298E04	1100
mysql	xt-1M-1000-120-2	2529	862	0	2	1	0	100	5.05408877528901734104046242774566473988E04	1100
mysql	xt-1M-1000-120-2	2529	902	0	2	.25	.01	0	7.60520841288782816229116945107398568019E04	200
mysql	xt-1M-1000-120-2	2529	941	0	2	.5	.01	0	7.51398076220625837087544137343236332643E04	200
mysql	xt-1M-1000-120-2	2529	962	0	2	.75	.01	0	7.33358004410143329658213891951488423373E04	200
mysql	xt-1M-1000-120-2	2529	1001	0	2	1	.01	0	7.55546115779645191409897292250233426704E04	200
mysql	xt-1M-1000-120-2	2529	1441	0	2	.25	.1	0	7.63118948910241387391610030466369814858E04	200
mysql	xt-1M-1000-120-2	2529	1461	0	2	.5	.1	0	7.26244524406934306569343065693430656934E04	200
mysql	xt-1M-1000-120-2	2529	1482	0	2	.75	.1	0	7.51271256440593870462959429029426357773E04	200
mysql	xt-1M-1000-120-2	2529	1501	0	2	1	.1	0	7.43513200371057513914656771799628942486E04	200
mysql	xt-1M-1000-120-2	2529	1841	0	2	.5	1	0	7.62999178723404255319148936170212765958E04	200
mysql	xt-1M-1000-120-2	2529	1861	0	2	.75	1	0	7.4117946150177909834562195077216536444E04	200
mysql	xt-1M-1000-120-4	2449	2203	0	4	.25	0	25	4.01238317839964495196056087994338423155E04	1100
mysql	xt-1M-1000-120-4	2449	2222	0	4	.5	0	25	4.04858135032030518966385949758871374073E04	1100
mysql	xt-1M-1000-120-4	2449	2224	0	4	.75	0	25	4.02604795734779062514993043227942234803E04	1100
mysql	xt-1M-1000-120-4	2449	2225	0	4	1	0	25	4.01835537378413711215323170658574906749E04	1100
mysql	xt-1M-1000-120-4	2449	2228	0	4	.25	0	50	4.02820238066653860929696504033807145601E04	1100
mysql	xt-1M-1000-120-4	2449	2242	0	4	.5	0	50	4.03298358927563725431339824942668123477E04	1100
mysql	xt-1M-1000-120-4	2449	2261	0	4	.75	0	50	4.04249868190439605291589637703776620009E04	1100
mysql	xt-1M-1000-120-4	2449	2263	0	4	1	0	50	4.03329926902164128047243527420690648518E04	1100
mysql	xt-1M-1000-120-4	2449	2283	0	4	.25	0	75	4.02732727229037257752520094676262450289E04	1100
mysql	xt-1M-1000-120-4	2449	2301	0	4	.5	0	75	4.0242333641715727502102607232968881413E04	1100
mysql	xt-1M-1000-120-4	2449	2304	0	4	.75	0	75	4.04418080014417012074247612182375202739E04	1100
mysql	xt-1M-1000-120-4	2449	2322	0	4	1	0	75	4.03792569320966889326733624873852659907E04	1100
mysql	xt-1M-1000-120-4	2449	2323	0	4	.25	0	100	4.04420633956910647302106376839472924882E04	1100
mysql	xt-1M-1000-120-4	2449	2326	0	4	.5	0	100	4.03049600125036068096566317206886601904E04	1100
mysql	xt-1M-1000-120-4	2449	2342	0	4	.75	0	100	4.02475946196102943828058323616737387458E04	1100
mysql	xt-1M-1000-120-4	2449	2344	0	4	1	0	100	4.03313252917913766783263014917120430805E04	1100
mysql	xt-1M-1000-120-4	2449	2362	0	4	.25	.01	0	1.18172478853945029001136727972252178729E05	1100
mysql	xt-1M-1000-120-4	2449	2382	0	4	.5	.01	0	1.19479501729191090269636576787807737397E05	1100
mysql	xt-1M-1000-120-4	2449	2384	0	4	.75	.01	0	1.18843277578290558040970096538733223452E05	1100
mysql	xt-1M-1000-120-4	2449	2387	0	4	1	.01	0	1.16210008722919042189281641961231470924E05	1100
mysql	xt-1M-1000-120-4	2449	3003	0	4	.25	.1	0	1.1731658155718611693454460750058234335E05	1100
mysql	xt-1M-1000-120-4	2449	3004	0	4	.5	.1	0	1.19482984384138495730494794712831910165E05	1100
mysql	xt-1M-1000-120-4	2449	3023	0	4	.75	.1	0	1.19893565888277039959951706469566241644E05	1100
mysql	xt-1M-1000-120-4	2449	3024	0	4	1	.1	0	1.16175892591643168418354268136375288388E05	1100
mysql	xt-1M-1000-120-4	2449	3183	0	4	.25	1	0	1.16677688624357466163363844224993061985E05	1100
mysql	xt-1M-1000-120-4	2449	3203	0	4	.75	1	0	1.36570474842867940135947236125232959204E05	1100
mysql	xt-1M-1000-120-4	2449	3204	0	4	1	1	0	1.25742733851454326141756170142073976699E05	1100
mysql	xt-1M-1000-120-8	2610	3764	0	8	.25	0	25	4.96271952336815086806174467933407008663E04	1100
mysql	xt-1M-1000-120-8	2610	3804	0	8	.5	0	25	4.9576014276802424026379110596203546921E04	1100
mysql	xt-1M-1000-120-8	2610	3806	0	8	.75	0	25	4.95390690251292104794154339689894849403E04	1100
mysql	xt-1M-1000-120-8	2610	3823	0	8	1	0	25	4.95456842817945337276841392580978512632E04	1100
mysql	xt-1M-1000-120-8	2610	3843	0	8	.25	0	50	4.97682968149908004501527303906682624462E04	1100
mysql	xt-1M-1000-120-8	2610	3863	0	8	.5	0	50	4.97809275595333797809814745341836825839E04	1100
mysql	xt-1M-1000-120-8	2610	4164	0	8	.75	0	50	4.97524681333595242772192360577867461919E04	1100
mysql	xt-1M-1000-120-8	2610	4184	0	8	1	0	50	4.97831099941074585290073746049318786494E04	1100
mysql	xt-1M-1000-120-8	2610	4204	0	8	.25	0	75	4.98389212966277654471253669363499677812E04	1100
mysql	xt-1M-1000-120-8	2610	4224	0	8	.5	0	75	4.98702406157701602076434261165309227602E04	1100
mysql	xt-1M-1000-120-8	2610	4244	0	8	.75	0	75	4.98685932309564719358533791523482245132E04	1100
mysql	xt-1M-1000-120-8	2610	4265	0	8	1	0	75	4.98895532828689536694046276909862028239E04	1100
mysql	xt-1M-1000-120-8	2610	4384	0	8	.25	0	100	4.99618287056124186638464158316453654077E04	1100
mysql	xt-1M-1000-120-8	2610	4604	0	8	.5	0	100	4.99981345664408359321790873570634835287E04	1100
mysql	xt-1M-1000-120-8	2610	4625	0	8	.75	0	100	5.00192219971679004821739052501389162738E04	1100
mysql	xt-1M-1000-120-8	2610	4724	0	8	1	0	100	4.99896031108881083793276467636728549925E04	1100
mysql	xt-1M-1000-120-8	2610	4765	0	8	.25	.01	0	6.11895967637087337860407436669300237021E04	400
mysql	xt-1M-1000-120-8	2610	4805	0	8	.5	.01	0	6.23156144286384242613725183679849929655E04	400
mysql	xt-1M-1000-120-8	2610	4824	0	8	.75	.01	0	6.5077678412966154523119797587180521433E04	400
mysql	xt-1M-1000-120-8	2610	4844	0	8	1	.01	0	6.30725578085183836912995995631598107026E04	400
mysql	xt-1M-1000-120-8	2610	5205	0	8	.25	.1	0	6.1385357262972453555413196668802049968E04	400
mysql	xt-1M-1000-120-8	2610	5245	0	8	.5	.1	0	6.18445450498787806525972735582846468741E04	400
mysql	xt-1M-1000-120-8	2610	5284	0	8	.75	.1	0	6.47290608328747018895615483397541735461E04	400
mysql	xt-1M-1000-120-8	2610	5304	0	8	1	.1	0	6.24631721489971346704871060171919770774E04	400
mysql	xt-1M-1000-120-8	2610	5606	0	8	.25	1	0	6.05569914347955243093375581740766412517E04	700
mysql	xt-1M-1000-120-8	2610	5608	0	8	.5	1	0	5.80216720406744307317921084651486181123E04	400
mysql	xt-1M-1000-120-8	2610	5626	0	8	.75	1	0	6.10942516839804807951381612430021255576E04	400
mysql	xt-1M-1000-120-8	2610	5628	0	8	1	1	0	5.92789149624749550039053214249329303495E04	400
oracle	pk-xt-1M-1000-120-1	2889	7207	1	1	.25	0	25	1.13947654603021922969019277784457536772E04	1100
oracle	pk-xt-1M-1000-120-1	2889	7246	1	1	.5	0	25	1.43793167840229312063808574277168494516E04	600
oracle	pk-xt-1M-1000-120-1	2889	7286	1	1	.75	0	25	1.4660703029376995392001544041367441636E04	1100
oracle	pk-xt-1M-1000-120-1	2889	7306	1	1	1	0	25	1.13906884783760251828128520022649918716E04	500
oracle	pk-xt-1M-1000-120-1	2889	7327	1	1	.25	0	50	1.68055877820745019335258700866415389887E04	1100
oracle	pk-xt-1M-1000-120-1	2889	7366	1	1	.5	0	50	3.51251206332360484655523127266295215353E04	100
oracle	pk-xt-1M-1000-120-1	2889	7406	1	1	.75	0	50	27623.5560302734375	1100
oracle	pk-xt-1M-1000-120-1	2889	7427	1	1	1	0	50	2.83583173910479448015568791649466297104E04	1100
oracle	pk-xt-1M-1000-120-1	2889	7467	1	1	.25	0	75	2.37984556301267710663683818046234153617E04	1100
oracle	pk-xt-1M-1000-120-1	2889	7506	1	1	.5	0	75	2.91428593531875290832945556072591903211E04	1100
oracle	pk-xt-1M-1000-120-1	2889	7546	1	1	.75	0	75	3.42864142717973697028738431563565513882E04	1100
oracle	pk-xt-1M-1000-120-1	2889	7587	1	1	1	0	75	2.47308751940537234793244578256574304935E04	100
oracle	pk-xt-1M-1000-120-1	2889	7627	1	1	.25	0	100	2.45182288140734000606612071580224446466E04	1100
oracle	pk-xt-1M-1000-120-1	2889	7666	1	1	.5	0	100	3.11352749950218135080827646132401658189E04	1100
oracle	pk-xt-1M-1000-120-1	2889	7686	1	1	.75	0	100	4.02608425150290726323051148122597812161E04	700
oracle	pk-xt-1M-1000-120-1	2889	7706	1	1	1	0	100	4.51032548170106031239311367004902519667E04	700
oracle	pk-xt-1M-1000-120-1	2889	7726	1	1	.25	.01	0	5.35528296109636866592993545389916167496E02	300
oracle	pk-xt-1M-1000-120-1	2889	7747	1	1	.5	.01	0	8.91284875647831256020693620884434114891E02	1100
oracle	pk-xt-1M-1000-120-1	2889	7766	1	1	.75	.01	0	1.47407059407703045804172873511528336003E03	200
oracle	pk-xt-1M-1000-120-1	2889	7786	1	1	1	.01	0	1.66226277924753481660306122912024831079E03	1100
oracle	pk-xt-1M-1000-120-1	2889	8126	1	1	.25	.1	0	1.40341746203280716773440757384428970031E01	1100
oracle	pk-xt-1M-1000-120-1	2889	8146	1	1	.5	.1	0	9.26840926098285486856642986996565169534E02	700
oracle	pk-xt-1M-1000-120-1	2889	8166	1	1	.75	.1	0	1.2557982493103428902110828318922168473E03	500
oracle	pk-xt-1M-1000-120-1	2889	8186	1	1	1	.1	0	1.67462900381650950815872043446945550579E03	500
oracle	pk-xt-1M-1000-120-1	2889	8526	1	1	.25	1	0	4.64391350029835625024147538238968331309E02	500
oracle	pk-xt-1M-1000-120-1	2889	8547	1	1	.5	1	0	9.26740215483807791123468974918633087407E02	700
oracle	pk-xt-1M-1000-120-1	2889	8567	1	1	.75	1	0	1.07616954228192343475613599186320093303E03	400
oracle	pk-xt-1M-1000-120-1	2889	8586	1	1	1	1	0	2.22659202438169104148187875162441469502E03	100
oracle	pk-xt-1M-1000-120-2	2850	9266	1	2	.25	0	25	4.34417140734451284228401613245595414986E04	1100
oracle	pk-xt-1M-1000-120-2	2850	9305	1	2	.5	0	25	4.08124900470219435736677115987460815047E04	1100
oracle	pk-xt-1M-1000-120-2	2850	9306	1	2	.75	0	25	5.3415146901072705601907032181168057211E04	1100
oracle	pk-xt-1M-1000-120-2	2850	9308	1	2	1	0	25	6.77029794290892614408699592206615314907E04	1100
oracle	pk-xt-1M-1000-120-2	2850	9310	1	2	.25	0	50	9.37237107057890563045202220459952418715E04	1100
oracle	pk-xt-1M-1000-120-2	2850	9312	1	2	.5	0	50	3.98991458238296947974367329206038883458E04	1100
oracle	pk-xt-1M-1000-120-2	2850	9313	1	2	.75	0	50	4.6373749466549516756621061880256056232E04	1100
oracle	pk-xt-1M-1000-120-2	2850	9315	1	2	1	0	50	5.19269092190826955170627841399551130805E04	1100
oracle	pk-xt-1M-1000-120-2	2850	9317	1	2	.25	0	75	4.89250546121506883191822603247877339049E04	1100
oracle	pk-xt-1M-1000-120-2	2850	9319	1	2	.5	0	75	6.63797242619060269557055062607371198838E04	1100
oracle	pk-xt-1M-1000-120-2	2850	9321	1	2	.75	0	75	1.26510761671686746987951807228915662651E05	1100
oracle	pk-xt-1M-1000-120-2	2850	9323	1	2	1	0	75	5.84380547834748375468386851966038988759E04	1100
oracle	pk-xt-1M-1000-120-2	2850	9329	1	2	.25	0	100	5.12407698511432370983655784822615932392E04	1100
oracle	pk-xt-1M-1000-120-2	2850	9334	1	2	.5	0	100	4.64862229838103353215377675304496015237E04	1100
oracle	pk-xt-1M-1000-120-2	2850	9337	1	2	.75	0	100	7.94702785156460386707599504497226261647E04	1100
oracle	pk-xt-1M-1000-120-2	2850	9340	1	2	1	0	100	3.83500853209052971458161990922659843431E04	1100
oracle	pk-xt-1M-1000-120-2	2850	9341	1	2	.25	.01	0	4.40844929582167493605967318646535202238E03	100
oracle	pk-xt-1M-1000-120-2	2850	9434	1	2	.5	.01	0	2.86795063926047944998498288295344447028E03	1100
oracle	pk-xt-1M-1000-120-2	2850	9436	1	2	.75	.01	0	6.46950494631994234404743910747183467287E03	600
oracle	pk-xt-1M-1000-120-2	2850	9439	1	2	1	.01	0	1.85111048095991443659618084181911361661E04	1100
oracle	pk-xt-1M-1000-120-2	2850	9441	1	2	.25	.1	0	5.40160220874027290372228702885712007992E03	200
oracle	pk-xt-1M-1000-120-2	2850	9443	1	2	.5	.1	0	1.16485247552624726407724627175542434074E04	1100
oracle	pk-xt-1M-1000-120-2	2850	9445	1	2	.75	.1	0	1.51812866019061583577712609970674486804E04	1100
oracle	pk-xt-1M-1000-120-2	2850	9447	1	2	1	.1	0	1.88373268392865247583170698497707983479E04	1100
oracle	pk-xt-1M-1000-120-2	2850	9448	1	2	.25	1	0	5.62931696937999239254469379992392544694E03	1100
oracle	pk-xt-1M-1000-120-2	2850	9452	1	2	.75	1	0	1.17166827656526739911231538912057127938E04	400
oracle	pk-xt-1M-1000-120-2	2850	9454	1	2	1	1	0	1.67852319701588968079307072624119202891E04	1100
oracle	pk-xt-1M-1000-120-4	2750	8686	1	4	.25	0	25	9.04043479150609934355648869163100964733E04	1100
oracle	pk-xt-1M-1000-120-4	2750	8766	1	4	.5	0	25	1.14394690825330910978458344147417596678E05	1100
oracle	pk-xt-1M-1000-120-4	2750	8806	1	4	.75	0	25	9.14860052716541391313121121929072289764E04	1100
oracle	pk-xt-1M-1000-120-4	2750	9413	1	4	1	0	25	8.89955293877256664823673646001105795812E04	1100
oracle	pk-xt-1M-1000-120-4	2750	9415	1	4	.25	0	50	8.84344688381636317004360092331367017184E04	1100
oracle	pk-xt-1M-1000-120-4	2750	9417	1	4	.5	0	50	1.03939776010661928031985784095957352288E05	1100
oracle	pk-xt-1M-1000-120-4	2750	9418	1	4	.75	0	50	1.04000908094895758447160316319194823868E05	1100
oracle	pk-xt-1M-1000-120-4	2750	9420	1	4	1	0	50	1.09388997731946292488206120720938671828E05	1100
oracle	pk-xt-1M-1000-120-4	2750	9422	1	4	.25	0	75	1.07183215163612359727155565334925973659E05	1100
oracle	pk-xt-1M-1000-120-4	2750	9424	1	4	.5	0	75	1.12184064230668756530825496342737722048E05	1100
oracle	pk-xt-1M-1000-120-4	2750	9426	1	4	.75	0	75	1.08656038621159563924677898909811694747E05	1100
oracle	pk-xt-1M-1000-120-4	2750	9427	1	4	1	0	75	1.08179761312532952888999162608938374221E05	1100
oracle	pk-xt-1M-1000-120-4	2750	9429	1	4	.25	0	100	1.06231158059905543127019637086751180711E05	1100
oracle	pk-xt-1M-1000-120-4	2750	9431	1	4	.5	0	100	1.15136146247573140523532168440784628774E05	1100
oracle	pk-xt-1M-1000-120-4	2750	9433	1	4	.75	0	100	1.14309309142256666228819125180612110863E05	1100
oracle	pk-xt-1M-1000-120-4	2750	9435	1	4	1	0	100	1.17443548055997661350570045798551336603E05	1100
oracle	pk-xt-1M-1000-120-4	2750	9438	1	4	.25	.01	0	3.43173388801717730613593195144107688496E03	1100
oracle	pk-xt-1M-1000-120-4	2750	9440	1	4	.5	.01	0	5.45235676669430343864800474522282557046E03	100
oracle	pk-xt-1M-1000-120-4	2750	9442	1	4	.75	.01	0	7.7801414685639685464528348595356701628E03	1100
oracle	pk-xt-1M-1000-120-4	2750	9444	1	4	1	.01	0	5.20098715655535110213402386874358577325E03	700
oracle	pk-xt-1M-1000-120-4	2750	9453	1	4	1	.1	0	5.36744092272568310337774082652044526265E03	500
oracle	pk-xt-1M-1000-120-4	2750	9455	1	4	.25	1	0	3.41251191996987903845096894058352685435E03	1100
oracle	pk-xt-1M-1000-120-4	2750	9457	1	4	.75	1	0	4.78904151104196233362740209428100187948E03	800
oracle	pk-xt-1M-1000-120-4	2750	9458	1	4	1	1	0	3.7416257486110312367150085305855037556E03	700
oracle	pk-xt-1M-1000-120-8	2089	9295	1	8	.25	0	25	8.77742668937211783896828744140610298294E01	100
oracle	pk-xt-1M-1000-120-8	2089	9304	1	8	.5	0	25	9.45454855669019781397735694639579808619E01	200
oracle	pk-xt-1M-1000-120-8	2089	9307	1	8	.75	0	25	1.00069557064153950550943205263413770013E02	200
oracle	pk-xt-1M-1000-120-8	2089	9309	1	8	1	0	25	1.03517485667389862957950322660489710926E02	200
oracle	pk-xt-1M-1000-120-8	2089	9311	1	8	.25	0	50	9.80348787028877863113172819370576323109E01	100
oracle	pk-xt-1M-1000-120-8	2089	9314	1	8	.5	0	50	1.01817054072630852292624463054941706663E02	100
oracle	pk-xt-1M-1000-120-8	2089	9316	1	8	.75	0	50	1.0327791701490937416311589499320061172E02	200
oracle	pk-xt-1M-1000-120-8	2089	9318	1	8	1	0	50	1.08649064491690127766950239225353785053E02	100
oracle	pk-xt-1M-1000-120-8	2089	9320	1	8	.25	0	75	1.99902253888565927703221208780325246311E02	100
oracle	pk-xt-1M-1000-120-8	2089	9322	1	8	.5	0	75	1.06567220894919150764867654754129482579E02	100
oracle	pk-xt-1M-1000-120-8	2089	9328	1	8	.75	0	75	1.12032732411401497558094328541918450546E02	200
oracle	pk-xt-1M-1000-120-8	2089	9336	1	8	1	0	75	1.08367203336425650508934402408293508414E02	100
oracle	pk-xt-1M-1000-120-8	2089	9339	1	8	.25	0	100	1.06898915515875179058507415756766947383E02	100
oracle	pk-xt-1M-1000-120-8	2089	9348	1	8	.5	0	100	1.15268490265252864791142336941338376167E02	100
oracle	pk-xt-1M-1000-120-8	2089	9353	1	8	.75	0	100	2.06843082734823378527659204909232071233E02	100
oracle	pk-xt-1M-1000-120-8	2089	9355	1	8	1	0	100	1.20994535846737876267275865901219957511E02	200
oracle	pk-xt-1M-1000-120-8	2089	9409	1	8	.25	.01	0	1.47570650870940035219239543760060813014E03	1100
oracle	pk-xt-1M-1000-120-8	2089	9412	1	8	.5	.01	0	2.63536536257163229458379560225579973827E03	800
oracle	pk-xt-1M-1000-120-8	2089	9414	1	8	.75	.01	0	3.6005089735223574766631440547592350306E03	500
oracle	pk-xt-1M-1000-120-8	2089	9419	1	8	.25	.1	0	1.71839038587619941102534474577376273667E03	200
oracle	pk-xt-1M-1000-120-8	2089	9421	1	8	.5	.1	0	2.43069954256724647886851811547189052478E03	600
oracle	pk-xt-1M-1000-120-8	2089	9423	1	8	.75	.1	0	3.83024748961447507301738979628636369379E03	1100
oracle	pk-xt-1M-1000-120-8	2089	9425	1	8	1	.1	0	3.90703487833398426733566262149301975907E03	1100
oracle	pk-xt-1M-1000-120-8	2089	9428	1	8	.25	1	0	1.79115586233323368992079153721520454717E03	1100
oracle	pk-xt-1M-1000-120-8	2089	9430	1	8	.5	1	0	2.92460778385242883518590268916279724708E03	1100
oracle	pk-xt-1M-1000-120-8	2089	9432	1	8	.75	1	0	3.89544822812302626033561223888903642823E03	1100
oracle	pk-xt-1M-1000-120-8	2089	9437	1	8	1	1	0	2.82095181210046663104080262826528941567E03	1100
oracle	xt-1M-1000-120-1	2949	1602	0	1	.25	0	25	4.6594619604022566247082927397663752561E04	1100
oracle	xt-1M-1000-120-1	2949	1623	0	1	.5	0	25	5.23957463239756900890985749083522833027E04	1100
oracle	xt-1M-1000-120-1	2949	1661	0	1	.75	0	25	6.89932716682525091253138086560119556394E04	1100
oracle	xt-1M-1000-120-1	2949	1683	0	1	1	0	25	7.21461283355335771636332157465319107495E04	1100
oracle	xt-1M-1000-120-1	2949	1723	0	1	.25	0	50	5.87948484864720064291454594160192874364E04	1100
oracle	xt-1M-1000-120-1	2949	1763	0	1	.5	0	50	9.99436123044774284748471159460373067822E04	1100
oracle	xt-1M-1000-120-1	2949	1801	0	1	.75	0	50	6.99635932206548273484523787339507668226E04	1100
oracle	xt-1M-1000-120-1	2949	1842	0	1	1	0	50	8.72116391174078984960478217234281025881E04	1100
oracle	xt-1M-1000-120-1	2949	1882	0	1	.25	0	75	7.0617142581416653263309533633102329387E04	1100
oracle	xt-1M-1000-120-1	2949	1902	0	1	.5	0	75	6.23026987179487179487179487179487179487E04	1100
oracle	xt-1M-1000-120-1	2949	1923	0	1	.75	0	75	6.31887768256676876615125864725344202118E04	1100
oracle	xt-1M-1000-120-1	2949	1943	0	1	1	0	75	7.7046851766219317154578958347820040331E04	1100
oracle	xt-1M-1000-120-1	2949	1983	0	1	.25	0	100	6.23882116001630829773279208693031748001E04	1100
oracle	xt-1M-1000-120-1	2949	2022	0	1	.5	0	100	6.59881762110619796941775153775845458363E04	1100
oracle	xt-1M-1000-120-1	2949	2043	0	1	.75	0	100	8.28450925200204464133583233941046174817E04	1100
oracle	xt-1M-1000-120-1	2949	2083	0	1	1	0	100	6.56253982291783119060927892677473448854E04	1100
oracle	xt-1M-1000-120-1	2949	2123	0	1	.25	.01	0	2.45213284934118369439259591317793460162E03	500
oracle	xt-1M-1000-120-1	2949	2144	0	1	.75	.01	0	1.02403749193460170804130118059992295266E04	100
oracle	xt-1M-1000-120-1	2949	2503	0	1	.25	.1	0	2.38949612009017799880239410645930940963E03	1100
oracle	xt-1M-1000-120-1	2949	4124	0	1	.5	1	0	8.37175664613243292007113952109699203547E03	300
oracle	xt-1M-1000-120-2	2851	401	0	2	.25	0	25	8.4779536497930901741892021942065248773E04	1100
oracle	xt-1M-1000-120-2	2851	422	0	2	.5	0	25	9.84324726698989680110512202389013786939E04	1100
oracle	xt-1M-1000-120-2	2851	462	0	2	.75	0	25	9.8798936961869618696186961869618696187E04	1100
oracle	xt-1M-1000-120-2	2851	482	0	2	1	0	25	1.00122471538962325568230065951484616038E05	1100
oracle	xt-1M-1000-120-2	2851	521	0	2	.25	0	50	9.55309429513465587941926188629059071262E04	1100
oracle	xt-1M-1000-120-2	2851	542	0	2	.5	0	50	1.08976301451568728888347889595569215788E05	1100
oracle	xt-1M-1000-120-2	2851	582	0	2	.75	0	50	1.15758603809952134665424523755983166822E05	1100
oracle	xt-1M-1000-120-2	2851	601	0	2	1	0	50	1.17343628646534589985253574405334359172E05	1100
oracle	xt-1M-1000-120-2	2851	641	0	2	.25	0	75	1.05140784156559087746892108526662835365E05	1100
oracle	xt-1M-1000-120-2	2851	662	0	2	.5	0	75	1.13843649649583153419470555020427143189E05	1100
oracle	xt-1M-1000-120-2	2851	702	0	2	.75	0	75	1.25615014864137745493677697067527576002E05	1100
oracle	xt-1M-1000-120-2	2851	741	0	2	1	0	75	1.17181321710436794121649203973329704722E05	1100
oracle	xt-1M-1000-120-2	2851	762	0	2	.25	0	100	1.18162698087825502065917171134813106563E05	1100
oracle	xt-1M-1000-120-2	2851	802	0	2	.5	0	100	1.23953185644405190570011549697669678647E05	1100
oracle	xt-1M-1000-120-2	2851	841	0	2	.75	0	100	1.23035279379234066085994746301672888152E05	1100
oracle	xt-1M-1000-120-2	2851	862	0	2	1	0	100	1.2050832204158526374546469439017583031E05	1100
oracle	xt-1M-1000-120-2	2851	902	0	2	.25	.01	0	4.67048717237050463043893841858677306607E03	1100
oracle	xt-1M-1000-120-2	2851	941	0	2	.5	.01	0	2.18631029949416421757849700125681567144E03	700
oracle	xt-1M-1000-120-2	2851	962	0	2	.75	.01	0	1.47922877505965256561782217960439756484E04	1100
oracle	xt-1M-1000-120-2	2851	1001	0	2	1	.01	0	1.85103884782182927170476483590274474693E04	1100
oracle	xt-1M-1000-120-2	2851	1441	0	2	.25	.1	0	6.23225961728858371882949974446931651671E03	1100
oracle	xt-1M-1000-120-2	2851	1461	0	2	.5	.1	0	1.05194027952116587909660894683822664857E04	100
oracle	xt-1M-1000-120-2	2851	1482	0	2	.75	.1	0	1.46593585339231343712299649566266444534E04	1100
oracle	xt-1M-1000-120-2	2851	1501	0	2	1	.1	0	1.92591794531704479348458406050029086678E04	1100
oracle	xt-1M-1000-120-2	2851	1821	0	2	.25	1	0	1.30525892505616259962898628168576739712E03	700
oracle	xt-1M-1000-120-2	2851	1841	0	2	.5	1	0	7.21329094409764092177933524759994936743E03	300
oracle	xt-1M-1000-120-2	2851	1861	0	2	.75	1	0	1.48064242761941844904827759055125158322E04	1100
oracle	xt-1M-1000-120-2	2851	1881	0	2	1	1	0	1.84060737687604224569205113952195664258E04	1100
oracle	xt-1M-1000-120-4	2629	2203	0	4	.25	0	25	6.74730543191687344913151364764267990074E04	1100
oracle	xt-1M-1000-120-4	2629	2222	0	4	.5	0	25	7.79036658774006840305182846619310707708E04	1100
oracle	xt-1M-1000-120-4	2629	2224	0	4	.75	0	25	8.30956543997042992122346200937925936193E04	1100
oracle	xt-1M-1000-120-4	2629	2225	0	4	1	0	25	8.72308389126250058688201324005821869571E04	1100
oracle	xt-1M-1000-120-4	2629	2228	0	4	.25	0	50	8.97065576201300417613786541206322355553E04	1100
oracle	xt-1M-1000-120-4	2629	2242	0	4	.5	0	50	9.9726373587834535889843907206715152212E04	1100
oracle	xt-1M-1000-120-4	2629	2261	0	4	.75	0	50	1.02824792578577278246872440766993307164E05	1100
oracle	xt-1M-1000-120-4	2629	2263	0	4	1	0	50	1.12204578428098721957439057709237728059E05	1100
oracle	xt-1M-1000-120-4	2629	2283	0	4	.25	0	75	1.00941145884222608081462079519703346184E05	1100
oracle	xt-1M-1000-120-4	2629	2301	0	4	.5	0	75	1.12319243793843492744802844421666292963E05	1100
oracle	xt-1M-1000-120-4	2629	2304	0	4	.75	0	75	1.15763915011862588969417270629529721473E05	1100
oracle	xt-1M-1000-120-4	2629	2322	0	4	1	0	75	1.1566545071885243241488981923214227761E05	1100
oracle	xt-1M-1000-120-4	2629	2323	0	4	.25	0	100	1.04358421820071531195549170054718307706E05	1100
oracle	xt-1M-1000-120-4	2629	2326	0	4	.5	0	100	1.14304860473600424515786680817192889361E05	1100
oracle	xt-1M-1000-120-4	2629	2342	0	4	.75	0	100	1.18490482464391292663262563826928245095E05	1100
oracle	xt-1M-1000-120-4	2629	2344	0	4	1	0	100	1.20336827414457749121550165455599904479E05	1100
oracle	xt-1M-1000-120-4	2629	2384	0	4	.75	.01	0	8.2987139178277528899392470826384266565E03	1100
oracle	xt-1M-1000-120-4	2629	3004	0	4	.5	.1	0	3.50234643490855655152112342737481918055E03	600
oracle	xt-1M-1000-120-4	2629	3023	0	4	.75	.1	0	4.32005778653154263673991523604146572257E03	600
oracle	xt-1M-1000-120-4	2629	3024	0	4	1	.1	0	5.53125731643034937446311558567641494672E03	800
oracle	xt-1M-1000-120-4	2629	3183	0	4	.25	1	0	3.49600217261911021467495893476463994044E03	1100
oracle	xt-1M-1000-120-4	2629	3184	0	4	.5	1	0	3.21606814365353475881240502544507719155E03	800
oracle	xt-1M-1000-120-4	2629	3203	0	4	.75	1	0	4.82313581908779978736439583303861066464E03	600
oracle	xt-1M-1000-120-4	2629	3204	0	4	1	1	0	3.72993049508456594077237380514986109012E03	600
oracle	xt-1M-1000-120-8	2830	3764	0	8	.25	0	25	6.39071876622527688026446034028724576509E04	1100
oracle	xt-1M-1000-120-8	2830	3804	0	8	.5	0	25	7.21585849402932744859446862045496731083E04	1100
oracle	xt-1M-1000-120-8	2830	3806	0	8	.75	0	25	7.93331821307386350868519808543628233073E04	1100
oracle	xt-1M-1000-120-8	2830	3823	0	8	1	0	25	8.15486293365655087245866398335124751298E04	1100
oracle	xt-1M-1000-120-8	2830	3843	0	8	.25	0	50	8.64933832402806945653844183783230036367E04	1100
oracle	xt-1M-1000-120-8	2830	3863	0	8	.5	0	50	9.82991065783488742324312030930179667955E04	1100
oracle	xt-1M-1000-120-8	2830	4164	0	8	.75	0	50	1.03595839529655887947432128652948296732E05	1100
oracle	xt-1M-1000-120-8	2830	4184	0	8	1	0	50	1.05296261251020170222688585752594147138E05	1100
oracle	xt-1M-1000-120-8	2830	4204	0	8	.25	0	75	9.67882863333715991275398920904603375043E04	1100
oracle	xt-1M-1000-120-8	2830	4224	0	8	.5	0	75	1.07889456938024714649561362135647580417E05	1100
oracle	xt-1M-1000-120-8	2830	4244	0	8	.75	0	75	1.09924997503588591399862697372526992448E05	1100
oracle	xt-1M-1000-120-8	2830	4265	0	8	1	0	75	1.08586667374838352115278034361721780898E05	1100
oracle	xt-1M-1000-120-8	2830	4384	0	8	.25	0	100	1.01877518196894316297301371928237599879E05	1100
oracle	xt-1M-1000-120-8	2830	4604	0	8	.5	0	100	1.09683217371635376611626328884867676996E05	1100
oracle	xt-1M-1000-120-8	2830	4625	0	8	.75	0	100	1.14817845725814324297940190686928508672E05	1100
oracle	xt-1M-1000-120-8	2830	4724	0	8	1	0	100	1.15574832620988953182535507627564439769E05	1100
oracle	xt-1M-1000-120-8	2830	4765	0	8	.25	.01	0	1.18695106347259966832599582004073135889E03	800
oracle	xt-1M-1000-120-8	2830	4805	0	8	.5	.01	0	2.28695772235972261734929700291999864987E03	1100
oracle	xt-1M-1000-120-8	2830	4824	0	8	.75	.01	0	2.99506661484137612532840557103332072528E03	600
oracle	xt-1M-1000-120-8	2830	4844	0	8	1	.01	0	3.65953996508637542609490558452786757053E03	200
oracle	xt-1M-1000-120-8	2830	5205	0	8	.25	.1	0	1.96825344705307501091102297956317956698E03	1100
oracle	xt-1M-1000-120-8	2830	5245	0	8	.5	.1	0	3.04112082704950437061657173814369591637E03	1100
oracle	xt-1M-1000-120-8	2830	5284	0	8	.75	.1	0	3.84571216080378759223464934349866455679E03	1100
oracle	xt-1M-1000-120-8	2830	5304	0	8	1	.1	0	3.59730457543067076891121756176084952811E03	1100
oracle	xt-1M-1000-120-8	2830	5606	0	8	.25	1	0	1.55843621458721393186745558794444353098E03	1100
oracle	xt-1M-1000-120-8	2830	5608	0	8	.5	1	0	2.44770817428967739928846955059546018543E03	700
oracle	xt-1M-1000-120-8	2830	5626	0	8	.75	1	0	3.00620022002299828871001331003322981085E03	600
oracle	xt-1M-1000-120-8	2830	5628	0	8	1	1	0	2.40311412602353192870312749581335779185E03	300
pgsql	pk-xt-1M-1000-120-1	2789	7207	1	1	.25	0	25	8.21019144463580184378482423260054705704E04	1100
pgsql	pk-xt-1M-1000-120-1	2789	7246	1	1	.5	0	25	7.03105315026871620628256856755476419949E04	500
pgsql	pk-xt-1M-1000-120-1	2789	7286	1	1	.75	0	25	6.80548217763812720779094049454517067078E04	500
pgsql	pk-xt-1M-1000-120-1	2789	7306	1	1	1	0	25	6.90721245248192665187105847195060317739E04	400
pgsql	pk-xt-1M-1000-120-1	2789	7327	1	1	.25	0	50	7.24322223300970873786407766990291262136E04	500
pgsql	pk-xt-1M-1000-120-1	2789	7366	1	1	.5	0	50	7.68828099116029790492099951277232546809E04	400
pgsql	pk-xt-1M-1000-120-1	2789	7406	1	1	.75	0	50	7.89654877137042062415196743554952510175E04	700
pgsql	pk-xt-1M-1000-120-1	2789	7427	1	1	1	0	50	8.2156515604629506452042038047093255288E04	200
pgsql	pk-xt-1M-1000-120-1	2789	7467	1	1	.25	0	75	7.70983150044344110295896154156252519552E04	500
pgsql	pk-xt-1M-1000-120-1	2789	7506	1	1	.5	0	75	7.85908961235469305408780862714958209242E04	400
pgsql	pk-xt-1M-1000-120-1	2789	7546	1	1	.75	0	75	7.87344138710593581368929281454132348765E04	300
pgsql	pk-xt-1M-1000-120-1	2789	7587	1	1	1	0	75	7.88526364530892448512585812356979405034E04	300
pgsql	pk-xt-1M-1000-120-1	2789	7627	1	1	.25	0	100	7.59364531173773051029368718899404819982E04	400
pgsql	pk-xt-1M-1000-120-1	2789	7666	1	1	.5	0	100	8.35491679257583310963684472907159565903E04	1100
pgsql	pk-xt-1M-1000-120-1	2789	7686	1	1	.75	0	100	8.53958234704112337011033099297893681043E04	300
pgsql	pk-xt-1M-1000-120-1	2789	7706	1	1	1	0	100	8.19764620054837446141793967880924402664E04	200
pgsql	pk-xt-1M-1000-120-1	2789	7726	1	1	.25	.01	0	5.74286708134353024310739807839159324816E04	1100
pgsql	pk-xt-1M-1000-120-1	2789	7747	1	1	.5	.01	0	5.6511582013026859580508505903488862109E04	1100
pgsql	pk-xt-1M-1000-120-1	2789	7766	1	1	.75	.01	0	5.51428312418913467723471757356388255945E04	1100
pgsql	pk-xt-1M-1000-120-1	2789	7786	1	1	1	.01	0	5.48345525153951741207167771158185973346E04	1100
pgsql	pk-xt-1M-1000-120-1	2789	8126	1	1	.25	.1	0	5.70760035744054547229460309831867777036E04	1100
pgsql	pk-xt-1M-1000-120-1	2789	8146	1	1	.5	.1	0	5.59242030248051652331039143241198463357E04	1100
pgsql	pk-xt-1M-1000-120-1	2789	8166	1	1	.75	.1	0	5.5848610730312145569308151289511317126E04	1100
pgsql	pk-xt-1M-1000-120-1	2789	8186	1	1	1	.1	0	5.53019466277628589134476347862011980996E04	1100
pgsql	pk-xt-1M-1000-120-2	2612	9266	1	2	.25	0	25	6.39699770922537952510704554301284546516E04	1100
pgsql	pk-xt-1M-1000-120-2	2612	9305	1	2	.5	0	25	9.26059990796134376438104003681546249425E04	1100
pgsql	pk-xt-1M-1000-120-2	2612	9306	1	2	.75	0	25	9.48858624124566532943496294281634595771E04	1100
pgsql	pk-xt-1M-1000-120-2	2612	9308	1	2	1	0	25	9.63527043212156386851685748957948609719E04	800
pgsql	pk-xt-1M-1000-120-2	2612	9310	1	2	.25	0	50	8.07473413742291109534464880205206570976E04	800
pgsql	pk-xt-1M-1000-120-2	2612	9312	1	2	.5	0	50	8.86080129951822041773291969863757880742E04	500
pgsql	pk-xt-1M-1000-120-2	2612	9313	1	2	.75	0	50	9.07895121577754639554112819256446377167E04	500
pgsql	pk-xt-1M-1000-120-2	2612	9315	1	2	1	0	50	9.07146936120639440812892369425927124458E04	500
pgsql	pk-xt-1M-1000-120-2	2612	9317	1	2	.25	0	75	8.07977482646922720962517353077279037483E04	400
pgsql	pk-xt-1M-1000-120-2	2612	9319	1	2	.5	0	75	8.53576242351046698872785829307568438003E04	400
pgsql	pk-xt-1M-1000-120-2	2612	9321	1	2	.75	0	75	9.15902181409092141288731058038981810296E04	300
pgsql	pk-xt-1M-1000-120-2	2612	9323	1	2	1	0	75	9.06167844663881503987846562856057728826E04	300
pgsql	pk-xt-1M-1000-120-2	2612	9329	1	2	.25	0	100	9.04698916260562435731211159297178879599E04	400
pgsql	pk-xt-1M-1000-120-2	2612	9334	1	2	.5	0	100	8.68085744248435086578326965287375010162E04	300
pgsql	pk-xt-1M-1000-120-2	2612	9337	1	2	.75	0	100	8.9430089857323903356363190384694002698E04	300
pgsql	pk-xt-1M-1000-120-2	2612	9340	1	2	1	0	100	9.2104583870168483647175421209117938553E04	300
pgsql	pk-xt-1M-1000-120-2	2612	9341	1	2	.25	.01	0	6.62618216548199368651620246097021495909E04	1100
pgsql	pk-xt-1M-1000-120-2	2612	9434	1	2	.5	.01	0	6.58348576305689263979304056489747450116E04	1100
pgsql	pk-xt-1M-1000-120-2	2612	9436	1	2	.75	.01	0	6.55452518289369173529534718448225408637E04	1100
pgsql	pk-xt-1M-1000-120-2	2612	9439	1	2	1	.01	0	6.49012180112415275252107786410977020995E04	1100
pgsql	pk-xt-1M-1000-120-2	2612	9441	1	2	.25	.1	0	6.6561709408341416100872938894277400582E04	1100
pgsql	pk-xt-1M-1000-120-2	2612	9443	1	2	.5	.1	0	366.1542054783774391141739845360636306	1100
pgsql	pk-xt-1M-1000-120-2	2612	9445	1	2	.75	.1	0	6.56276242155468161660112124508409338131E04	1100
pgsql	pk-xt-1M-1000-120-2	2612	9447	1	2	1	.1	0	3.08681603721894996379860282175214762343E04	200
pgsql	pk-xt-1M-1000-120-2	2612	9448	1	2	.25	1	0	6.63933837979018081092281183886235250496E04	1100
pgsql	pk-xt-1M-1000-120-2	2612	9450	1	2	.5	1	0	6.57893551704273200566386165533355945709E04	1100
pgsql	pk-xt-1M-1000-120-2	2612	9452	1	2	.75	1	0	6.59659931119493394983679234802114028452E04	1100
pgsql	pk-xt-1M-1000-120-2	2612	9454	1	2	1	1	0	6.57172388271696200392844319597862588971E04	1100
pgsql	pk-xt-1M-1000-120-4	2090	8686	1	4	.25	0	25	2.17046765949261821789125067433901095237E01	1100
pgsql	pk-xt-1M-1000-120-4	2090	8766	1	4	.5	0	25	1.95658620748431085613060051017743090164E01	1100
pgsql	pk-xt-1M-1000-120-4	2090	8806	1	4	.75	0	25	2.95153994889715037397972305566138550265E01	1100
pgsql	pk-xt-1M-1000-120-4	2090	9413	1	4	1	0	25	3.43771522059564805066073134494177975547E01	1100
pgsql	pk-xt-1M-1000-120-4	2090	9415	1	4	.25	0	50	3.7814562903202713498708348625055626176E01	1100
pgsql	pk-xt-1M-1000-120-4	2090	9417	1	4	.5	0	50	2.84691893779952712756415759396757556848E01	500
pgsql	pk-xt-1M-1000-120-4	2090	9418	1	4	.75	0	50	2.88455077536981635148011669904504173005E01	400
pgsql	pk-xt-1M-1000-120-4	2090	9420	1	4	1	0	50	2.24332457336550014825374536975855299937E01	400
pgsql	pk-xt-1M-1000-120-4	2090	9422	1	4	.25	0	75	7.55971852261034410662610490051886313311E00	200
pgsql	pk-xt-1M-1000-120-4	2090	9424	1	4	.5	0	75	1.65694274393558548777283497603422458796E01	400
pgsql	pk-xt-1M-1000-120-4	2090	9426	1	4	.75	0	75	2.07795648646671059788530864889188634261E01	300
pgsql	pk-xt-1M-1000-120-4	2090	9427	1	4	1	0	75	1.76730754077489808292472419239055223703E01	300
pgsql	pk-xt-1M-1000-120-4	2090	9429	1	4	.25	0	100	1.70874614077364938101799303926231153267E01	1100
pgsql	pk-xt-1M-1000-120-4	2090	9431	1	4	.5	0	100	1.2454195444645333349369989458192999007E01	300
pgsql	pk-xt-1M-1000-120-4	2090	9433	1	4	.75	0	100	1.14460025086329910690739009300431393799E01	300
pgsql	pk-xt-1M-1000-120-4	2090	9435	1	4	1	0	100	1.02306780379572036739125281164102524593E01	200
pgsql	pk-xt-1M-1000-120-4	2090	9438	1	4	.25	.01	0	4.24677724227088878437305168128649713229E01	1100
pgsql	pk-xt-1M-1000-120-4	2090	9440	1	4	.5	.01	0	4.35014137921916522336951491994658698785E04	1100
pgsql	pk-xt-1M-1000-120-4	2090	9442	1	4	.75	.01	0	4.27370119587682468705723310499018601084E04	1100
pgsql	pk-xt-1M-1000-120-4	2090	9444	1	4	1	.01	0	4.22958024820227325446532127116678264904E04	1100
pgsql	pk-xt-1M-1000-120-4	2090	9446	1	4	.25	.1	0	6.44228110003329872877206040781149002018E04	1100
pgsql	pk-xt-1M-1000-120-4	2090	9449	1	4	.5	.1	0	4.34355893224631945543770777267690359348E04	1100
pgsql	pk-xt-1M-1000-120-4	2090	9451	1	4	.75	.1	0	4.28689441226620156451339988806310117273E04	1100
pgsql	pk-xt-1M-1000-120-4	2090	9453	1	4	1	.1	0	4.2176589237380540055160028221409787698E04	1100
pgsql	pk-xt-1M-1000-120-4	2090	9455	1	4	.25	1	0	6.38703655330205142125877380075231705898E04	1100
pgsql	pk-xt-1M-1000-120-4	2090	9456	1	4	.5	1	0	4.40054421962229879530945321473408659882E04	1100
pgsql	pk-xt-1M-1000-120-4	2090	9457	1	4	.75	1	0	4.33964104597549729943353971808720853642E04	1100
pgsql	pk-xt-1M-1000-120-4	2090	9458	1	4	1	1	0	4.28229786800316813171118064842826908345E04	1100
pgsql	pk-xt-1M-1000-120-8	2709	9295	1	8	.25	0	25	5.43067937632508833922261484098939929329E04	1100
pgsql	pk-xt-1M-1000-120-8	2709	9304	1	8	.5	0	25	5.34723470795107033639143730886850152905E04	100
pgsql	pk-xt-1M-1000-120-8	2709	9307	1	8	.75	0	25	6.26823846613906004422994005313156320848E04	100
pgsql	pk-xt-1M-1000-120-8	2709	9309	1	8	1	0	25	6.13483319650187399607353203640906657148E04	100
pgsql	pk-xt-1M-1000-120-8	2709	9311	1	8	.25	0	50	3.97009637049947204952011936587786079192E03	500
pgsql	pk-xt-1M-1000-120-8	2709	9314	1	8	.5	0	50	7.47980640766653527788726842727631060307E04	1100
pgsql	pk-xt-1M-1000-120-8	2709	9316	1	8	.75	0	50	6.37728951322640388580214557780340357129E04	100
pgsql	pk-xt-1M-1000-120-8	2709	9318	1	8	1	0	50	6.59704545934530095036958817317845828933E04	100
pgsql	pk-xt-1M-1000-120-8	2709	9320	1	8	.25	0	75	5.23491410734463276836158192090395480226E04	100
pgsql	pk-xt-1M-1000-120-8	2709	9322	1	8	.5	0	75	6.77002681825301519344228058267634313163E04	600
pgsql	pk-xt-1M-1000-120-8	2709	9328	1	8	.75	0	75	5.74836490501600853788687299893276414088E04	100
pgsql	pk-xt-1M-1000-120-8	2709	9336	1	8	1	0	75	6.13297599935784235029699791298763846524E04	100
pgsql	pk-xt-1M-1000-120-8	2709	9339	1	8	.25	0	100	4.71148015608487114868709860986911633201E04	100
pgsql	pk-xt-1M-1000-120-8	2709	9348	1	8	.5	0	100	5.15039200240529164161154539987973541792E04	100
pgsql	pk-xt-1M-1000-120-8	2709	9353	1	8	.75	0	100	7.21694685583388753417571861375895958029E04	500
pgsql	pk-xt-1M-1000-120-8	2709	9355	1	8	1	0	100	5.57728669249173977441039079412099806312E04	100
pgsql	pk-xt-1M-1000-120-8	2709	9409	1	8	.25	.01	0	2.2552106794317479925880172946263125386E04	1100
pgsql	pk-xt-1M-1000-120-8	2709	9412	1	8	.5	.01	0	2.21448157306859059587363078646680479722E04	1100
pgsql	pk-xt-1M-1000-120-8	2709	9414	1	8	.75	.01	0	2.17192618541405872262072711135838284287E04	1100
pgsql	pk-xt-1M-1000-120-8	2709	9416	1	8	1	.01	0	2.13645210957795386603657820189809798572E04	1100
pgsql	pk-xt-1M-1000-120-8	2709	9419	1	8	.25	.1	0	2.27571697529796697633557687651750447902E04	1100
pgsql	pk-xt-1M-1000-120-8	2709	9421	1	8	.5	.1	0	2.23725362888955435167288269403533607383E04	1100
pgsql	pk-xt-1M-1000-120-8	2709	9423	1	8	.75	.1	0	2.17707435950111996182851992736815597291E04	1100
pgsql	pk-xt-1M-1000-120-8	2709	9425	1	8	1	.1	0	2.14369075125623215300874951809039644008E04	1100
pgsql	pk-xt-1M-1000-120-8	2709	9428	1	8	.25	1	0	2.31922829247354199504616077460031524431E04	1100
pgsql	pk-xt-1M-1000-120-8	2709	9430	1	8	.5	1	0	2.2650486586334288575078548492904740531E04	1100
pgsql	pk-xt-1M-1000-120-8	2709	9432	1	8	.75	1	0	2.22031184802690795395329006584869013217E04	1100
pgsql	pk-xt-1M-1000-120-8	2709	9437	1	8	1	1	0	2.15610809630171374355122452610148050048E04	1100
pgsql	xt-1M-1000-120-1	2829	1602	0	1	.25	0	25	6.43132337030670685176477842954375525117E04	1100
pgsql	xt-1M-1000-120-1	2829	1623	0	1	.5	0	25	6.7628106683450218785590121680752862195E04	1100
pgsql	xt-1M-1000-120-1	2829	1661	0	1	.75	0	25	6.91320103880400131911619215125865670001E04	1100
pgsql	xt-1M-1000-120-1	2829	1683	0	1	1	0	25	7.02387627818355033343918704350587488091E04	300
pgsql	xt-1M-1000-120-1	2829	1723	0	1	.25	0	50	6.70376376135626216742375081116158338741E04	700
pgsql	xt-1M-1000-120-1	2829	1763	0	1	.5	0	50	7.59323149471144924846910372982000371126E04	1100
pgsql	xt-1M-1000-120-1	2829	1801	0	1	.75	0	50	7.55940297325032496408291715126222891154E04	800
pgsql	xt-1M-1000-120-1	2829	1842	0	1	1	0	50	7.76386871813791253018513549771934531795E04	100
pgsql	xt-1M-1000-120-1	2829	1882	0	1	.25	0	75	7.37939475578906402023740027242654212882E04	800
pgsql	xt-1M-1000-120-1	2829	1902	0	1	.5	0	75	8.23803911022125695669879190986833174969E04	500
pgsql	xt-1M-1000-120-1	2829	1923	0	1	.75	0	75	8.10600463620981387478849407783417935702E04	500
pgsql	xt-1M-1000-120-1	2829	1943	0	1	1	0	75	7.8714304730715248919833778242562677161E04	100
pgsql	xt-1M-1000-120-1	2829	1983	0	1	.25	0	100	7.46431447625425525978012165857469724873E04	500
pgsql	xt-1M-1000-120-1	2829	2022	0	1	.5	0	100	7.61600693932584269662921348314606741573E04	500
pgsql	xt-1M-1000-120-1	2829	2043	0	1	.75	0	100	8.24720592987377279102384291725105189341E04	500
pgsql	xt-1M-1000-120-1	2829	2083	0	1	1	0	100	7.94196646897519290861552196926216440278E04	100
pgsql	xt-1M-1000-120-1	2829	2144	0	1	.75	.01	0	5.05571397475716302033522694690421003757E04	1100
pgsql	xt-1M-1000-120-1	2829	2147	0	1	1	.01	0	4.99411119667925835326716383985106452067E04	1100
pgsql	xt-1M-1000-120-1	2829	2522	0	1	.5	.1	0	5.26737232982045716128113131858450210511E04	1100
pgsql	xt-1M-1000-120-1	2829	2541	0	1	.75	.1	0	5.17462784979083357297493800969056390835E04	1100
pgsql	xt-1M-1000-120-1	2829	2561	0	1	1	.1	0	5.20329623938959601074558203805583926257E04	1100
pgsql	xt-1M-1000-120-2	2769	401	0	2	.25	0	25	8.00217454602086902351658620152624201838E04	800
pgsql	xt-1M-1000-120-2	2769	422	0	2	.5	0	25	8.99265711698416957338341829889991950631E04	800
pgsql	xt-1M-1000-120-2	2769	462	0	2	.75	0	25	9.88769628927050053248136315228966986155E04	1100
pgsql	xt-1M-1000-120-2	2769	482	0	2	1	0	25	9.13336226184044660543850171078696200252E04	1100
pgsql	xt-1M-1000-120-2	2769	521	0	2	.25	0	50	7.90653005832449628844114528101802757158E04	500
pgsql	xt-1M-1000-120-2	2769	542	0	2	.5	0	50	8.55700519964997927508865656519136001474E04	500
pgsql	xt-1M-1000-120-2	2769	582	0	2	.75	0	50	9.25925135521500457456541628545288197621E04	500
pgsql	xt-1M-1000-120-2	2769	601	0	2	1	0	50	8.97595086044548347295278914215208779791E04	500
pgsql	xt-1M-1000-120-2	2769	641	0	2	.25	0	75	8.61499432994329943299432994329943299433E04	700
pgsql	xt-1M-1000-120-2	2769	662	0	2	.5	0	75	8.66756263193261340265663922242056893075E04	400
pgsql	xt-1M-1000-120-2	2769	702	0	2	.75	0	75	9.29253344385499557913351016799292661362E04	400
pgsql	xt-1M-1000-120-2	2769	741	0	2	1	0	75	9.19258495412844036697247706422018348624E04	400
pgsql	xt-1M-1000-120-2	2769	762	0	2	.25	0	100	8.55012001168633867009465934322776674068E04	400
pgsql	xt-1M-1000-120-2	2769	802	0	2	.5	0	100	92223.21125931737936445664966653589643	400
pgsql	xt-1M-1000-120-2	2769	841	0	2	.75	0	100	8.94945457713369102273355827202832015045E04	300
pgsql	xt-1M-1000-120-2	2769	862	0	2	1	0	100	9.12022964913992130849022859558417065002E04	300
pgsql	xt-1M-1000-120-2	2769	902	0	2	.25	.01	0	6.60381815683833158019019814095270806947E04	1100
pgsql	xt-1M-1000-120-2	2769	941	0	2	.5	.01	0	6.51361971913891691893710057181298351833E04	1100
pgsql	xt-1M-1000-120-2	2769	962	0	2	.75	.01	0	6.43399671541893901834407535944471988101E04	1100
pgsql	xt-1M-1000-120-2	2769	1001	0	2	1	.01	0	6.38868374769985687998364342670210590881E04	1100
pgsql	xt-1M-1000-120-2	2769	1441	0	2	.25	.1	0	6.57371248749121723763493516724508697596E04	1100
pgsql	xt-1M-1000-120-2	2769	1461	0	2	.5	.1	0	6.57878150841295341168512725120487021223E04	1100
pgsql	xt-1M-1000-120-2	2769	1482	0	2	.75	.1	0	6.39657140979091022912232377613622135971E04	1100
pgsql	xt-1M-1000-120-2	2769	1501	0	2	1	.1	0	6.42442343183316848005275304978569073525E04	1100
pgsql	xt-1M-1000-120-2	2769	1821	0	2	.25	1	0	6.75601363787366368770456538195522298648E04	1100
pgsql	xt-1M-1000-120-2	2769	1841	0	2	.5	1	0	6.64859606007463883571970871606232021985E04	1100
pgsql	xt-1M-1000-120-2	2769	1861	0	2	.75	1	0	6.5306485448891444277720904794626204266E04	1100
pgsql	xt-1M-1000-120-2	2769	1881	0	2	1	1	0	6.49152800292626740065477827298339187598E04	1100
pgsql	xt-1M-1000-120-4	2589	2203	0	4	.25	0	25	8.08551630218875919865307126236734076162E04	600
pgsql	xt-1M-1000-120-4	2589	2222	0	4	.5	0	25	8.45596480143613993607425894303603485266E04	1100
pgsql	xt-1M-1000-120-4	2589	2224	0	4	.75	0	25	8.70457310080258442279541668769875321791E04	700
pgsql	xt-1M-1000-120-4	2589	2225	0	4	1	0	25	8.46963082411518620229448451094628237045E04	500
pgsql	xt-1M-1000-120-4	2589	2228	0	4	.25	0	50	7.52759270597056893804480269940950417096E04	400
pgsql	xt-1M-1000-120-4	2589	2242	0	4	.5	0	50	8.43622599249232169264020020475486292799E04	400
pgsql	xt-1M-1000-120-4	2589	2261	0	4	.75	0	50	8.11032140203121129551647262818924944266E04	400
pgsql	xt-1M-1000-120-4	2589	2263	0	4	1	0	50	8.3232390498556957727349895308697866561E04	400
pgsql	xt-1M-1000-120-4	2589	2283	0	4	.25	0	75	7.55316784124157231904337870499936394861E04	300
pgsql	xt-1M-1000-120-4	2589	2301	0	4	.5	0	75	7.82975700908840539796199394106306802534E04	300
pgsql	xt-1M-1000-120-4	2589	2304	0	4	.75	0	75	8.61195261513157894736842105263157894737E04	300
pgsql	xt-1M-1000-120-4	2589	2322	0	4	1	0	75	9.23278553236359703671659546855566971286E04	100
pgsql	xt-1M-1000-120-4	2589	2323	0	4	.25	0	100	8.25536171839446618731227814690088286156E04	800
pgsql	xt-1M-1000-120-4	2589	2326	0	4	.5	0	100	8.71675800566991248613336620239122396154E04	400
pgsql	xt-1M-1000-120-4	2589	2342	0	4	.75	0	100	8.65488817172513467349888319537511496518E04	300
pgsql	xt-1M-1000-120-4	2589	2344	0	4	1	0	100	8.93027552000565031606455486103753928735E04	300
pgsql	xt-1M-1000-120-4	2589	2362	0	4	.25	.01	0	3.84468363592350520455095618494311304769E04	1100
pgsql	xt-1M-1000-120-4	2589	2382	0	4	.5	.01	0	3.77085920978150118872410279633193705423E04	1100
pgsql	xt-1M-1000-120-4	2589	2384	0	4	.75	.01	0	3.66367419749009247027741083223249669749E04	1100
pgsql	xt-1M-1000-120-4	2589	2387	0	4	1	.01	0	3.57613959201697416179305739550012385968E04	1100
pgsql	xt-1M-1000-120-4	2589	3003	0	4	.25	.1	0	3.84141554379100011508804235239958568305E04	1100
pgsql	xt-1M-1000-120-4	2589	3004	0	4	.5	.1	0	3.78160458022176963113826657614844987554E04	1100
pgsql	xt-1M-1000-120-4	2589	3023	0	4	.75	.1	0	3.67532398483190165058096469989939526605E04	1100
pgsql	xt-1M-1000-120-4	2589	3024	0	4	1	.1	0	3.58370453884201338376491125981961012511E04	1100
pgsql	xt-1M-1000-120-4	2589	3183	0	4	.25	1	0	3.94596406215819244351385980811900371887E04	1100
pgsql	xt-1M-1000-120-4	2589	3203	0	4	.75	1	0	3.83191628799387821703071019434410271992E04	1100
pgsql	xt-1M-1000-120-4	2589	3204	0	4	1	1	0	3.68299932874341941254967518660273048553E04	1100
pgsql	xt-1M-1000-120-8	2749	3764	0	8	.25	0	25	7.79550153867739219904592648021700495744E04	100
pgsql	xt-1M-1000-120-8	2749	3804	0	8	.5	0	25	9.03229718273343991703754915093116709156E04	100
pgsql	xt-1M-1000-120-8	2749	3806	0	8	.75	0	25	8.28742827565302195629826827275363082844E04	100
pgsql	xt-1M-1000-120-8	2749	3823	0	8	1	0	25	8.82537752090665461237932259210228923831E04	100
pgsql	xt-1M-1000-120-8	2749	3843	0	8	.25	0	50	7.63130471329874794233551154786252307078E04	500
pgsql	xt-1M-1000-120-8	2749	3863	0	8	.5	0	50	9.06581735581612948179411120622723019649E04	400
pgsql	xt-1M-1000-120-8	2749	4164	0	8	.75	0	50	9.27940614702765198959437325368532613932E04	400
pgsql	xt-1M-1000-120-8	2749	4184	0	8	1	0	50	9.53561496703116681000941966662571159438E04	400
pgsql	xt-1M-1000-120-8	2749	4204	0	8	.25	0	75	7.92248315904586152689494908071902125624E04	400
pgsql	xt-1M-1000-120-8	2749	4224	0	8	.5	0	75	9.90101289065010174574274392203063082361E04	400
pgsql	xt-1M-1000-120-8	2749	4244	0	8	.75	0	75	9.86344719796215429403202328966521106259E04	400
pgsql	xt-1M-1000-120-8	2749	4265	0	8	1	0	75	9.99500328395317517870092199316274733244E04	400
pgsql	xt-1M-1000-120-8	2749	4384	0	8	.25	0	100	8.06374259199625281770543634181328493223E04	400
pgsql	xt-1M-1000-120-8	2749	4604	0	8	.5	0	100	9.54494153352540597171293871136720796228E04	400
pgsql	xt-1M-1000-120-8	2749	4625	0	8	.75	0	100	9.80472454806678063507074528061688429782E04	300
pgsql	xt-1M-1000-120-8	2749	4724	0	8	1	0	100	9.93744146466843291549685634070149076674E04	300
pgsql	xt-1M-1000-120-8	2749	4765	0	8	.25	.01	0	3.20508407081371430799676347010596710828E04	1100
pgsql	xt-1M-1000-120-8	2749	4805	0	8	.5	.01	0	3.16552233053663799331490275784343001358E04	1100
pgsql	xt-1M-1000-120-8	2749	4824	0	8	.75	.01	0	3.12836720677468827098753083950123358005E04	1100
pgsql	xt-1M-1000-120-8	2749	4844	0	8	1	.01	0	3.06579230180222242973200112055280605099E04	1100
pgsql	xt-1M-1000-120-8	2749	5205	0	8	.25	.1	0	3.21040413331378585740116307481796413038E04	1100
pgsql	xt-1M-1000-120-8	2749	5245	0	8	.5	.1	0	3.15749135335458350935135757901609124774E04	1100
pgsql	xt-1M-1000-120-8	2749	5284	0	8	.75	.1	0	3.13497706261027132707071670401983691765E04	1100
pgsql	xt-1M-1000-120-8	2749	5304	0	8	1	.1	0	3.08431345682605552478147796941161006844E04	1100
pgsql	xt-1M-1000-120-8	2749	5606	0	8	.25	1	0	3.26007595992659822447056489609681099043E04	1100
pgsql	xt-1M-1000-120-8	2749	5608	0	8	.5	1	0	3.22767768081149952282096439358907505977E04	1100
pgsql	xt-1M-1000-120-8	2749	5626	0	8	.75	1	0	3.17820700320218251472907214101212185707E04	1100
pgsql	xt-1M-1000-120-8	2749	5628	0	8	1	1	0	3.13584575486555881145780637032653411857E04	1100
sqlserver	pk-xt-30K-1000-120-1	2809	4425	1	1	.25	0	25	2.13683807447941532924455543721767233464E05	1100
sqlserver	pk-xt-30K-1000-120-1	2809	4426	1	1	.5	0	25	2.10823113123644251626898047722342733189E05	1100
sqlserver	pk-xt-30K-1000-120-1	2809	4444	1	1	.75	0	25	2.11261359297027554784118029941418962899E05	1100
sqlserver	pk-xt-30K-1000-120-1	2809	4445	1	1	1	0	25	2.11448473356276036949827929722876290527E05	1100
sqlserver	pk-xt-30K-1000-120-1	2809	4464	1	1	.25	0	50	2.14869186367089981547812873114077933355E05	1100
sqlserver	pk-xt-30K-1000-120-1	2809	4465	1	1	.5	0	50	2.12389249819102749638205499276410998553E05	1100
sqlserver	pk-xt-30K-1000-120-1	2809	4484	1	1	.75	0	50	2.11588425643625303255241336857732556034E05	1100
sqlserver	pk-xt-30K-1000-120-1	2809	4486	1	1	1	0	50	2.18563674867483092670444160116980442332E05	1100
sqlserver	pk-xt-30K-1000-120-1	2809	4504	1	1	.25	0	75	2.12217924204582473667064827885763926594E05	1100
sqlserver	pk-xt-30K-1000-120-1	2809	4505	1	1	.5	0	75	2.11143172760478825358938193917037358504E05	1100
sqlserver	pk-xt-30K-1000-120-1	2809	4524	1	1	.75	0	75	2.10958494507876860818037288625523919642E05	1100
sqlserver	pk-xt-30K-1000-120-1	2809	4525	1	1	1	0	75	2.16990415123400198027063698705489750266E05	1100
sqlserver	pk-xt-30K-1000-120-1	2809	4544	1	1	.25	0	100	2.12419132479560089718544244265972071485E05	1100
sqlserver	pk-xt-30K-1000-120-1	2809	4545	1	1	.5	0	100	2.11424923477506147837407782438883263417E05	1100
sqlserver	pk-xt-30K-1000-120-1	2809	4564	1	1	.75	0	100	2.12095747838043202952563592285703947607E05	1100
sqlserver	pk-xt-30K-1000-120-1	2809	4565	1	1	1	0	100	2.14000618673326966869903768456622346287E05	1100
sqlserver	pk-xt-30K-1000-120-1	2809	4584	1	1	.25	.01	0	1.03711199885961911278366974569506215076E05	1100
sqlserver	pk-xt-30K-1000-120-1	2809	4585	1	1	.5	.01	0	1.03874649343759370747122459806703111665E05	1100
sqlserver	pk-xt-30K-1000-120-1	2809	4624	1	1	.75	.01	0	1.0356367407628539279399269754518106873E05	1100
sqlserver	pk-xt-30K-1000-120-1	2809	4626	1	1	1	.01	0	1.06913537981659982644996364830319660405E05	1100
sqlserver	pk-xt-30K-1000-120-1	2809	4804	1	1	.25	.1	0	1.04300569160424612839483479619502780203E05	1100
sqlserver	pk-xt-30K-1000-120-1	2809	4806	1	1	.5	.1	0	1.04523091206328882385220413389427473935E05	1100
sqlserver	pk-xt-30K-1000-120-1	2809	4825	1	1	.75	.1	0	1.02631223610414481783776389585518216224E05	1100
sqlserver	pk-xt-30K-1000-120-1	2809	4845	1	1	1	.1	0	1.05995052768427161926871735345327916425E05	1100
sqlserver	pk-xt-30K-1000-120-1	2809	5066	1	1	.25	1	0	1.04642384464647845603481668831316790849E05	1100
sqlserver	pk-xt-30K-1000-120-1	2809	5085	1	1	.5	1	0	1.0636698142472369276492987833194018761E05	1100
sqlserver	pk-xt-30K-1000-120-1	2809	5105	1	1	.75	1	0	1.04568448804991054635533740079820175237E05	1100
sqlserver	pk-xt-30K-1000-120-1	2809	5125	1	1	1	1	0	1.08411070450051784201111006496563412108E05	1100
sqlserver	pk-xt-30K-1000-120-2	2649	7026	1	2	.25	0	25	1.82077918256514763907557559727702380436E04	400
sqlserver	pk-xt-30K-1000-120-2	2649	7046	1	2	.5	0	25	1.7741861328093715127795783032820584011E04	400
sqlserver	pk-xt-30K-1000-120-2	2649	7066	1	2	.75	0	25	1.74064586479542445696823179123300000523E04	400
sqlserver	pk-xt-30K-1000-120-2	2649	7086	1	2	1	0	25	1.74266226814051836033999078842691454172E04	400
sqlserver	pk-xt-30K-1000-120-2	2649	7106	1	2	.25	0	50	1.80406495668283114477197188470549773879E04	400
sqlserver	pk-xt-30K-1000-120-2	2649	7126	1	2	.5	0	50	1.78155372321553364655793400780552837836E04	400
sqlserver	pk-xt-30K-1000-120-2	2649	7146	1	2	.75	0	50	1.77186644610470237400375680522981247811E04	400
sqlserver	pk-xt-30K-1000-120-2	2649	7166	1	2	1	0	50	1.7669392760385310054184226369656833233E04	400
sqlserver	pk-xt-30K-1000-120-2	2649	7186	1	2	.25	0	75	2.43099484356768587434683982809476529717E04	100
sqlserver	pk-xt-30K-1000-120-2	2649	7206	1	2	.5	0	75	1.8517767811000369139904023624953857512E04	400
sqlserver	pk-xt-30K-1000-120-2	2649	7226	1	2	.75	0	75	1.83240345891032230755276047650722621999E04	400
sqlserver	pk-xt-30K-1000-120-2	2649	7266	1	2	1	0	75	1.82235910545582078428793757260910545582E04	400
sqlserver	pk-xt-30K-1000-120-2	2649	7287	1	2	.25	0	100	1.91976957485542327814436423571030672662E04	400
sqlserver	pk-xt-30K-1000-120-2	2649	7307	1	2	.5	0	100	1.87329463155157599602044046488490932935E04	400
sqlserver	pk-xt-30K-1000-120-2	2649	7326	1	2	.75	0	100	1.87470746071547977265128719491808759612E04	400
sqlserver	pk-xt-30K-1000-120-2	2649	7346	1	2	1	0	100	1.87705309997634895428590735547521708281E04	400
sqlserver	pk-xt-30K-1000-120-2	2649	7386	1	2	.25	.01	0	2.63616138478388752205975553078290600513E03	1100
sqlserver	pk-xt-30K-1000-120-2	2649	7407	1	2	.5	.01	0	2.34238073009931763317263779726389516167E03	1100
sqlserver	pk-xt-30K-1000-120-2	2649	7426	1	2	.75	.01	0	2.30433176972462942615584211075116348519E03	1100
sqlserver	pk-xt-30K-1000-120-2	2649	7446	1	2	1	.01	0	2.26114603857998682335636692356014524951E03	1100
sqlserver	pk-xt-30K-1000-120-2	2649	9506	1	2	.25	.1	0	2.40147841055528120995975092527243008296E03	1100
sqlserver	pk-xt-30K-1000-120-2	2649	9526	1	2	.5	.1	0	2.37683895692592118879573968349941281118E03	1100
sqlserver	pk-xt-30K-1000-120-2	2649	9527	1	2	.75	.1	0	2.30410123839426102717920047503548240123E03	1100
sqlserver	pk-xt-30K-1000-120-2	2649	9528	1	2	1	.1	0	2.25944937550104663073976751436333674787E03	1100
sqlserver	pk-xt-30K-1000-120-2	2649	9529	1	2	.25	1	0	2.44441471403016969704245727560312381821E03	1100
sqlserver	pk-xt-30K-1000-120-2	2649	9530	1	2	.5	1	0	2.41028054782303381190194355843490138504E03	1100
sqlserver	pk-xt-30K-1000-120-2	2649	9531	1	2	.75	1	0	2.38302738254522113401986315322061816993E03	1100
sqlserver	pk-xt-30K-1000-120-2	2649	9532	1	2	1	1	0	2.3378193356413305702992169071051620146E03	1100
sqlserver	pk-xt-30K-1000-120-4	2409	8347	1	4	.25	0	25	1.81851464080366267438069019995440612288E02	700
sqlserver	pk-xt-30K-1000-120-4	2409	8446	1	4	.5	0	25	1.94872797484449511184849856235718311488E02	700
sqlserver	pk-xt-30K-1000-120-4	2409	8467	1	4	.75	0	25	1.97528387299149105413686355436650361821E02	700
sqlserver	pk-xt-30K-1000-120-4	2409	8506	1	4	1	0	25	1.88281358902213600038078094511373039339E02	700
sqlserver	pk-xt-30K-1000-120-4	2409	8546	1	4	.25	0	50	1.91748900910392094877041566199321352386E02	700
sqlserver	pk-xt-30K-1000-120-4	2409	8566	1	4	.5	0	50	1.93564305198882687789524421555737403891E02	700
sqlserver	pk-xt-30K-1000-120-4	2409	8587	1	4	.75	0	50	1.95984260029494028219998774439719602873E02	700
sqlserver	pk-xt-30K-1000-120-4	2409	8626	1	4	1	0	50	1.86272686435380426365495758564742260832E02	700
sqlserver	pk-xt-30K-1000-120-4	2409	8666	1	4	.25	0	75	1.92282422031896647303540623218257447373E02	700
sqlserver	pk-xt-30K-1000-120-4	2409	8826	1	4	.5	0	75	1.83113366600163167315867493662563355516E02	700
sqlserver	pk-xt-30K-1000-120-4	2409	8846	1	4	.75	0	75	1.93068966285131559800900296387326569819E02	700
sqlserver	pk-xt-30K-1000-120-4	2409	8866	1	4	1	0	75	1.93659411151319901452421678568433444782E02	700
sqlserver	pk-xt-30K-1000-120-4	2409	8886	1	4	.25	0	100	1.93512240420456656823071761073013680035E02	700
sqlserver	pk-xt-30K-1000-120-4	2409	8906	1	4	.5	0	100	1.9592926049296092013164009023918038614E02	700
sqlserver	pk-xt-30K-1000-120-4	2409	8926	1	4	.75	0	100	1.95951063443449891920664177711897201404E02	700
sqlserver	pk-xt-30K-1000-120-4	2409	8946	1	4	1	0	100	1.98464922978550642476565689887481067654E02	700
sqlserver	pk-xt-30K-1000-120-4	2409	8966	1	4	.25	.01	0	8.59202396680166095823993198307803124749E02	1100
sqlserver	pk-xt-30K-1000-120-4	2409	8986	1	4	.5	.01	0	8.42359905628935692473733957468152447373E02	1100
sqlserver	pk-xt-30K-1000-120-4	2409	9006	1	4	.75	.01	0	8.63680593854857701113438591770072600992E02	1100
sqlserver	pk-xt-30K-1000-120-4	2409	9026	1	4	1	.01	0	8.15897216945664648383394673315129209704E02	1100
sqlserver	pk-xt-30K-1000-120-4	2409	9046	1	4	.25	.1	0	8.6000335032626746575717686686190019299E02	1100
sqlserver	pk-xt-30K-1000-120-4	2409	9067	1	4	.5	.1	0	8.46040170964935470198444556524762556536E02	1100
sqlserver	pk-xt-30K-1000-120-4	2409	9086	1	4	.75	.1	0	8.35842955202559289090868090245041390055E02	1100
sqlserver	pk-xt-30K-1000-120-4	2409	9106	1	4	1	.1	0	8.1836887841229483060965044167428345158E02	1100
sqlserver	pk-xt-30K-1000-120-4	2409	9126	1	4	.25	1	0	8.86700567668303049896923174911334580844E02	1100
sqlserver	pk-xt-30K-1000-120-4	2409	9146	1	4	.5	1	0	8.71415049191572680835761691166744421642E02	1100
sqlserver	pk-xt-30K-1000-120-4	2409	9166	1	4	.75	1	0	8.86590455068129544577315865968695515771E02	1100
sqlserver	pk-xt-30K-1000-120-4	2409	9186	1	4	1	1	0	8.5094261864692369764318994328774436098E02	1100
sqlserver	pk-xt-30K-1000-120-8	2049	9398	1	8	.25	0	25	7.12507110977114687452621921747720345049E01	1100
sqlserver	pk-xt-30K-1000-120-8	2049	9399	1	8	.5	0	25	7.09077548332593245044563157480278187685E01	800
sqlserver	pk-xt-30K-1000-120-8	2049	9400	1	8	.75	0	25	7.50827021493997970614401904066351136122E01	1100
sqlserver	pk-xt-30K-1000-120-8	2049	9401	1	8	1	0	25	7.43386188134506801736620120191418447731E01	1100
sqlserver	pk-xt-30K-1000-120-8	2049	9402	1	8	.25	0	50	6.88868652366564964887846043231490904009E01	1100
sqlserver	pk-xt-30K-1000-120-8	2049	9403	1	8	.5	0	50	7.58729952528368739746023500886032048305E01	800
sqlserver	pk-xt-30K-1000-120-8	2049	9404	1	8	.75	0	50	7.36726604420013328262983574638698373648E01	800
sqlserver	pk-xt-30K-1000-120-8	2049	9405	1	8	1	0	50	7.30893142695773859576811877296670429785E01	1100
sqlserver	pk-xt-30K-1000-120-8	2049	9406	1	8	.25	0	75	7.18285054560870145553308936112256660999E01	1100
sqlserver	pk-xt-30K-1000-120-8	2049	9407	1	8	.5	0	75	7.56777141102103194310057943751884819502E01	800
sqlserver	pk-xt-30K-1000-120-8	2049	9408	1	8	.75	0	75	7.16820875470440035545421595531452599811E01	1100
sqlserver	pk-xt-30K-1000-120-8	2049	9410	1	8	1	0	75	7.57068520578676937655848849528548223655E01	800
sqlserver	pk-xt-30K-1000-120-8	2049	9411	1	8	.25	0	100	7.00227413411219194804291413694553616798E01	1100
sqlserver	pk-xt-30K-1000-120-8	2049	9459	1	8	.5	0	100	7.618169537944696820395943295360876751E01	800
sqlserver	pk-xt-30K-1000-120-8	2049	9460	1	8	.75	0	100	7.66489512089360935895373842592754609763E01	800
sqlserver	pk-xt-30K-1000-120-8	2049	9461	1	8	1	0	100	7.35911668796189705054680693274840757743E01	800
sqlserver	pk-xt-30K-1000-120-8	2049	9462	1	8	.25	.01	0	3.87479946266497802013938608452947751221E02	1100
sqlserver	pk-xt-30K-1000-120-8	2049	9463	1	8	.5	.01	0	3.74393409220263100232616688935341946306E02	1100
sqlserver	pk-xt-30K-1000-120-8	2049	9464	1	8	.75	.01	0	3.6914544269452067672429741323949301457E02	1100
sqlserver	pk-xt-30K-1000-120-8	2049	9465	1	8	1	.01	0	3.62441539396436364043434947944109787372E02	1100
sqlserver	pk-xt-30K-1000-120-8	2049	9466	1	8	.25	.1	0	3.80904477299327959903652877242305816766E02	1100
sqlserver	pk-xt-30K-1000-120-8	2049	9467	1	8	.5	.1	0	3.75232065526544309300706722534192421158E02	1100
sqlserver	pk-xt-30K-1000-120-8	2049	9468	1	8	.75	.1	0	3.69361195223739840962821609174936198797E02	1100
sqlserver	pk-xt-30K-1000-120-8	2049	9469	1	8	1	.1	0	367.8891733740187667354250788222716655	1100
sqlserver	pk-xt-30K-1000-120-8	2049	9470	1	8	.25	1	0	3.92497548068073477983473003199804734314E02	1100
sqlserver	pk-xt-30K-1000-120-8	2049	9471	1	8	.5	1	0	3.94482463989408217351330476829699037468E02	1100
sqlserver	pk-xt-30K-1000-120-8	2049	9472	1	8	.75	1	0	3.82555407300563921207434375733141015058E02	1100
sqlserver	pk-xt-30K-1000-120-8	2049	9473	1	8	1	1	0	3.76588641851422120480416444542005080122E02	1100
sqlserver	xt-30K-1000-120-2	2669	6066	0	2	.25	0	25	1.87034659042212761221025683835601190973E04	400
sqlserver	xt-30K-1000-120-2	2669	6086	0	2	.5	0	25	2.39559160864208143499813748244935384968E04	400
sqlserver	xt-30K-1000-120-2	2669	6106	0	2	.75	0	25	1.81928828995269548536175964074728053539E04	400
sqlserver	xt-30K-1000-120-2	2669	6107	0	2	1	0	25	18247.1659728546030094098261133515459	400
sqlserver	xt-30K-1000-120-2	2669	6126	0	2	.25	0	50	1.87915741934012294287376116236898828735E04	400
sqlserver	xt-30K-1000-120-2	2669	6146	0	2	.5	0	50	1.87686124110893307196863623634836180342E04	400
sqlserver	xt-30K-1000-120-2	2669	6166	0	2	.75	0	50	18540.99940272847031504677696653046643	400
sqlserver	xt-30K-1000-120-2	2669	6167	0	2	1	0	50	1.85261986897002396072451869104069972018E04	400
sqlserver	xt-30K-1000-120-2	2669	6186	0	2	.25	0	75	1.97758476349838561429143786382597629092E04	400
sqlserver	xt-30K-1000-120-2	2669	6188	0	2	.5	0	75	1.93088720552724919991219252943283306182E04	400
sqlserver	xt-30K-1000-120-2	2669	6206	0	2	.75	0	75	1.91826802827786870340061829423531551191E04	400
sqlserver	xt-30K-1000-120-2	2669	6226	0	2	1	0	75	1.86281627804989178721950108212780498918E04	400
sqlserver	xt-30K-1000-120-2	2669	6246	0	2	.25	0	100	2.00858303006376437091004797281939011114E04	400
sqlserver	xt-30K-1000-120-2	2669	6247	0	2	.5	0	100	1.92164074659880819671174352299853505081E04	400
sqlserver	xt-30K-1000-120-2	2669	6266	0	2	.75	0	100	1.92491894684784671385935352536271471043E04	400
sqlserver	xt-30K-1000-120-2	2669	6267	0	2	1	0	100	1.92053424032516601786123196702541790703E04	400
sqlserver	xt-30K-1000-120-2	2669	6286	0	2	.25	.01	0	2.70913662865941475911410803528170276028E03	1100
sqlserver	xt-30K-1000-120-2	2669	6287	0	2	.5	.01	0	2.63725538087679008408163860032849069937E03	1100
sqlserver	xt-30K-1000-120-2	2669	6306	0	2	.75	.01	0	2.84182279751206501747528046908159148191E03	1100
sqlserver	xt-30K-1000-120-2	2669	6307	0	2	1	.01	0	2.57408051749158710221710155603194540195E03	1100
sqlserver	xt-30K-1000-120-2	2669	6486	0	2	.25	.1	0	2.74314660383114532069247582905341075188E03	1100
sqlserver	xt-30K-1000-120-2	2669	6487	0	2	.5	.1	0	2.67270200844198786770408954712082493081E03	1100
sqlserver	xt-30K-1000-120-2	2669	6506	0	2	.75	.1	0	2.62688053704752380608134430561747211747E03	1100
sqlserver	xt-30K-1000-120-2	2669	6507	0	2	1	.1	0	2.57689944465339922111121361722796650731E03	1100
sqlserver	xt-30K-1000-120-2	2669	6726	0	2	.25	1	0	2.80331120219330190883230035593057292454E03	1100
sqlserver	xt-30K-1000-120-2	2669	6727	0	2	.5	1	0	2.74513853996593051645091012025415632535E03	1100
sqlserver	xt-30K-1000-120-2	2669	6728	0	2	.75	1	0	2.7096160469056758456679793750446005533E03	1100
sqlserver	xt-30K-1000-120-2	2669	6746	0	2	1	1	0	2.62849262788579869082047142421957886793E03	1100
sqlserver	xt-30K-1000-120-4	2410	7746	0	4	.25	0	25	1.88950544983147223757333917721165367378E02	700
sqlserver	xt-30K-1000-120-4	2410	9345	0	4	.5	0	25	2.04109142305483709384718355284168216884E02	700
sqlserver	xt-30K-1000-120-4	2410	9346	0	4	.75	0	25	1.88924147604426422641136166347169819754E02	700
sqlserver	xt-30K-1000-120-4	2410	9347	0	4	1	0	25	2.02669085759305823641459763704196534871E02	700
sqlserver	xt-30K-1000-120-4	2410	9349	0	4	.25	0	50	1.51799340476072648092245261543029643193E04	400
sqlserver	xt-30K-1000-120-4	2410	9350	0	4	.5	0	50	1.32583649244034455162681031589635914602E04	100
sqlserver	xt-30K-1000-120-4	2410	9351	0	4	.75	0	50	1.2007932211546046922579321878796484751E04	400
sqlserver	xt-30K-1000-120-4	2410	9352	0	4	1	0	50	1.14030223432698388045130298760802760181E04	200
sqlserver	xt-30K-1000-120-4	2410	9354	0	4	.25	0	75	1.50563736712474044413168340874288234624E04	400
sqlserver	xt-30K-1000-120-4	2410	9356	0	4	.5	0	75	1.44849934109142531591187156186082132417E04	400
sqlserver	xt-30K-1000-120-4	2410	9366	0	4	.75	0	75	1.31296309696030124930366327099050391028E04	400
sqlserver	xt-30K-1000-120-4	2410	9367	0	4	1	0	75	1.21126621999920920485548218733936973627E04	100
sqlserver	xt-30K-1000-120-4	2410	9368	0	4	.25	0	100	1.63532617159029850349256002255667097584E04	400
sqlserver	xt-30K-1000-120-4	2410	9369	0	4	.5	0	100	1.5273187634773728851368433576070630109E04	400
sqlserver	xt-30K-1000-120-4	2410	9370	0	4	.75	0	100	1.37374993953130039058300784749346042212E04	400
sqlserver	xt-30K-1000-120-4	2410	9371	0	4	1	0	100	1.30674657408859187815968234730762222382E04	400
sqlserver	xt-30K-1000-120-4	2410	9372	0	4	.25	.01	0	9.5712702142836629629446982858525324367E02	1100
sqlserver	xt-30K-1000-120-4	2410	9387	0	4	.5	.01	0	9.30163799923591083823285786251128383884E02	1100
sqlserver	xt-30K-1000-120-4	2410	9388	0	4	.75	.01	0	9.11352406748711736188330794755423308788E02	1100
sqlserver	xt-30K-1000-120-4	2410	9389	0	4	1	.01	0	8.9543726395744358530300730875038313859E02	1100
sqlserver	xt-30K-1000-120-4	2410	9390	0	4	.25	.1	0	9.8763790525453926127336887828485472896E02	1100
sqlserver	xt-30K-1000-120-4	2410	9391	0	4	.5	.1	0	9.34886987744012754345611243055441375991E02	1100
sqlserver	xt-30K-1000-120-4	2410	9392	0	4	.75	.1	0	9.1699908802403167893107519186250516462E02	1100
sqlserver	xt-30K-1000-120-4	2410	9393	0	4	1	.1	0	8.82768610841204435706447866281921569204E02	1100
sqlserver	xt-30K-1000-120-4	2410	9394	0	4	.25	1	0	9.95170941257871339164312095584335432357E02	1100
sqlserver	xt-30K-1000-120-4	2410	9395	0	4	.5	1	0	9.6756891956452521420334166293440783332E02	1100
sqlserver	xt-30K-1000-120-4	2410	9396	0	4	.75	1	0	9.4519307038196414424358636530229851415E02	1100
sqlserver	xt-30K-1000-120-4	2410	9397	0	4	1	1	0	9.25016038283761101176191214942069740337E02	1100
sqlserver	xt-30K-1000-120-8	2269	9286	0	8	.25	0	25	6.79164950428912625011522191891322128431E01	1100
sqlserver	xt-30K-1000-120-8	2269	9287	0	8	.5	0	25	7.67975449517475758195257153142244826076E01	800
sqlserver	xt-30K-1000-120-8	2269	9288	0	8	.75	0	25	7.65810405916120814456230737108528939226E01	800
sqlserver	xt-30K-1000-120-8	2269	9289	0	8	1	0	25	7.64923297357836790389451729578827841231E01	800
sqlserver	xt-30K-1000-120-8	2269	9290	0	8	.25	0	50	7.08941715698993353306183579394765695045E01	800
sqlserver	xt-30K-1000-120-8	2269	9291	0	8	.5	0	50	7.35701574226177893048549286487130904339E01	1100
sqlserver	xt-30K-1000-120-8	2269	9292	0	8	.75	0	50	7.58220256628053512470822076643034816332E01	800
sqlserver	xt-30K-1000-120-8	2269	9293	0	8	1	0	50	7.28512941304456381392628102239247829592E01	800
sqlserver	xt-30K-1000-120-8	2269	9294	0	8	.25	0	75	7.47936215292819314015898306713271031147E01	800
sqlserver	xt-30K-1000-120-8	2269	9296	0	8	.5	0	75	7.8108895566998062521472893739010826159E01	800
sqlserver	xt-30K-1000-120-8	2269	9297	0	8	.75	0	75	7.93192599546737553888824418094762449547E01	800
sqlserver	xt-30K-1000-120-8	2269	9298	0	8	1	0	75	7.62347239020670379807112206552041723028E01	800
sqlserver	xt-30K-1000-120-8	2269	9299	0	8	.25	0	100	7.50993107093917005283911402694141603767E01	800
sqlserver	xt-30K-1000-120-8	2269	9300	0	8	.5	0	100	7.97669678189444195742676339518988250011E01	800
sqlserver	xt-30K-1000-120-8	2269	9301	0	8	.75	0	100	8.6773884936077300856328433330948861101E01	800
sqlserver	xt-30K-1000-120-8	2269	9302	0	8	1	0	100	8.39089366648045987071928167081556002338E01	800
sqlserver	xt-30K-1000-120-8	2269	9303	0	8	.25	.01	0	4.24682347148700696929838830072383028391E02	1100
sqlserver	xt-30K-1000-120-8	2269	9324	0	8	.5	.01	0	4.21661175978413309869391744237080931838E02	1100
sqlserver	xt-30K-1000-120-8	2269	9325	0	8	.75	.01	0	3.96584325421126979072255019637622582041E02	1100
sqlserver	xt-30K-1000-120-8	2269	9326	0	8	1	.01	0	3.97022171006795440088047901289417086543E02	1100
sqlserver	xt-30K-1000-120-8	2269	9327	0	8	.25	.1	0	4.21950035372486720307486422662509686236E02	1100
sqlserver	xt-30K-1000-120-8	2269	9330	0	8	.5	.1	0	4.14361978834437674264396793516282489996E02	1100
sqlserver	xt-30K-1000-120-8	2269	9331	0	8	.75	.1	0	4.04702749722400644427513055318181183236E02	1100
sqlserver	xt-30K-1000-120-8	2269	9332	0	8	1	.1	0	3.96990974811462448550211760339624188044E02	1100
sqlserver	xt-30K-1000-120-8	2269	9333	0	8	.25	1	0	4.34177542727389234110931836628734230874E02	1100
sqlserver	xt-30K-1000-120-8	2269	9335	0	8	.5	1	0	4.34072616613877923545216456628893076705E02	1100
sqlserver	xt-30K-1000-120-8	2269	9338	0	8	.75	1	0	4.1975351576117644950601479115133751625E02	1100
sqlserver	xt-30K-1000-120-8	2269	9386	0	8	1	1	0	4.10379281732533612718659109479154448529E02	1100
