db2	pk-xt-1M-1000-120-1	2309	7207	1	1	.25	0	25	1.70903382586908087492415300051287507768E02	1100
db2	pk-xt-1M-1000-120-1	2309	7246	1	1	.5	0	25	1.50377731563693472286897267581833978923E02	1100
db2	pk-xt-1M-1000-120-1	2309	7286	1	1	.75	0	25	1.49741639399229546506983963947304400084E02	1100
db2	pk-xt-1M-1000-120-1	2309	7306	1	1	1	0	25	1.57084992064037004315212777268884743662E02	1100
db2	pk-xt-1M-1000-120-1	2309	7327	1	1	.25	0	50	1.44092947009329088689744819779629537874E02	1100
db2	pk-xt-1M-1000-120-1	2309	7366	1	1	.5	0	50	1.45268511470548002512017189934600480137E02	1100
db2	pk-xt-1M-1000-120-1	2309	7406	1	1	.75	0	50	1.47483886885616357109007817173205355756E02	1100
db2	pk-xt-1M-1000-120-1	2309	7427	1	1	1	0	50	1.47795092433123862476459425110396469288E02	1100
db2	pk-xt-1M-1000-120-1	2309	7467	1	1	.25	0	75	1.43369208631750050136444201588290075257E02	1100
db2	pk-xt-1M-1000-120-1	2309	7506	1	1	.5	0	75	1.45274190959266729329071171791331572602E02	1100
db2	pk-xt-1M-1000-120-1	2309	7546	1	1	.75	0	75	1.47895364268246587725060896734948552515E02	1100
db2	pk-xt-1M-1000-120-1	2309	7587	1	1	1	0	75	1.50522939571286199584901175060490222237E02	1100
db2	pk-xt-1M-1000-120-1	2309	7627	1	1	.25	0	100	1.42520163082049824204776056446916711084E02	1100
db2	pk-xt-1M-1000-120-1	2309	7666	1	1	.5	0	100	1.45087486405263570467067124124680669699E02	1100
db2	pk-xt-1M-1000-120-1	2309	7686	1	1	.75	0	100	1.47461547849341492269946300702658641369E02	1100
db2	pk-xt-1M-1000-120-1	2309	7706	1	1	1	0	100	1.4958960024537081134395897289386226656E02	1100
db2	pk-xt-1M-1000-120-1	2309	7726	1	1	.25	.01	0	3.16092342653724362025788024918765651839E04	1100
db2	pk-xt-1M-1000-120-1	2309	7747	1	1	.5	.01	0	3.45080757445859652225396080903921787237E04	1100
db2	pk-xt-1M-1000-120-1	2309	7786	1	1	1	.01	0	3.3309662451296606889433621468197651916E04	1100
db2	pk-xt-1M-1000-120-1	2309	8126	1	1	.25	.1	0	6.42427781348177379255560036400793748297E03	1100
db2	pk-xt-1M-1000-120-1	2309	8166	1	1	.75	.1	0	2.72523213279648563457987826907471427772E02	800
db2	pk-xt-1M-1000-120-1	2309	8186	1	1	1	.1	0	2.70091539625821149375068266575124440214E04	800
db2	pk-xt-1M-1000-120-1	2309	8526	1	1	.25	1	0	5.24992931480885272497445576689308975496E03	200
db2	pk-xt-1M-1000-120-1	2309	8547	1	1	.5	1	0	1.3729002779749736992909499901639624691E04	800
db2	pk-xt-1M-1000-120-1	2309	8567	1	1	.75	1	0	3.28286037828298386863579100469649041679E02	800
db2	pk-xt-1M-1000-120-1	2309	8586	1	1	1	1	0	6.47476076753498608451927442117521662754E03	1100
db2	pk-xt-1M-1000-120-2	2069	9266	1	2	.25	0	25	1.24951303142015630869457179354451767202E02	1100
db2	pk-xt-1M-1000-120-2	2069	9305	1	2	.5	0	25	1.07663061611664360282110138468010162014E02	1100
db2	pk-xt-1M-1000-120-2	2069	9306	1	2	.75	0	25	1.23547968524018264927207733145025643386E02	1100
db2	pk-xt-1M-1000-120-2	2069	9308	1	2	1	0	25	1.34317613316299652281144544850237789639E02	1100
db2	pk-xt-1M-1000-120-2	2069	9310	1	2	.25	0	50	1.09680833925247468217044201819650438581E02	1100
db2	pk-xt-1M-1000-120-2	2069	9312	1	2	.5	0	50	1.08877531959668784343796260441197569477E02	1100
db2	pk-xt-1M-1000-120-2	2069	9313	1	2	.75	0	50	1.75563438294625182738486542002587706323E02	800
db2	pk-xt-1M-1000-120-2	2069	9315	1	2	1	0	50	1.23016879249528147994310070457433462818E02	1100
db2	pk-xt-1M-1000-120-2	2069	9317	1	2	.25	0	75	1.0013813244434840084640266770096838704E02	1100
db2	pk-xt-1M-1000-120-2	2069	9319	1	2	.5	0	75	1.06724392686467537332984100234496173329E02	1100
db2	pk-xt-1M-1000-120-2	2069	9321	1	2	.75	0	75	1.0656444305115094781785442003679567076E02	1100
db2	pk-xt-1M-1000-120-2	2069	9323	1	2	1	0	75	1.08853379891379942788857271900750546994E02	1100
db2	pk-xt-1M-1000-120-2	2069	9329	1	2	.25	0	100	9.68632626948380929241259562947403659129E01	1100
db2	pk-xt-1M-1000-120-2	2069	9334	1	2	.5	0	100	1.04340538929862523951238153451230159026E02	1100
db2	pk-xt-1M-1000-120-2	2069	9337	1	2	.75	0	100	1.08178144223627402289339176315010263326E02	1100
db2	pk-xt-1M-1000-120-2	2069	9340	1	2	1	0	100	1.08182406873583359666228833388713032933E02	1100
db2	pk-xt-1M-1000-120-2	2069	9341	1	2	.25	.01	0	1.31934409701707615822465595503998847179E05	1100
db2	pk-xt-1M-1000-120-2	2069	9434	1	2	.5	.01	0	1.24584770571474942744305988855427118461E05	1100
db2	pk-xt-1M-1000-120-2	2069	9436	1	2	.75	.01	0	1.28129075249746633849717677718256840886E05	1100
db2	pk-xt-1M-1000-120-2	2069	9439	1	2	1	.01	0	1.35472248410863912164114417798324183762E05	1100
db2	pk-xt-1M-1000-120-2	2069	9441	1	2	.25	.1	0	3.92225512492001916541685681166859660096E03	1100
db2	pk-xt-1M-1000-120-2	2069	9443	1	2	.5	.1	0	7.74942816691089326566747328836830244384E03	200
db2	pk-xt-1M-1000-120-2	2069	9445	1	2	.75	.1	0	1.05850207020200308108372788531437977182E04	200
db2	pk-xt-1M-1000-120-2	2069	9447	1	2	1	.1	0	9.42209561557574544081423678067934589072E03	1100
db2	pk-xt-1M-1000-120-2	2069	9448	1	2	.25	1	0	3.5556831310231071041796792410501732589E03	800
db2	pk-xt-1M-1000-120-2	2069	9450	1	2	.5	1	0	6.82032068868547967548262819701635241349E03	200
db2	pk-xt-1M-1000-120-2	2069	9452	1	2	.75	1	0	8.95378040971561063269644128160282874924E01	1100
db2	pk-xt-1M-1000-120-2	2069	9454	1	2	1	1	0	1.99957315466392546356299437210808786245E02	1100
db2	pk-xt-1M-1000-120-4	2229	8686	1	4	.25	0	25	5.14430091991959963057806713314244933052E01	1100
db2	pk-xt-1M-1000-120-4	2229	8766	1	4	.5	0	25	4.84985191453681387430838051729559428993E01	1100
db2	pk-xt-1M-1000-120-4	2229	8806	1	4	.75	0	25	4.80394247782322991007216844844006776317E01	1100
db2	pk-xt-1M-1000-120-4	2229	9413	1	4	1	0	25	47.38291247284304369450041394064774948	1100
db2	pk-xt-1M-1000-120-4	2229	9415	1	4	.25	0	50	4.85029541695580148936321523022064383117E01	1100
db2	pk-xt-1M-1000-120-4	2229	9417	1	4	.5	0	50	5.04367789602074617265368239003620199713E01	1100
db2	pk-xt-1M-1000-120-4	2229	9418	1	4	.75	0	50	5.24952216865470120545871541538813988633E01	1100
db2	pk-xt-1M-1000-120-4	2229	9420	1	4	1	0	50	5.54197815575337321279637133627757875637E01	1100
db2	pk-xt-1M-1000-120-4	2229	9422	1	4	.25	0	75	4.95157377858305681776513337062243504043E01	1100
db2	pk-xt-1M-1000-120-4	2229	9424	1	4	.5	0	75	4.93509443445960057634127501662947778978E01	1100
db2	pk-xt-1M-1000-120-4	2229	9426	1	4	.75	0	75	5.20657880713891532295530859933014433846E01	1100
db2	pk-xt-1M-1000-120-4	2229	9427	1	4	1	0	75	5.08496832999116126187398058982824400974E01	1100
db2	pk-xt-1M-1000-120-4	2229	9429	1	4	.25	0	100	4.91428448410029458833039752773879700161E01	1100
db2	pk-xt-1M-1000-120-4	2229	9431	1	4	.5	0	100	4.95469677287224454815944593357894512348E01	1100
db2	pk-xt-1M-1000-120-4	2229	9433	1	4	.75	0	100	5.1002275047829057245194494953312023284E01	1100
db2	pk-xt-1M-1000-120-4	2229	9435	1	4	1	0	100	5.31673077174554773990468082713336730654E01	1100
db2	pk-xt-1M-1000-120-4	2229	9438	1	4	.25	.01	0	1.06521004119086460032626427406199021207E05	1100
db2	pk-xt-1M-1000-120-4	2229	9440	1	4	.5	.01	0	9.80277971929183388036518768932339070725E04	1100
db2	pk-xt-1M-1000-120-4	2229	9442	1	4	.75	.01	0	1.07471100571733270136564268151790739698E05	1100
db2	pk-xt-1M-1000-120-4	2229	9446	1	4	.25	.1	0	6.26059293037670221332390428333135198654E01	1100
db2	pk-xt-1M-1000-120-4	2229	9449	1	4	.5	.1	0	6.58333602915224444921132459377501801879E01	1100
db2	pk-xt-1M-1000-120-4	2229	9451	1	4	.75	.1	0	4.63323229873985383908407425684274867388E02	1100
db2	pk-xt-1M-1000-120-4	2229	9453	1	4	1	.1	0	1.37530692297989588335089605276155770658E02	500
db2	pk-xt-1M-1000-120-4	2229	9455	1	4	.25	1	0	9.76321529528410160243913291678858788117E01	600
db2	pk-xt-1M-1000-120-4	2229	9457	1	4	.75	1	0	7.87075533071696922772247837614499881919E02	1100
db2	pk-xt-1M-1000-120-4	2229	9458	1	4	1	1	0	1.04881323520689788358872598133630645388E02	400
db2	pk-xt-1M-1000-120-6	3009	9546	1	6	.25	0	25	1.78270658716394349257145311719760954892E04	200
db2	pk-xt-1M-1000-120-6	3009	9566	1	6	.5	0	25	1.21344732015350069503023678551485701386E05	1100
db2	pk-xt-1M-1000-120-6	3009	9568	1	6	.75	0	25	1.2328731101007733770799156315912819311E05	1100
db2	pk-xt-1M-1000-120-6	3009	9570	1	6	1	0	25	1.27231459466030345324388816352257890235E05	1100
db2	pk-xt-1M-1000-120-6	3009	9572	1	6	.25	0	50	1.20077151825379764975637718543995414159E05	1100
db2	pk-xt-1M-1000-120-6	3009	9574	1	6	.5	0	50	1.23255265620803012259198235139337321172E02	1100
db2	pk-xt-1M-1000-120-6	3009	9587	1	6	.75	0	50	6.12761738273645430169848976292926127756E00	1100
db2	pk-xt-1M-1000-120-6	3009	9589	1	6	1	0	50	6.0735351422808640588713281213200293669E00	1100
db2	pk-xt-1M-1000-120-6	3009	9591	1	6	.25	0	75	6.07786061130823056550047106324210249189E00	1100
db2	pk-xt-1M-1000-120-6	3009	9593	1	6	.5	0	75	6.04420702017438185182559658906590661126E00	1100
db2	pk-xt-1M-1000-120-6	3009	9595	1	6	.75	0	75	6.04003404250351245888080711913347464582E00	1100
db2	pk-xt-1M-1000-120-6	3009	9597	1	6	1	0	75	6.09001072460738012558838935512243388818E00	1100
db2	pk-xt-1M-1000-120-6	3009	9607	1	6	.25	0	100	6.0271245732551831216081679724244858463E00	1100
db2	pk-xt-1M-1000-120-6	3009	9609	1	6	.5	0	100	6.0437261183900054665644403200665105728E00	1100
db2	pk-xt-1M-1000-120-6	3009	9611	1	6	.75	0	100	4.01286921429514255543822597676874340021E05	100
db2	pk-xt-1M-1000-120-6	3009	9614	1	6	1	0	100	1.31471352669302569102168300565094152269E05	1100
db2	pk-xt-1M-1000-120-6	3009	9626	1	6	.25	.01	0	1.12303532315154693235448348190875721028E05	1100
db2	pk-xt-1M-1000-120-6	3009	9628	1	6	.5	.01	0	1.0855416150710236320784763360723612969E05	1100
db2	pk-xt-1M-1000-120-6	3009	9630	1	6	.75	.01	0	1.06928124395529425928526998013524088529E05	1100
db2	pk-xt-1M-1000-120-6	3009	9632	1	6	1	.01	0	1.13428749804183998600771096797742982943E05	1100
db2	pk-xt-1M-1000-120-6	3009	9647	1	6	.25	.1	0	1.21023087807229500913664213474599055403E03	800
db2	pk-xt-1M-1000-120-6	3009	9649	1	6	.5	.1	0	3.88693849585152619696469721802870159191E03	600
db2	pk-xt-1M-1000-120-6	3009	9651	1	6	.75	.1	0	7.15703862622408862158752868411485126946E03	100
db2	pk-xt-1M-1000-120-6	3009	9653	1	6	1	.1	0	1.56191850765178189650166549650800019004E04	1100
db2	pk-xt-1M-1000-120-6	3009	9666	1	6	.25	1	0	1.67543443038434659604083139486200208233E03	400
db2	pk-xt-1M-1000-120-6	3009	9668	1	6	.5	1	0	6.99555554234833366678375367015795617684E01	1100
db2	pk-xt-1M-1000-120-6	3009	9670	1	6	.75	1	0	8.06365313155757962467576396585968291752E01	1100
db2	pk-xt-1M-1000-120-6	3009	9672	1	6	1	1	0	2.71077100361145781598569868485514426803E03	100
db2	pk-xt-1M-1000-120-8	2289	9295	1	8	.25	0	25	6.63805450819154061834378070581874809475E01	1100
db2	pk-xt-1M-1000-120-8	2289	9304	1	8	.5	0	25	5.09181589434066725388610349985862910553E01	1100
db2	pk-xt-1M-1000-120-8	2289	9307	1	8	.75	0	25	5.10690464177864985348684645271069382217E01	1100
db2	pk-xt-1M-1000-120-8	2289	9309	1	8	1	0	25	5.25843012203509150612079253656884391564E01	1100
db2	pk-xt-1M-1000-120-8	2289	9311	1	8	.25	0	50	5.12052361785478627443979228743114378692E01	1100
db2	pk-xt-1M-1000-120-8	2289	9314	1	8	.5	0	50	5.19853296705919673049370343030764833421E01	1100
db2	pk-xt-1M-1000-120-8	2289	9316	1	8	.75	0	50	5.28489340820514302723626285221908615791E01	1100
db2	pk-xt-1M-1000-120-8	2289	9318	1	8	1	0	50	5.23911738691913263627859203153540405851E01	1100
db2	pk-xt-1M-1000-120-8	2289	9320	1	8	.25	0	75	4.95491994135484746760794872439076695286E01	1100
db2	pk-xt-1M-1000-120-8	2289	9322	1	8	.5	0	75	5.09183516153203635723511928753419533515E01	1100
db2	pk-xt-1M-1000-120-8	2289	9328	1	8	.75	0	75	51.57068173186690553409798425012333749	1100
db2	pk-xt-1M-1000-120-8	2289	9336	1	8	1	0	75	5.16819562716396743597713823403402139969E01	1100
db2	pk-xt-1M-1000-120-8	2289	9339	1	8	.25	0	100	4.92717228757658350948472595531055937893E01	1100
db2	pk-xt-1M-1000-120-8	2289	9348	1	8	.5	0	100	5.10111462724211170785823193974559926897E01	1100
db2	pk-xt-1M-1000-120-8	2289	9353	1	8	.75	0	100	5.13158766750416542813336671947683356561E01	1100
db2	pk-xt-1M-1000-120-8	2289	9355	1	8	1	0	100	5.21696311002276462973389473402084247146E01	1100
db2	pk-xt-1M-1000-120-8	2289	9409	1	8	.25	.01	0	2.20989464992920942917354455238828464986E04	1100
db2	pk-xt-1M-1000-120-8	2289	9412	1	8	.5	.01	0	3.31957842406063248957013042940768122026E02	1100
db2	pk-xt-1M-1000-120-8	2289	9414	1	8	.75	.01	0	5.79730001149248184630754795403074963874E00	1100
db2	pk-xt-1M-1000-120-8	2289	9416	1	8	1	.01	0	5.62666087974553917223914690310710888917E00	1100
db2	pk-xt-1M-1000-120-8	2289	9419	1	8	.25	.1	0	5.51858051116101975370982394242510484675E00	1100
db2	pk-xt-1M-1000-120-8	2289	9421	1	8	.5	.1	0	5.62692591982493542740503019286185529011E00	1100
db2	pk-xt-1M-1000-120-8	2289	9423	1	8	.75	.1	0	5.45893490337201918789693587235039419508E00	1100
db2	pk-xt-1M-1000-120-8	2289	9425	1	8	1	.1	0	5.50983258574930386268878996576968769988E00	1100
db2	pk-xt-1M-1000-120-8	2289	9428	1	8	.25	1	0	5.55357338604618673363766473515883136175E00	1100
db2	pk-xt-1M-1000-120-8	2289	9430	1	8	.5	1	0	5.60091060774214841625748841403504344552E00	1100
db2	pk-xt-1M-1000-120-8	2289	9432	1	8	.75	1	0	5.80710464264314742032486399345518436055E00	1100
db2	pk-xt-1M-1000-120-8	2289	9437	1	8	1	1	0	5.71662916444451334815054674568853639686E00	1100
db2	xt-1M-1000-120-1	2389	1602	0	1	.25	0	25	1.5144857757342775769237230305570071631E02	1100
db2	xt-1M-1000-120-1	2389	1623	0	1	.5	0	25	1.66806923757078900093536763629984875707E02	1100
db2	xt-1M-1000-120-1	2389	1661	0	1	.75	0	25	1.67625592992430427664507921001551968217E02	1100
db2	xt-1M-1000-120-1	2389	1683	0	1	1	0	25	1.62140861523418642337705028877196869324E02	1100
db2	xt-1M-1000-120-1	2389	1723	0	1	.25	0	50	1.57714121052090811356637661797375504308E02	1100
db2	xt-1M-1000-120-1	2389	1763	0	1	.5	0	50	1.54699420693107846468072229195861092551E02	1100
db2	xt-1M-1000-120-1	2389	1801	0	1	.75	0	50	1.58682417597889324828810632372063767368E02	1100
db2	xt-1M-1000-120-1	2389	1842	0	1	1	0	50	1.60043201952924320422807112764470150604E02	1100
db2	xt-1M-1000-120-1	2389	1882	0	1	.25	0	75	1.50672865638894329250181505424112041167E02	1100
db2	xt-1M-1000-120-1	2389	1902	0	1	.5	0	75	1.52681428528782453597557167578809567895E02	1100
db2	xt-1M-1000-120-1	2389	1923	0	1	.75	0	75	1.54110672620218985697287919188752135912E02	1100
db2	xt-1M-1000-120-1	2389	1943	0	1	1	0	75	1.56161992159034646865716587305545926782E02	1100
db2	xt-1M-1000-120-1	2389	1983	0	1	.25	0	100	1.48102502825250131225886840606303810334E02	1100
db2	xt-1M-1000-120-1	2389	2022	0	1	.5	0	100	1.5233319192240017833144707121832558392E02	1100
db2	xt-1M-1000-120-1	2389	2043	0	1	.75	0	100	1.52465352075469864164945505508586259958E02	1100
db2	xt-1M-1000-120-1	2389	2083	0	1	1	0	100	1.54711512620507645056633173783645694961E02	1100
db2	xt-1M-1000-120-1	2389	2123	0	1	.25	.01	0	4.50647876735097838998513276022813037693E04	1100
db2	xt-1M-1000-120-1	2389	2142	0	1	.5	.01	0	5.00472035418218007672300313738499490043E04	1100
db2	xt-1M-1000-120-1	2389	2144	0	1	.75	.01	0	8.56551819637829040841104595592983906383E04	1100
db2	xt-1M-1000-120-1	2389	2147	0	1	1	.01	0	1.08833593096963506963020605353176726164E05	1100
db2	xt-1M-1000-120-1	2389	2503	0	1	.25	.1	0	8.13539597689263900952696088569025657995E03	500
db2	xt-1M-1000-120-1	2389	2522	0	1	.5	.1	0	1.3654583499991653172629083685291220807E04	500
db2	xt-1M-1000-120-1	2389	2561	0	1	1	.1	0	5.74138050785365396981253815627138564239E03	800
db2	xt-1M-1000-120-1	2389	4105	0	1	.25	1	0	5.24163086739526350345457976089561946159E03	500
db2	xt-1M-1000-120-1	2389	4124	0	1	.5	1	0	1.07578104513672642788680262012976974483E04	100
db2	xt-1M-1000-120-1	2389	4125	0	1	.75	1	0	1.57414198931600905214218636944440168111E04	400
db2	xt-1M-1000-120-1	2389	4144	0	1	1	1	0	1.50972006824079372150915190966540474687E04	1100
db2	xt-1M-1000-120-2	2249	401	0	2	.25	0	25	1.09996926682714332228673300017678821014E02	1100
db2	xt-1M-1000-120-2	2249	422	0	2	.5	0	25	1.26758569228218794611104352240584918903E02	1100
db2	xt-1M-1000-120-2	2249	462	0	2	.75	0	25	1.30944104690959517790059290258276205217E02	1100
db2	xt-1M-1000-120-2	2249	482	0	2	1	0	25	1.26915215865949564471510152629144152242E02	1100
db2	xt-1M-1000-120-2	2249	521	0	2	.25	0	50	1.05741845753955627414426574525149921566E02	1100
db2	xt-1M-1000-120-2	2249	542	0	2	.5	0	50	1.13553077592593392689541853631483709427E02	1100
db2	xt-1M-1000-120-2	2249	582	0	2	.75	0	50	1.13561751028088723712677113823281227387E02	1100
db2	xt-1M-1000-120-2	2249	601	0	2	1	0	50	1.19719095159867976384279488313407442303E02	1100
db2	xt-1M-1000-120-2	2249	641	0	2	.25	0	75	1.06689022514247456888015162883565751191E02	1100
db2	xt-1M-1000-120-2	2249	662	0	2	.5	0	75	1.07985030109544015576199681011743814223E02	1100
db2	xt-1M-1000-120-2	2249	702	0	2	.75	0	75	1.08593980422451080322844512715612603618E02	1100
db2	xt-1M-1000-120-2	2249	741	0	2	1	0	75	1.16528107337625824884334535718624887933E02	1100
db2	xt-1M-1000-120-2	2249	762	0	2	.25	0	100	1.02858324281405325597178356802467398657E02	1100
db2	xt-1M-1000-120-2	2249	802	0	2	.5	0	100	1.07297398764963637287401221329324488644E02	1100
db2	xt-1M-1000-120-2	2249	841	0	2	.75	0	100	1.09011543316598218352694754950071499758E02	1100
db2	xt-1M-1000-120-2	2249	862	0	2	1	0	100	1.07396595757878534244135418638296773099E02	1100
db2	xt-1M-1000-120-2	2249	902	0	2	.25	.01	0	1.30005228202194973724663067958388446002E05	1100
db2	xt-1M-1000-120-2	2249	941	0	2	.5	.01	0	1.22222468177886694536543174282831195041E05	1100
db2	xt-1M-1000-120-2	2249	962	0	2	.75	.01	0	1.23204156217864456188355643783923956685E05	1100
db2	xt-1M-1000-120-2	2249	1001	0	2	1	.01	0	1.29912706413994169096209912536443148688E05	1100
db2	xt-1M-1000-120-2	2249	1441	0	2	.25	.1	0	6.53289048833089571506753187813561293546E03	1100
db2	xt-1M-1000-120-2	2249	1461	0	2	.5	.1	0	1.00323275409919266839951132330603559219E04	800
db2	xt-1M-1000-120-2	2249	1482	0	2	.75	.1	0	8.73529698284823284823284823284823284823E03	1100
db2	xt-1M-1000-120-2	2249	1501	0	2	1	.1	0	9.73802354748716289976953867302793838192E03	1100
db2	xt-1M-1000-120-2	2249	1821	0	2	.25	1	0	3.18649965852402665882456860381569776899E03	600
db2	xt-1M-1000-120-2	2249	1841	0	2	.5	1	0	6.67223702243273785193912144454329061576E02	200
db2	xt-1M-1000-120-2	2249	1881	0	2	1	1	0	1.90137595613036922985679340257689308725E03	400
db2	xt-1M-1000-120-4	2349	2203	0	4	.25	0	25	5.02826116350198009872844620793485519621E01	1100
db2	xt-1M-1000-120-4	2349	2222	0	4	.5	0	25	5.38567473855248731352296293192085045842E01	700
db2	xt-1M-1000-120-4	2349	2224	0	4	.75	0	25	6.00671077552134118204106527348091792964E01	1100
db2	xt-1M-1000-120-4	2349	2225	0	4	1	0	25	5.71650175475876072375999015108970434718E01	1100
db2	xt-1M-1000-120-4	2349	2228	0	4	.25	0	50	5.23346855115961465736409285206772317538E01	1100
db2	xt-1M-1000-120-4	2349	2242	0	4	.5	0	50	5.26594400375645757234347737441991823984E01	1100
db2	xt-1M-1000-120-4	2349	2261	0	4	.75	0	50	5.47685803696291640017416312548200101053E01	1100
db2	xt-1M-1000-120-4	2349	2263	0	4	1	0	50	5.49937463090771410671169218794467814228E01	1100
db2	xt-1M-1000-120-4	2349	2283	0	4	.25	0	75	5.16172052484765010557026852973801063594E01	1100
db2	xt-1M-1000-120-4	2349	2301	0	4	.5	0	75	4.95530037822517096834182235501066946651E01	1100
db2	xt-1M-1000-120-4	2349	2304	0	4	.75	0	75	5.21881126694411951625597539583136021238E01	1100
db2	xt-1M-1000-120-4	2349	2322	0	4	1	0	75	5.90345981977279066681850852134080098776E01	1100
db2	xt-1M-1000-120-4	2349	2323	0	4	.25	0	100	5.25921481531982302871712321138132830075E01	1100
db2	xt-1M-1000-120-4	2349	2326	0	4	.5	0	100	5.07048871622652823148355164990655362869E01	1100
db2	xt-1M-1000-120-4	2349	2342	0	4	.75	0	100	5.35262776500292448315119139156510365807E01	1100
db2	xt-1M-1000-120-4	2349	2344	0	4	1	0	100	5.39030089185715685655184823326036470578E01	1100
db2	xt-1M-1000-120-4	2349	2362	0	4	.25	.01	0	9.75330797876136907067579607127243458264E01	1100
db2	xt-1M-1000-120-4	2349	2387	0	4	1	.01	0	3.29026900280479412032047369856254301333E04	400
db2	xt-1M-1000-120-4	2349	3003	0	4	.25	.1	0	1.70225556717805671780567178056717805672E03	400
db2	xt-1M-1000-120-4	2349	3004	0	4	.5	.1	0	3.55739938313251648040235779516928653735E03	1100
db2	xt-1M-1000-120-6	3089	9771	0	6	.25	0	25	4.79937771033447013547761334125966021088E04	1100
db2	xt-1M-1000-120-6	3089	9772	0	6	.5	0	25	4.30690043482016874478071817317937051862E04	1100
db2	xt-1M-1000-120-6	3089	9773	0	6	.75	0	25	3.7989842065313646467749805721721215188E04	800
db2	xt-1M-1000-120-6	3089	9774	0	6	1	0	25	2.27135226434740879788799570192259418182E02	1100
db2	xt-1M-1000-120-6	3089	9775	0	6	.25	0	50	5.714971072770428804885410510176391034	1100
db2	xt-1M-1000-120-6	3089	9786	0	6	.5	0	50	5.70540954245949289451284813383243453983E00	1100
db2	xt-1M-1000-120-6	3089	9787	0	6	.75	0	50	5.68165938673261454526485942720167259409E00	1100
db2	xt-1M-1000-120-6	3089	9788	0	6	1	0	50	5.70394006085321958941035812959252390108E00	1100
db2	xt-1M-1000-120-6	3089	9789	0	6	.25	0	75	5.66800411373963568027140790552388744745E00	1100
db2	xt-1M-1000-120-6	3089	9790	0	6	.5	0	75	5.59362770274932404714300617707456154988E00	1100
db2	xt-1M-1000-120-6	3089	9791	0	6	.75	0	75	5.7158079133974249297975935284866884122E00	1100
db2	xt-1M-1000-120-6	3089	9792	0	6	1	0	75	5.64225298775061571042282039463618151339E00	1100
db2	xt-1M-1000-120-6	3089	9806	0	6	.25	0	100	5.64723923593244676961260936212758561307E00	1100
db2	xt-1M-1000-120-6	3089	9807	0	6	.5	0	100	5.62823077747058856370824267081862568433E00	1100
db2	xt-1M-1000-120-6	3089	9808	0	6	.75	0	100	5.6405111060370778695597197616865582599E00	1100
db2	xt-1M-1000-120-6	3089	9809	0	6	1	0	100	6.20546859159084205032788001179914229312E04	1100
db2	xt-1M-1000-120-6	3089	9810	0	6	.25	.01	0	6.30037698624783775551839272681298093777E03	700
db2	xt-1M-1000-120-6	3089	9811	0	6	.5	.01	0	1.18694629418010820650250290741770743793E05	1100
db2	xt-1M-1000-120-6	3089	9812	0	6	.75	.01	0	1.13410656916190222931347781766609050215E05	600
db2	xt-1M-1000-120-6	3089	9813	0	6	1	.01	0	1.15648253356771515128847664285447133186E05	1100
db2	xt-1M-1000-120-6	3089	9814	0	6	.25	.1	0	734.8269113355337929660210878025100996	800
db2	xt-1M-1000-120-6	3089	9815	0	6	.5	.1	0	4.88785938541656787601759980315384458974E01	1100
db2	xt-1M-1000-120-6	3089	9816	0	6	.75	.1	0	7.7936358767134934010812324649799706937E03	1100
db2	xt-1M-1000-120-6	3089	9817	0	6	1	.1	0	2.49056134417773657378899886319262691904E02	1100
db2	xt-1M-1000-120-6	3089	9826	0	6	.25	1	0	1.06277782745907008931201522269969021736E03	1100
db2	xt-1M-1000-120-6	3089	9827	0	6	.5	1	0	1.73225359062825964855973682099013078713E03	700
db2	xt-1M-1000-120-6	3089	9828	0	6	.75	1	0	2.81487163616973129686845353987753428525E03	1100
db2	xt-1M-1000-120-6	3089	9829	0	6	1	1	0	2.95129271946331066304805144968075121712E03	100
db2	xt-1M-1000-120-8	2369	3764	0	8	.25	0	25	4.71884907957707756550795093338323273463E01	1100
db2	xt-1M-1000-120-8	2369	3804	0	8	.5	0	25	4.94335877206665480290657240103707815606E01	1100
db2	xt-1M-1000-120-8	2369	3806	0	8	.75	0	25	5.02273571590106336598114804357912063061E01	1100
db2	xt-1M-1000-120-8	2369	3823	0	8	1	0	25	5.17013158500772825669493950987141284749E01	1100
db2	xt-1M-1000-120-8	2369	3843	0	8	.25	0	50	4.79169206590810880562121824237776631538E01	1100
db2	xt-1M-1000-120-8	2369	3863	0	8	.5	0	50	4.94164259755336607621941159407148681655E01	1100
db2	xt-1M-1000-120-8	2369	4164	0	8	.75	0	50	5.06086149968505688932554000642161243925E01	1100
db2	xt-1M-1000-120-8	2369	4184	0	8	1	0	50	5.07611715734532519996312369575957839993E01	1100
db2	xt-1M-1000-120-8	2369	4204	0	8	.25	0	75	4.8558083213065314127203514025339001048E01	1100
db2	xt-1M-1000-120-8	2369	4224	0	8	.5	0	75	4.9277148793959683212982445266089475138E01	1100
db2	xt-1M-1000-120-8	2369	4244	0	8	.75	0	75	5.02878951906686789383290752264189602437E01	1100
db2	xt-1M-1000-120-8	2369	4265	0	8	1	0	75	5.06266046580910290959039505834735948281E01	1100
db2	xt-1M-1000-120-8	2369	4384	0	8	.25	0	100	4.83866548200778645154830757875119271197E01	1100
db2	xt-1M-1000-120-8	2369	4604	0	8	.5	0	100	4.93299593017823684150307087044572069046E01	1100
db2	xt-1M-1000-120-8	2369	4625	0	8	.75	0	100	5.06579794568725223798127489647234295179E01	1100
db2	xt-1M-1000-120-8	2369	4724	0	8	1	0	100	4.9722612407712550698777350828820531826E01	1100
db2	xt-1M-1000-120-8	2369	4765	0	8	.25	.01	0	1.43991862199337462192135964280570358635E05	1100
db2	xt-1M-1000-120-8	2369	4805	0	8	.5	.01	0	5.71988696489762799557331469317712810165E00	1100
db2	xt-1M-1000-120-8	2369	4824	0	8	.75	.01	0	5.66246550847761650846389730025942212401E00	1100
db2	xt-1M-1000-120-8	2369	4844	0	8	1	.01	0	5.62473547436747414400318106251676833423E00	1100
db2	xt-1M-1000-120-8	2369	5205	0	8	.25	.1	0	5.60132941790801995662419651685829324707E00	1100
db2	xt-1M-1000-120-8	2369	5245	0	8	.5	.1	0	5.55848065624503482883040202935525107742E00	1100
db2	xt-1M-1000-120-8	2369	5284	0	8	.75	.1	0	5.64518896686962582597067445650067303782E00	1100
db2	xt-1M-1000-120-8	2369	5304	0	8	1	.1	0	5.69860561775033995917711991037240461019E00	1100
db2	xt-1M-1000-120-8	2369	5606	0	8	.25	1	0	5.71634824191647830328471220196611539259E00	1100
db2	xt-1M-1000-120-8	2369	5608	0	8	.5	1	0	5.85303895660271248261407673540430051569E00	1100
db2	xt-1M-1000-120-8	2369	5626	0	8	.75	1	0	2.3197466788200891738451259296039152464E03	1100
