DBMS	EXPERIMENTNAME	RUNID	BATCHSETID	PK	NUMPROCESSORS	ACTROWPOOL	PCTREAD	PCTUPDATE	SRTTXNRATE	ATP	MAXMPL
db2	pk-xt-1M-1000-100-120-1	3373	9914	1	1	1	0	.01	.25	110.054	1100
db2	pk-xt-1M-1000-100-120-1	3373	9916	1	1	1	0	.01	.5	41557.023	1100
db2	pk-xt-1M-1000-100-120-1	3373	9918	1	1	1	0	.01	.75	34594.063	1100
db2	pk-xt-1M-1000-100-120-1	3373	9920	1	1	1	0	.01	1	62.947	1100
db2	pk-xt-1M-1000-100-120-1	3373	9947	1	1	1	0	1	.25	115743.851	1100
db2	pk-xt-1M-1000-100-120-1	3373	9949	1	1	1	0	1	.5	114676.426	1100
db2	pk-xt-1M-1000-100-120-1	3373	9951	1	1	1	0	1	.75	114251.913	1100
db2	pk-xt-1M-1000-100-120-1	3373	9953	1	1	1	0	1	1	98221.316	1100
db2	pk-xt-1M-1000-100-120-1	3373	9955	1	1	1	.01	0	.25	112467.689	1100
db2	pk-xt-1M-1000-100-120-1	3373	9957	1	1	1	.01	0	.5	114993.762	1100
db2	pk-xt-1M-1000-100-120-1	3373	9959	1	1	1	.01	0	.75	115480.835	1100
db2	pk-xt-1M-1000-100-120-1	3373	9961	1	1	1	.01	0	1	112226.282	1100
db2	pk-xt-1M-1000-100-120-1	3373	9963	1	1	1	1	0	.25	10287.106	400
db2	pk-xt-1M-1000-100-120-1	3373	9965	1	1	1	1	0	.5	12644.531	300
db2	pk-xt-1M-1000-100-120-1	3373	9967	1	1	1	1	0	.75	32593.575	600
db2	pk-xt-1M-1000-100-120-1	3373	9969	1	1	1	1	0	1	115117.131	800
db2	xt-1M-1000-100-120-1	3391	9890	0	1	1	0	.01	.25	621.423	1100
db2	xt-1M-1000-100-120-1	3391	9908	0	1	1	0	.01	.5	26.286	1100
db2	xt-1M-1000-100-120-1	3391	9910	0	1	1	0	.01	.75	26.34	1100
db2	xt-1M-1000-100-120-1	3391	9912	0	1	1	0	.01	1	25.336	1100
db2	xt-1M-1000-100-120-1	3391	9922	0	1	1	0	1	.25	25.784	1100
db2	xt-1M-1000-100-120-1	3391	9924	0	1	1	0	1	.5	24.751	1100
db2	xt-1M-1000-100-120-1	3391	9926	0	1	1	0	1	.75	25.734	1100
db2	xt-1M-1000-100-120-1	3391	9928	0	1	1	0	1	1	25.278	1100
db2	xt-1M-1000-100-120-1	3391	9930	0	1	1	.01	0	.25	25.089	1100
db2	xt-1M-1000-100-120-1	3391	9932	0	1	1	.01	0	.5	25.106	1100
db2	xt-1M-1000-100-120-1	3391	9935	0	1	1	.01	0	.75	25.7	1100
db2	xt-1M-1000-100-120-1	3391	9937	0	1	1	.01	0	1	25.515	1100
db2	xt-1M-1000-100-120-1	3391	9939	0	1	1	1	0	.25	25.597	1100
db2	xt-1M-1000-100-120-1	3391	9941	0	1	1	1	0	.5	25.612	1100
db2	xt-1M-1000-100-120-1	3391	9943	0	1	1	1	0	.75	25.692	1100
db2	xt-1M-1000-100-120-1	3391	9945	0	1	1	1	0	1	25.031	1100
mysql	pk-xt-1M-1000-100-120-1	3393	9914	1	1	1	0	.01	.25	875.87	1100
mysql	pk-xt-1M-1000-100-120-1	3393	9916	1	1	1	0	.01	.5	667.419	1100
mysql	pk-xt-1M-1000-100-120-1	3393	9918	1	1	1	0	.01	.75	500.42	1100
mysql	pk-xt-1M-1000-100-120-1	3393	9920	1	1	1	0	.01	1	298.853	1100
mysql	pk-xt-1M-1000-100-120-1	3393	9947	1	1	1	0	1	.25	8738.717	700
mysql	pk-xt-1M-1000-100-120-1	3393	9949	1	1	1	0	1	.5	7287.538	100
mysql	pk-xt-1M-1000-100-120-1	3393	9951	1	1	1	0	1	.75	3843.279	100
mysql	pk-xt-1M-1000-100-120-1	3393	9953	1	1	1	0	1	1	297.854	1100
mysql	pk-xt-1M-1000-100-120-1	3393	9955	1	1	1	.01	0	.25	162.868	1100
mysql	pk-xt-1M-1000-100-120-1	3393	9957	1	1	1	.01	0	.5	147.475	1100
mysql	pk-xt-1M-1000-100-120-1	3393	9959	1	1	1	.01	0	.75	134.115	1100
mysql	pk-xt-1M-1000-100-120-1	3393	9961	1	1	1	.01	0	1	115.991	1100
mysql	pk-xt-1M-1000-100-120-1	3393	9967	1	1	1	1	0	.75	233.711	300
mysql	pk-xt-1M-1000-100-120-1	3393	9969	1	1	1	1	0	1	114.372	1100
mysql	xt-1M-1000-100-120-1	3410	9890	0	1	1	0	.01	.25	50512.444	1100
mysql	xt-1M-1000-100-120-1	3410	9908	0	1	1	0	.01	.5	50462.355	1100
mysql	xt-1M-1000-100-120-1	3410	9910	0	1	1	0	.01	.75	50479.843	1100
mysql	xt-1M-1000-100-120-1	3410	9912	0	1	1	0	.01	1	50457.906	1100
mysql	xt-1M-1000-100-120-1	3410	9922	0	1	1	0	1	.25	50597.292	1100
mysql	xt-1M-1000-100-120-1	3410	9924	0	1	1	0	1	.5	50558.072	1100
mysql	xt-1M-1000-100-120-1	3410	9926	0	1	1	0	1	.75	50482.374	1100
mysql	xt-1M-1000-100-120-1	3410	9928	0	1	1	0	1	1	50506.242	1100
mysql	xt-1M-1000-100-120-1	3410	9932	0	1	1	.01	0	.5	75968.345	200
oracle	pk-xt-1M-1000-100-120-1	3372	9914	1	1	1	0	.01	.25	1985.731	700
oracle	pk-xt-1M-1000-100-120-1	3372	9916	1	1	1	0	.01	.5	32194.522	400
oracle	pk-xt-1M-1000-100-120-1	3372	9918	1	1	1	0	.01	.75	18289.281	1100
oracle	pk-xt-1M-1000-100-120-1	3372	9920	1	1	1	0	.01	1	278.017	1100
oracle	pk-xt-1M-1000-100-120-1	3372	9947	1	1	1	0	1	.25	18061.109	1100
oracle	pk-xt-1M-1000-100-120-1	3372	9949	1	1	1	0	1	.5	22459.848	1100
oracle	pk-xt-1M-1000-100-120-1	3372	9951	1	1	1	0	1	.75	27672.467	1100
oracle	pk-xt-1M-1000-100-120-1	3372	9953	1	1	1	0	1	1	25100.987	1100
oracle	pk-xt-1M-1000-100-120-1	3372	9955	1	1	1	.01	0	.25	15001.651	1100
oracle	pk-xt-1M-1000-100-120-1	3372	9957	1	1	1	.01	0	.5	24967.699	1100
oracle	pk-xt-1M-1000-100-120-1	3372	9959	1	1	1	.01	0	.75	11091.703	1100
oracle	xt-1M-1000-100-120-1	3390	9890	0	1	1	0	.01	.25	9640.759	1100
oracle	xt-1M-1000-100-120-1	3390	9908	0	1	1	0	.01	.5	65427.285	300
oracle	xt-1M-1000-100-120-1	3390	9910	0	1	1	0	.01	.75	20572.582	1100
oracle	xt-1M-1000-100-120-1	3390	9912	0	1	1	0	.01	1	67143.421	400
oracle	xt-1M-1000-100-120-1	3390	9922	0	1	1	0	1	.25	27561.75	1100
oracle	xt-1M-1000-100-120-1	3390	9924	0	1	1	0	1	.5	89855.946	700
oracle	xt-1M-1000-100-120-1	3390	9926	0	1	1	0	1	.75	82751.464	400
oracle	xt-1M-1000-100-120-1	3390	9928	0	1	1	0	1	1	22899.184	1100
oracle	xt-1M-1000-100-120-1	3390	9935	0	1	1	.01	0	.75	25605.112	400
oracle	xt-1M-1000-100-120-1	3390	9937	0	1	1	.01	0	1	47949.779	1100
oracle	xt-1M-1000-100-120-1	3390	9939	0	1	1	1	0	.25	19722.544	100
oracle	xt-1M-1000-100-120-1	3390	9941	0	1	1	1	0	.5	23467.947	1100
oracle	xt-1M-1000-100-120-1	3390	9943	0	1	1	1	0	.75	28279.124	1100
oracle	xt-1M-1000-100-120-1	3390	9945	0	1	1	1	0	1	45511.052	1100
pgsql	pk-xt-1M-1000-100-120-1	3374	9914	1	1	1	0	.01	.25	870.585	400
pgsql	pk-xt-1M-1000-100-120-1	3374	9916	1	1	1	0	.01	.5	56116.389	1100
pgsql	pk-xt-1M-1000-100-120-1	3374	9918	1	1	1	0	.01	.75	51445.089	1100
pgsql	pk-xt-1M-1000-100-120-1	3374	9920	1	1	1	0	.01	1	42798.998	1100
pgsql	pk-xt-1M-1000-100-120-1	3374	9947	1	1	1	0	1	.25	5596.194	1100
pgsql	pk-xt-1M-1000-100-120-1	3374	9949	1	1	1	0	1	.5	74672.724	100
pgsql	pk-xt-1M-1000-100-120-1	3374	9951	1	1	1	0	1	.75	64352.281	100
pgsql	pk-xt-1M-1000-100-120-1	3374	9953	1	1	1	0	1	1	41818.122	1100
pgsql	pk-xt-1M-1000-100-120-1	3374	9955	1	1	1	.01	0	.25	50337.05	1100
pgsql	pk-xt-1M-1000-100-120-1	3374	9957	1	1	1	.01	0	.5	108.911	1100
pgsql	pk-xt-1M-1000-100-120-1	3374	9959	1	1	1	.01	0	.75	46605.118	1100
pgsql	pk-xt-1M-1000-100-120-1	3374	9961	1	1	1	.01	0	1	43397.52	1100
pgsql	pk-xt-1M-1000-100-120-1	3374	9969	1	1	1	1	0	1	43704.266	1100
pgsql	xt-1M-1000-100-120-1	3409	9890	0	1	1	0	.01	.25	59910.662	1100
pgsql	xt-1M-1000-100-120-1	3409	9908	0	1	1	0	.01	.5	54487.821	1100
pgsql	xt-1M-1000-100-120-1	3409	9910	0	1	1	0	.01	.75	52884.704	1100
pgsql	xt-1M-1000-100-120-1	3409	9912	0	1	1	0	.01	1	45701.578	1100
pgsql	xt-1M-1000-100-120-1	3409	9924	0	1	1	0	1	.5	72949.616	100
pgsql	xt-1M-1000-100-120-1	3409	9926	0	1	1	0	1	.75	65875.801	100
pgsql	xt-1M-1000-100-120-1	3409	9928	0	1	1	0	1	1	45659.901	1100
pgsql	xt-1M-1000-100-120-1	3409	9930	0	1	1	.01	0	.25	51534.058	1100
pgsql	xt-1M-1000-100-120-1	3409	9932	0	1	1	.01	0	.5	50368.413	1100
pgsql	xt-1M-1000-100-120-1	3409	9935	0	1	1	.01	0	.75	49182.118	1100
pgsql	xt-1M-1000-100-120-1	3409	9937	0	1	1	.01	0	1	45662.824	1100
pgsql	xt-1M-1000-100-120-1	3409	9939	0	1	1	1	0	.25	54353.796	700
pgsql	xt-1M-1000-100-120-1	3409	9943	0	1	1	1	0	.75	47022.952	700
pgsql	xt-1M-1000-100-120-1	3409	9945	0	1	1	1	0	1	45856.168	1100
sqlserver	pk-xt-30K-1000-100-120-1	3371	9915	1	1	1	0	.01	.25	13463.299	700
sqlserver	pk-xt-30K-1000-100-120-1	3371	9917	1	1	1	0	.01	.5	92905.308	800
sqlserver	pk-xt-30K-1000-100-120-1	3371	9919	1	1	1	0	.01	.75	13809.902	1100
sqlserver	pk-xt-30K-1000-100-120-1	3371	9921	1	1	1	0	.01	1	90218.27	700
sqlserver	pk-xt-30K-1000-100-120-1	3371	9946	1	1	1	0	1	.25	94238.265	800
sqlserver	pk-xt-30K-1000-100-120-1	3371	9948	1	1	1	0	1	.5	92513.335	800
sqlserver	pk-xt-30K-1000-100-120-1	3371	9950	1	1	1	0	1	.75	91746.997	700
sqlserver	pk-xt-30K-1000-100-120-1	3371	9952	1	1	1	0	1	1	89255.346	700
sqlserver	pk-xt-30K-1000-100-120-1	3371	9954	1	1	1	.01	0	.25	56457.532	600
sqlserver	pk-xt-30K-1000-100-120-1	3371	9956	1	1	1	.01	0	.5	55727.209	600
sqlserver	pk-xt-30K-1000-100-120-1	3371	9958	1	1	1	.01	0	.75	55136.493	600
sqlserver	pk-xt-30K-1000-100-120-1	3371	9960	1	1	1	.01	0	1	56351.76	600
sqlserver	pk-xt-30K-1000-100-120-1	3371	9962	1	1	1	1	0	.25	55365.688	600
sqlserver	pk-xt-30K-1000-100-120-1	3371	9964	1	1	1	1	0	.5	56758.791	600
sqlserver	pk-xt-30K-1000-100-120-1	3371	9966	1	1	1	1	0	.75	55832.929	600
sqlserver	pk-xt-30K-1000-100-120-1	3371	9968	1	1	1	1	0	1	55053.064	600
sqlserver	xt-30K-1000-100-120-1	3389	9907	0	1	1	0	.01	.25	89193.192	700
sqlserver	xt-30K-1000-100-120-1	3389	9909	0	1	1	0	.01	.5	90586.738	800
sqlserver	xt-30K-1000-100-120-1	3389	9911	0	1	1	0	.01	.75	85811.38	700
sqlserver	xt-30K-1000-100-120-1	3389	9913	0	1	1	0	.01	1	89242.744	700
sqlserver	xt-30K-1000-100-120-1	3389	9923	0	1	1	0	1	.25	89993.194	800
sqlserver	xt-30K-1000-100-120-1	3389	9925	0	1	1	0	1	.5	89948.85	700
sqlserver	xt-30K-1000-100-120-1	3389	9927	0	1	1	0	1	.75	88992.083	700
sqlserver	xt-30K-1000-100-120-1	3389	9929	0	1	1	0	1	1	92345.67	800
sqlserver	xt-30K-1000-100-120-1	3389	9931	0	1	1	.01	0	.25	60326.536	600
sqlserver	xt-30K-1000-100-120-1	3389	9933	0	1	1	.01	0	.5	57504.289	600
sqlserver	xt-30K-1000-100-120-1	3389	9934	0	1	1	.01	0	.75	57215.187	600
sqlserver	xt-30K-1000-100-120-1	3389	9936	0	1	1	.01	0	1	55844.357	600
sqlserver	xt-30K-1000-100-120-1	3389	9938	0	1	1	1	0	.25	57529.014	600
sqlserver	xt-30K-1000-100-120-1	3389	9940	0	1	1	1	0	.5	57613.168	600
sqlserver	xt-30K-1000-100-120-1	3389	9942	0	1	1	1	0	.75	56657.419	600
sqlserver	xt-30K-1000-100-120-1	3389	9944	0	1	1	1	0	1	55813.489	600
