DBMS	EXPERIMENTNAME	RUNID	BATCHSETID	PK	NUMPROCESSORS	ACTROWPOOL	PCTREAD	PCTUPDATE	SRTTXNRATE	ATP	MAXMPL
db2	pk-xt-1M-1000-50-120-1	3507	9986	1	1	1	0	.25	0	41.576	1100
db2	pk-xt-1M-1000-50-120-1	3507	10006	1	1	1	0	.5	0	112013.496	1100
db2	pk-xt-1M-1000-50-120-1	3507	10008	1	1	1	0	.75	0	113125.014	800
db2	pk-xt-1M-1000-50-120-1	3507	10010	1	1	1	0	1	0	113867.893	1100
db2	pk-xt-1M-1000-50-120-1	3507	10044	1	1	1	.01	0	0	112659.089	1100
db2	pk-xt-1M-1000-50-120-1	3507	10045	1	1	1	.1	0	0	13972.356	500
db2	pk-xt-1M-1000-50-120-1	3507	10046	1	1	1	1	0	0	17538.487	800
db2	pk-xt-1M-1000-50-120-8	3591	10014	1	8	1	0	.25	0	39.755	100
db2	pk-xt-1M-1000-50-120-8	3591	10066	1	8	1	0	.5	0	28786.018	600
db2	pk-xt-1M-1000-50-120-8	3591	10067	1	8	1	0	.75	0	102057.919	800
db2	pk-xt-1M-1000-50-120-8	3591	10068	1	8	1	0	1	0	111748.066	1100
db2	pk-xt-1M-1000-50-120-8	3591	10069	1	8	1	.01	0	0	116794.057	1100
db2	pk-xt-1M-1000-50-120-8	3591	10070	1	8	1	.1	0	0	103.502	1100
db2	pk-xt-1M-1000-50-120-8	3591	10071	1	8	1	1	0	0	26.359	1100
db2	pk-xt-1M-25-50-120-1	3749	10150	1	1	.25	0	.25	0	118.976	100
db2	pk-xt-1M-25-50-120-1	3749	10153	1	1	.25	0	.5	0	58862.747	1100
db2	pk-xt-1M-25-50-120-1	3749	10156	1	1	.25	0	.75	0	568.599	1100
db2	pk-xt-1M-25-50-120-1	3749	10159	1	1	.25	0	1	0	24.339	1100
db2	pk-xt-1M-25-50-120-1	3749	10162	1	1	.25	.01	0	0	23.972	1100
db2	pk-xt-1M-25-50-120-1	3749	10165	1	1	.25	.1	0	0	24.498	1100
db2	pk-xt-1M-25-50-120-1	3749	10168	1	1	.25	1	0	0	23.154	1100
db2	pk-xt-1M-25-50-120-8	3689	10147	1	8	.25	0	.25	0	11.23	1100
db2	pk-xt-1M-25-50-120-8	3689	10149	1	8	.25	0	.5	0	109415.493	1100
db2	pk-xt-1M-25-50-120-8	3689	10152	1	8	.25	0	.75	0	109132.681	1100
db2	pk-xt-1M-25-50-120-8	3689	10155	1	8	.25	0	1	0	111766.256	1100
db2	pk-xt-1M-25-50-120-8	3689	10158	1	8	.25	.01	0	0	26.519	1100
db2	pk-xt-1M-25-50-120-8	3689	10161	1	8	.25	.1	0	0	7548.407	200
db2	pk-xt-1M-25-50-120-8	3689	10164	1	8	.25	1	0	0	1964.11	100
db2	xt-1M-1000-50-120-1	3530	10012	0	1	1	0	.25	0	271.936	1100
db2	xt-1M-1000-50-120-1	3530	10015	0	1	1	0	.5	0	24.19	1100
db2	xt-1M-1000-50-120-1	3530	10016	0	1	1	0	.75	0	24.487	1100
db2	xt-1M-1000-50-120-1	3530	10017	0	1	1	0	1	0	25.029	1100
db2	xt-1M-1000-50-120-1	3530	10019	0	1	1	.01	0	0	24.521	1100
db2	xt-1M-1000-50-120-1	3530	10021	0	1	1	.1	0	0	24.554	1100
db2	xt-1M-1000-50-120-1	3530	10023	0	1	1	1	0	0	24.54	1100
db2	xt-1M-1000-50-120-8	3570	10072	0	8	1	0	.25	0	28069.717	500
db2	xt-1M-1000-50-120-8	3570	10086	0	8	1	0	.5	0	109097.03	1100
db2	xt-1M-1000-50-120-8	3570	10087	0	8	1	0	.75	0	211.368	1100
db2	xt-1M-1000-50-120-8	3570	10088	0	8	1	0	1	0	6.127	1100
db2	xt-1M-1000-50-120-8	3570	10106	0	8	1	.01	0	0	6.256	1100
db2	xt-1M-1000-50-120-8	3570	10107	0	8	1	.1	0	0	6.028	1100
db2	xt-1M-1000-50-120-8	3570	10126	0	8	1	1	0	0	5.951	1100
db2	xt-1M-25-50-120-1	3790	10171	0	1	.25	0	.25	0	52882.185	1100
db2	xt-1M-25-50-120-1	3790	10174	0	1	.25	0	.5	0	114706.031	1100
db2	xt-1M-25-50-120-1	3790	10177	0	1	.25	0	.75	0	112485.877	1100
db2	xt-1M-25-50-120-1	3790	10180	0	1	.25	0	1	0	114418.816	1100
db2	xt-1M-25-50-120-1	3790	10183	0	1	.25	.01	0	0	108240.081	800
db2	xt-1M-25-50-120-1	3790	10186	0	1	.25	.1	0	0	7403.283	700
db2	xt-1M-25-50-120-1	3790	10188	0	1	.25	1	0	0	9985.824	800
db2	xt-1M-25-50-120-8	3711	10167	0	8	.25	0	.25	0	29113.267	1100
db2	xt-1M-25-50-120-8	3711	10170	0	8	.25	0	.5	0	78.01	1100
db2	xt-1M-25-50-120-8	3711	10173	0	8	.25	0	.75	0	52159.666	200
db2	xt-1M-25-50-120-8	3711	10176	0	8	.25	0	1	0	114026.964	1100
db2	xt-1M-25-50-120-8	3711	10179	0	8	.25	.01	0	0	113071.035	400
db2	xt-1M-25-50-120-8	3711	10182	0	8	.25	.1	0	0	1257.946	800
db2	xt-1M-25-50-120-8	3711	10185	0	8	.25	1	0	0	1345.403	1100
mysql	pk-xt-1M-1000-50-120-1	3503	9986	1	1	1	0	.25	0	2314.239	300
mysql	pk-xt-1M-1000-50-120-1	3503	10006	1	1	1	0	.5	0	3679.75	100
mysql	pk-xt-1M-1000-50-120-1	3503	10008	1	1	1	0	.75	0	5087.219	100
mysql	pk-xt-1M-1000-50-120-1	3503	10010	1	1	1	0	1	0	5805.621	100
mysql	pk-xt-1M-1000-50-120-1	3503	10044	1	1	1	.01	0	0	150.553	1100
mysql	pk-xt-1M-1000-50-120-1	3503	10045	1	1	1	.1	0	0	227.314	1100
mysql	pk-xt-1M-1000-50-120-1	3503	10046	1	1	1	1	0	0	553.649	100
mysql	pk-xt-1M-1000-50-120-8	3550	10014	1	8	1	0	.25	0	3209.152	300
mysql	pk-xt-1M-1000-50-120-8	3550	10066	1	8	1	0	.5	0	5212.188	100
mysql	pk-xt-1M-1000-50-120-8	3550	10067	1	8	1	0	.75	0	5855.817	100
mysql	pk-xt-1M-1000-50-120-8	3550	10068	1	8	1	0	1	0	6184.104	100
mysql	pk-xt-1M-1000-50-120-8	3550	10070	1	8	1	.1	0	0	23.668	1100
mysql	pk-xt-1M-1000-50-120-8	3550	10071	1	8	1	1	0	0	45.646	1100
mysql	pk-xt-1M-25-50-120-1	3678	10150	1	1	.25	0	.25	0	1492.389	800
mysql	pk-xt-1M-25-50-120-1	3678	10153	1	1	.25	0	.5	0	2601.578	600
mysql	pk-xt-1M-25-50-120-1	3678	10156	1	1	.25	0	.75	0	3467.036	300
mysql	pk-xt-1M-25-50-120-1	3678	10159	1	1	.25	0	1	0	4029.353	300
mysql	pk-xt-1M-25-50-120-1	3678	10162	1	1	.25	.01	0	0	141.632	1100
mysql	pk-xt-1M-25-50-120-1	3678	10165	1	1	.25	.1	0	0	221.368	100
mysql	pk-xt-1M-25-50-120-1	3678	10168	1	1	.25	1	0	0	573.995	100
mysql	pk-xt-1M-25-50-120-8	3681	10147	1	8	.25	0	.25	0	2136.809	600
mysql	pk-xt-1M-25-50-120-8	3681	10149	1	8	.25	0	.5	0	3217.421	1100
mysql	pk-xt-1M-25-50-120-8	3681	10152	1	8	.25	0	.75	0	3678.895	300
mysql	pk-xt-1M-25-50-120-8	3681	10155	1	8	.25	0	1	0	4234.885	1100
mysql	pk-xt-1M-25-50-120-8	3681	10158	1	8	.25	.01	0	0	19.024	1100
mysql	pk-xt-1M-25-50-120-8	3681	10161	1	8	.25	.1	0	0	25.149	1100
mysql	pk-xt-1M-25-50-120-8	3681	10164	1	8	.25	1	0	0	39.477	1100
mysql	xt-1M-1000-50-120-1	3504	10012	0	1	1	0	.25	0	50528.61	1100
mysql	xt-1M-1000-50-120-1	3504	10015	0	1	1	0	.5	0	50529.51	1100
mysql	xt-1M-1000-50-120-1	3504	10016	0	1	1	0	.75	0	50528.048	1100
mysql	xt-1M-1000-50-120-1	3504	10017	0	1	1	0	1	0	50521.648	1100
mysql	xt-1M-1000-50-120-1	3504	10019	0	1	1	.01	0	0	82702.692	200
mysql	xt-1M-1000-50-120-8	3572	10072	0	8	1	0	.25	0	49310.017	1100
mysql	xt-1M-1000-50-120-8	3572	10086	0	8	1	0	.5	0	49354.944	1100
mysql	xt-1M-1000-50-120-8	3572	10087	0	8	1	0	.75	0	49357.758	1100
mysql	xt-1M-1000-50-120-8	3572	10088	0	8	1	0	1	0	49302.702	1100
mysql	xt-1M-1000-50-120-8	3572	10106	0	8	1	.01	0	0	61702.195	400
mysql	xt-1M-1000-50-120-8	3572	10107	0	8	1	.1	0	0	63825.11	400
mysql	xt-1M-1000-50-120-8	3572	10126	0	8	1	1	0	0	60696.136	400
mysql	xt-1M-25-50-120-1	3713	10171	0	1	.25	0	.25	0	50506.662	1100
mysql	xt-1M-25-50-120-1	3713	10174	0	1	.25	0	.5	0	50537.709	1100
mysql	xt-1M-25-50-120-1	3713	10177	0	1	.25	0	.75	0	50566.343	1100
mysql	xt-1M-25-50-120-1	3713	10180	0	1	.25	0	1	0	50570.83	1100
mysql	xt-1M-25-50-120-1	3713	10183	0	1	.25	.01	0	0	75041.967	200
mysql	xt-1M-25-50-120-8	3712	10167	0	8	.25	0	.25	0	49369.15	1100
mysql	xt-1M-25-50-120-8	3712	10170	0	8	.25	0	.5	0	49379.097	1100
mysql	xt-1M-25-50-120-8	3712	10173	0	8	.25	0	.75	0	49373.966	1100
mysql	xt-1M-25-50-120-8	3712	10176	0	8	.25	0	1	0	49365.274	1100
mysql	xt-1M-25-50-120-8	3712	10179	0	8	.25	.01	0	0	59991.325	400
mysql	xt-1M-25-50-120-8	3712	10182	0	8	.25	.1	0	0	60219.961	400
mysql	xt-1M-25-50-120-8	3712	10185	0	8	.25	1	0	0	59307.47	200
oracle	pk-xt-1M-1000-50-120-1	3506	9986	1	1	1	0	.25	0	3035.722	800
oracle	pk-xt-1M-1000-50-120-1	3506	10006	1	1	1	0	.5	0	21873.865	1100
oracle	pk-xt-1M-1000-50-120-1	3506	10008	1	1	1	0	.75	0	24483.873	1100
oracle	pk-xt-1M-1000-50-120-1	3506	10010	1	1	1	0	1	0	91858.825	600
oracle	pk-xt-1M-1000-50-120-1	3506	10045	1	1	1	.1	0	0	9200.063	1100
oracle	pk-xt-1M-1000-50-120-8	3590	10014	1	8	1	0	.25	0	7484.484	1100
oracle	pk-xt-1M-1000-50-120-8	3590	10066	1	8	1	0	.5	0	32274.783	700
oracle	pk-xt-1M-1000-50-120-8	3590	10067	1	8	1	0	.75	0	39293.912	800
oracle	pk-xt-1M-1000-50-120-8	3590	10068	1	8	1	0	1	0	47611.929	700
oracle	pk-xt-1M-1000-50-120-8	3590	10069	1	8	1	.01	0	0	6259.268	500
oracle	pk-xt-1M-1000-50-120-8	3590	10070	1	8	1	.1	0	0	5002.014	1100
oracle	pk-xt-1M-1000-50-120-8	3590	10071	1	8	1	1	0	0	4360.412	1100
oracle	pk-xt-1M-25-50-120-1	3729	10150	1	1	.25	0	.25	0	3672.717	1100
oracle	pk-xt-1M-25-50-120-1	3729	10153	1	1	.25	0	.5	0	44299.41	700
oracle	pk-xt-1M-25-50-120-1	3729	10156	1	1	.25	0	.75	0	45303.78	1100
oracle	pk-xt-1M-25-50-120-1	3729	10162	1	1	.25	.01	0	0	12726.435	1100
oracle	pk-xt-1M-25-50-120-1	3729	10165	1	1	.25	.1	0	0	3820.019	800
oracle	pk-xt-1M-25-50-120-1	3729	10168	1	1	.25	1	0	0	3786.126	1100
oracle	pk-xt-1M-25-50-120-8	3677	10147	1	8	.25	0	.25	0	8490.038	1100
oracle	pk-xt-1M-25-50-120-8	3677	10149	1	8	.25	0	.5	0	39271.235	1100
oracle	pk-xt-1M-25-50-120-8	3677	10152	1	8	.25	0	.75	0	26223.365	1100
oracle	pk-xt-1M-25-50-120-8	3677	10155	1	8	.25	0	1	0	24009.489	1100
oracle	pk-xt-1M-25-50-120-8	3677	10158	1	8	.25	.01	0	0	2026.486	1100
oracle	pk-xt-1M-25-50-120-8	3677	10161	1	8	.25	.1	0	0	2040.61	1100
oracle	pk-xt-1M-25-50-120-8	3677	10164	1	8	.25	1	0	0	1690.189	100
oracle	xt-1M-1000-50-120-1	3531	10012	0	1	1	0	.25	0	24072.167	1100
oracle	xt-1M-1000-50-120-1	3531	10015	0	1	1	0	.5	0	54608.867	1100
oracle	xt-1M-1000-50-120-1	3531	10016	0	1	1	0	.75	0	36691.68	1100
oracle	xt-1M-1000-50-120-1	3531	10017	0	1	1	0	1	0	26762.576	1100
oracle	xt-1M-1000-50-120-1	3531	10019	0	1	1	.01	0	0	9400.88	1100
oracle	xt-1M-1000-50-120-1	3531	10023	0	1	1	1	0	0	10733.132	700
oracle	xt-1M-1000-50-120-8	3569	10072	0	8	1	0	.25	0	31942.402	500
oracle	xt-1M-1000-50-120-8	3569	10086	0	8	1	0	.5	0	1865.612	300
oracle	xt-1M-1000-50-120-8	3569	10087	0	8	1	0	.75	0	40410.584	800
oracle	xt-1M-1000-50-120-8	3569	10088	0	8	1	0	1	0	50220.653	400
oracle	xt-1M-1000-50-120-8	3569	10106	0	8	1	.01	0	0	5390.255	600
oracle	xt-1M-1000-50-120-8	3569	10107	0	8	1	.1	0	0	6066.516	300
oracle	xt-1M-25-50-120-1	3812	10171	0	1	.25	0	.25	0	38998.701	1100
oracle	xt-1M-25-50-120-1	3812	10174	0	1	.25	0	.5	0	76645.191	1100
oracle	xt-1M-25-50-120-1	3812	10177	0	1	.25	0	.75	0	39377.825	1100
oracle	xt-1M-25-50-120-1	3812	10180	0	1	.25	0	1	0	44243.89	1100
oracle	xt-1M-25-50-120-1	3812	10186	0	1	.25	.1	0	0	4295.449	1100
oracle	xt-1M-25-50-120-8	3709	10167	0	8	.25	0	.25	0	34874.433	100
oracle	xt-1M-25-50-120-8	3709	10170	0	8	.25	0	.5	0	38451.79	1100
oracle	xt-1M-25-50-120-8	3709	10173	0	8	.25	0	.75	0	34770.642	1100
oracle	xt-1M-25-50-120-8	3709	10176	0	8	.25	0	1	0	35025.063	800
oracle	xt-1M-25-50-120-8	3709	10179	0	8	.25	.01	0	0	1729.872	800
oracle	xt-1M-25-50-120-8	3709	10182	0	8	.25	.1	0	0	2318.663	1100
oracle	xt-1M-25-50-120-8	3709	10185	0	8	.25	1	0	0	2165.479	1100
pgsql	pk-xt-1M-1000-50-120-1	3508	9986	1	1	1	0	.25	0	2507.047	100
pgsql	pk-xt-1M-1000-50-120-1	3508	10006	1	1	1	0	.5	0	67205.198	100
pgsql	pk-xt-1M-1000-50-120-1	3508	10008	1	1	1	0	.75	0	74426.519	100
pgsql	pk-xt-1M-1000-50-120-1	3508	10010	1	1	1	0	1	0	74524.592	100
pgsql	pk-xt-1M-1000-50-120-1	3508	10044	1	1	1	.01	0	0	47431.392	1100
pgsql	pk-xt-1M-1000-50-120-1	3508	10045	1	1	1	.1	0	0	47722.578	1100
pgsql	pk-xt-1M-1000-50-120-1	3508	10046	1	1	1	1	0	0	48385.341	1100
pgsql	pk-xt-1M-1000-50-120-8	3551	10014	1	8	1	0	.25	0	1851.931	1100
pgsql	pk-xt-1M-1000-50-120-8	3551	10066	1	8	1	0	.5	0	79185.945	100
pgsql	pk-xt-1M-1000-50-120-8	3551	10067	1	8	1	0	.75	0	75768.446	100
pgsql	pk-xt-1M-1000-50-120-8	3551	10068	1	8	1	0	1	0	73635.284	200
pgsql	pk-xt-1M-1000-50-120-8	3551	10069	1	8	1	.01	0	0	25169.488	1100
pgsql	pk-xt-1M-1000-50-120-8	3551	10070	1	8	1	.1	0	0	25210.501	1100
pgsql	pk-xt-1M-1000-50-120-8	3551	10071	1	8	1	1	0	0	25436.902	1100
pgsql	pk-xt-1M-25-50-120-1	3676	10150	1	1	.25	0	.25	0	3385.156	100
pgsql	pk-xt-1M-25-50-120-1	3676	10153	1	1	.25	0	.5	0	61252.187	400
pgsql	pk-xt-1M-25-50-120-1	3676	10156	1	1	.25	0	.75	0	62970.963	1100
pgsql	pk-xt-1M-25-50-120-1	3676	10159	1	1	.25	0	1	0	68131.395	400
pgsql	pk-xt-1M-25-50-120-1	3676	10162	1	1	.25	.01	0	0	50091.58	1100
pgsql	pk-xt-1M-25-50-120-1	3676	10165	1	1	.25	.1	0	0	50549.32	1100
pgsql	pk-xt-1M-25-50-120-1	3676	10168	1	1	.25	1	0	0	49980.5	1100
pgsql	pk-xt-1M-25-50-120-8	3732	10147	1	8	.25	0	.25	0	1386.287	800
pgsql	pk-xt-1M-25-50-120-8	3732	10149	1	8	.25	0	.5	0	83820.928	100
pgsql	pk-xt-1M-25-50-120-8	3732	10152	1	8	.25	0	.75	0	83436.613	100
pgsql	pk-xt-1M-25-50-120-8	3732	10155	1	8	.25	0	1	0	72013.348	400
pgsql	pk-xt-1M-25-50-120-8	3732	10158	1	8	.25	.01	0	0	30899.36	1100
pgsql	pk-xt-1M-25-50-120-8	3732	10161	1	8	.25	.1	0	0	30884.031	1100
pgsql	pk-xt-1M-25-50-120-8	3732	10164	1	8	.25	1	0	0	31044.569	1100
pgsql	xt-1M-1000-50-120-1	3589	10012	0	1	1	0	.25	0	60681.991	300
pgsql	xt-1M-1000-50-120-1	3589	10015	0	1	1	0	.5	0	69083.193	100
pgsql	xt-1M-1000-50-120-1	3589	10016	0	1	1	0	.75	0	70779.922	100
pgsql	xt-1M-1000-50-120-1	3589	10017	0	1	1	0	1	0	76775.087	200
pgsql	xt-1M-1000-50-120-1	3589	10019	0	1	1	.01	0	0	48992.965	1100
pgsql	xt-1M-1000-50-120-1	3589	10021	0	1	1	.1	0	0	49080.675	1100
pgsql	xt-1M-1000-50-120-8	3571	10072	0	8	1	0	.25	0	2934.629	600
pgsql	xt-1M-1000-50-120-8	3571	10086	0	8	1	0	.5	0	72865.586	100
pgsql	xt-1M-1000-50-120-8	3571	10087	0	8	1	0	.75	0	75823.276	100
pgsql	xt-1M-1000-50-120-8	3571	10088	0	8	1	0	1	0	76533.087	100
pgsql	xt-1M-1000-50-120-8	3571	10106	0	8	1	.01	0	0	4546.064	100
pgsql	xt-1M-1000-50-120-8	3571	10107	0	8	1	.1	0	0	20946.197	1100
pgsql	xt-1M-1000-50-120-8	3571	10126	0	8	1	1	0	0	21123.294	1100
pgsql	xt-1M-25-50-120-1	3710	10171	0	1	.25	0	.25	0	58388.293	1100
pgsql	xt-1M-25-50-120-1	3710	10174	0	1	.25	0	.5	0	62955.325	400
pgsql	xt-1M-25-50-120-1	3710	10177	0	1	.25	0	.75	0	63980.944	500
pgsql	xt-1M-25-50-120-1	3710	10180	0	1	.25	0	1	0	65780.627	400
pgsql	xt-1M-25-50-120-1	3710	10183	0	1	.25	.01	0	0	50213.199	1100
pgsql	xt-1M-25-50-120-1	3710	10186	0	1	.25	.1	0	0	49839.035	1100
pgsql	xt-1M-25-50-120-1	3710	10188	0	1	.25	1	0	0	50113.124	1100
pgsql	xt-1M-25-50-120-8	3733	10167	0	8	.25	0	.25	0	71373.574	100
pgsql	xt-1M-25-50-120-8	3733	10170	0	8	.25	0	.5	0	79882.597	100
pgsql	xt-1M-25-50-120-8	3733	10173	0	8	.25	0	.75	0	85405.17	100
pgsql	xt-1M-25-50-120-8	3733	10176	0	8	.25	0	1	0	68390.128	100
pgsql	xt-1M-25-50-120-8	3733	10179	0	8	.25	.01	0	0	30841.747	1100
pgsql	xt-1M-25-50-120-8	3733	10182	0	8	.25	.1	0	0	30879.862	1100
pgsql	xt-1M-25-50-120-8	3733	10185	0	8	.25	1	0	0	31055.575	1100
sqlserver	pk-xt-30K-1000-50-120-1	3509	9987	1	1	1	0	.25	0	24062.704	700
sqlserver	pk-xt-30K-1000-50-120-1	3509	10007	1	1	1	0	.5	0	88613.386	700
sqlserver	pk-xt-30K-1000-50-120-1	3509	10009	1	1	1	0	.75	0	90825.358	800
sqlserver	pk-xt-30K-1000-50-120-1	3509	10011	1	1	1	0	1	0	92597.202	800
sqlserver	pk-xt-30K-1000-50-120-1	3509	10018	1	1	1	.01	0	0	52417.354	600
sqlserver	pk-xt-30K-1000-50-120-1	3509	10020	1	1	1	.1	0	0	56231.837	600
sqlserver	pk-xt-30K-1000-50-120-1	3509	10022	1	1	1	1	0	0	51702.64	600
sqlserver	pk-xt-30K-1000-50-120-8	3609	10037	1	8	1	0	.25	0	64.168	700
sqlserver	pk-xt-30K-1000-50-120-8	3609	10038	1	8	1	0	.5	0	2578.911	500
sqlserver	pk-xt-30K-1000-50-120-8	3609	10039	1	8	1	0	.75	0	2613.862	500
sqlserver	pk-xt-30K-1000-50-120-8	3609	10040	1	8	1	0	1	0	2251.14	400
sqlserver	pk-xt-30K-1000-50-120-8	3609	10041	1	8	1	.01	0	0	354.351	1100
sqlserver	pk-xt-30K-1000-50-120-8	3609	10042	1	8	1	.1	0	0	354.667	1100
sqlserver	pk-xt-30K-1000-50-120-8	3609	10043	1	8	1	1	0	0	361.46	1100
sqlserver	pk-xt-30K-25-50-120-8	3679	10146	1	8	.25	0	.25	0	85.758	600
sqlserver	pk-xt-30K-25-50-120-8	3679	10148	1	8	.25	0	.5	0	4145.205	500
sqlserver	pk-xt-30K-25-50-120-8	3679	10151	1	8	.25	0	.75	0	4115.146	500
sqlserver	pk-xt-30K-25-50-120-8	3679	10154	1	8	.25	0	1	0	4174.273	300
sqlserver	pk-xt-30K-25-50-120-8	3679	10157	1	8	.25	.01	0	0	363.202	1100
sqlserver	pk-xt-30K-25-50-120-8	3679	10160	1	8	.25	.1	0	0	363.531	1100
sqlserver	pk-xt-30K-25-50-120-8	3679	10163	1	8	.25	1	0	0	369.259	1100
sqlserver	xt-30K-1000-50-120-1	3533	10013	0	1	1	0	.25	0	91106.964	800
sqlserver	xt-30K-1000-50-120-1	3533	10024	0	1	1	0	.5	0	90499.051	700
sqlserver	xt-30K-1000-50-120-1	3533	10025	0	1	1	0	.75	0	91052.947	700
sqlserver	xt-30K-1000-50-120-1	3533	10026	0	1	1	0	1	0	90652.366	700
sqlserver	xt-30K-1000-50-120-1	3533	10027	0	1	1	.01	0	0	53291.147	600
sqlserver	xt-30K-1000-50-120-1	3533	10028	0	1	1	.1	0	0	53301.084	600
sqlserver	xt-30K-1000-50-120-1	3533	10029	0	1	1	1	0	0	54362.625	600
sqlserver	xt-30K-1000-50-120-8	3629	10030	0	8	1	0	.25	0	3203.706	500
sqlserver	xt-30K-1000-50-120-8	3629	10031	0	8	1	0	.5	0	2783.203	400
sqlserver	xt-30K-1000-50-120-8	3629	10032	0	8	1	0	.75	0	2995.521	500
sqlserver	xt-30K-1000-50-120-8	3629	10033	0	8	1	0	1	0	2853.264	500
sqlserver	xt-30K-1000-50-120-8	3629	10034	0	8	1	.01	0	0	382.743	1100
sqlserver	xt-30K-1000-50-120-8	3629	10035	0	8	1	.1	0	0	383.926	1100
sqlserver	xt-30K-1000-50-120-8	3629	10036	0	8	1	1	0	0	389.999	1100
sqlserver	xt-30K-25-50-120-8	3680	10166	0	8	.25	0	.25	0	3888.736	500
sqlserver	xt-30K-25-50-120-8	3680	10169	0	8	.25	0	.5	0	3996.882	500
sqlserver	xt-30K-25-50-120-8	3680	10172	0	8	.25	0	.75	0	4564.282	200
sqlserver	xt-30K-25-50-120-8	3680	10175	0	8	.25	0	1	0	4338.289	300
sqlserver	xt-30K-25-50-120-8	3680	10178	0	8	.25	.01	0	0	396.992	1100
sqlserver	xt-30K-25-50-120-8	3680	10181	0	8	.25	.1	0	0	403.484	1100
sqlserver	xt-30K-25-50-120-8	3680	10184	0	8	.25	1	0	0	403.803	1100
