DBMS	EXPERIMENTNAME	RUNID	BATCHSETID	PK	NUMPROCESSORS	ACTROWPOOL	PCTREAD	PCTUPDATE	ATP	MAXMPL
db2	pk-xt-1M-1000-120-1	2309	7207	1	1	.25	0	25	175.171	1100
db2	pk-xt-1M-1000-120-1	2309	7246	1	1	.5	0	25	150.375	1100
db2	pk-xt-1M-1000-120-1	2309	7286	1	1	.75	0	25	149.788	1100
db2	pk-xt-1M-1000-120-1	2309	7306	1	1	1	0	25	157.54	1100
db2	pk-xt-1M-1000-120-1	2309	7327	1	1	.25	0	50	144.209	1100
db2	pk-xt-1M-1000-120-1	2309	7366	1	1	.5	0	50	145.904	1100
db2	pk-xt-1M-1000-120-1	2309	7406	1	1	.75	0	50	147.969	1100
db2	pk-xt-1M-1000-120-1	2309	7427	1	1	1	0	50	149.902	1100
db2	pk-xt-1M-1000-120-1	2309	7467	1	1	.25	0	75	143.113	1100
db2	pk-xt-1M-1000-120-1	2309	7506	1	1	.5	0	75	145.046	1100
db2	pk-xt-1M-1000-120-1	2309	7546	1	1	.75	0	75	147.234	1100
db2	pk-xt-1M-1000-120-1	2309	7587	1	1	1	0	75	151.411	1100
db2	pk-xt-1M-1000-120-1	2309	7627	1	1	.25	0	100	142.467	1100
db2	pk-xt-1M-1000-120-1	2309	7666	1	1	.5	0	100	144.884	1100
db2	pk-xt-1M-1000-120-1	2309	7686	1	1	.75	0	100	147.784	1100
db2	pk-xt-1M-1000-120-1	2309	7706	1	1	1	0	100	149.232	1100
db2	pk-xt-1M-1000-120-1	2309	8126	1	1	.25	.1	0	7357.608	1100
db2	pk-xt-1M-1000-120-1	2309	8166	1	1	.75	.1	0	271.533	1100
db2	pk-xt-1M-1000-120-1	2309	8186	1	1	1	.1	0	27986.41	800
db2	pk-xt-1M-1000-120-1	2309	8526	1	1	.25	1	0	5535.383	200
db2	pk-xt-1M-1000-120-1	2309	8547	1	1	.5	1	0	13823.365	800
db2	pk-xt-1M-1000-120-1	2309	8567	1	1	.75	1	0	333.338	800
db2	pk-xt-1M-1000-120-1	2309	8586	1	1	1	1	0	6841.343	1100
db2	pk-xt-1M-1000-120-2	2069	9266	1	2	.25	0	25	125.24	1100
db2	pk-xt-1M-1000-120-2	2069	9305	1	2	.5	0	25	108.108	600
db2	pk-xt-1M-1000-120-2	2069	9306	1	2	.75	0	25	123.396	1100
db2	pk-xt-1M-1000-120-2	2069	9308	1	2	1	0	25	133.939	1100
db2	pk-xt-1M-1000-120-2	2069	9310	1	2	.25	0	50	109.311	1100
db2	pk-xt-1M-1000-120-2	2069	9312	1	2	.5	0	50	108.366	1100
db2	pk-xt-1M-1000-120-2	2069	9313	1	2	.75	0	50	178.21	800
db2	pk-xt-1M-1000-120-2	2069	9315	1	2	1	0	50	122.786	1100
db2	pk-xt-1M-1000-120-2	2069	9317	1	2	.25	0	75	100.359	1100
db2	pk-xt-1M-1000-120-2	2069	9319	1	2	.5	0	75	106.98	1100
db2	pk-xt-1M-1000-120-2	2069	9321	1	2	.75	0	75	105.898	1100
db2	pk-xt-1M-1000-120-2	2069	9323	1	2	1	0	75	108.587	1100
db2	pk-xt-1M-1000-120-2	2069	9329	1	2	.25	0	100	96.591	1100
db2	pk-xt-1M-1000-120-2	2069	9334	1	2	.5	0	100	104.445	1100
db2	pk-xt-1M-1000-120-2	2069	9337	1	2	.75	0	100	108.278	1100
db2	pk-xt-1M-1000-120-2	2069	9340	1	2	1	0	100	106.93	1100
db2	pk-xt-1M-1000-120-2	2069	9434	1	2	.5	.01	0	126230.702	1100
db2	pk-xt-1M-1000-120-2	2069	9441	1	2	.25	.1	0	7611.519	800
db2	pk-xt-1M-1000-120-2	2069	9443	1	2	.5	.1	0	7973.204	200
db2	pk-xt-1M-1000-120-2	2069	9445	1	2	.75	.1	0	15461.355	200
db2	pk-xt-1M-1000-120-2	2069	9447	1	2	1	.1	0	11166.202	1100
db2	pk-xt-1M-1000-120-2	2069	9448	1	2	.25	1	0	3579.939	800
db2	pk-xt-1M-1000-120-2	2069	9452	1	2	.75	1	0	119.023	1100
db2	pk-xt-1M-1000-120-2	2069	9454	1	2	1	1	0	212.342	1100
db2	pk-xt-1M-1000-120-4	2229	8686	1	4	.25	0	25	51.456	1100
db2	pk-xt-1M-1000-120-4	2229	8766	1	4	.5	0	25	48.489	1100
db2	pk-xt-1M-1000-120-4	2229	8806	1	4	.75	0	25	48.125	1100
db2	pk-xt-1M-1000-120-4	2229	9415	1	4	.25	0	50	48.414	1100
db2	pk-xt-1M-1000-120-4	2229	9417	1	4	.5	0	50	50.54	1100
db2	pk-xt-1M-1000-120-4	2229	9418	1	4	.75	0	50	52.17	1100
db2	pk-xt-1M-1000-120-4	2229	9420	1	4	1	0	50	55.6	1100
db2	pk-xt-1M-1000-120-4	2229	9422	1	4	.25	0	75	49.445	1100
db2	pk-xt-1M-1000-120-4	2229	9424	1	4	.5	0	75	49.433	1100
db2	pk-xt-1M-1000-120-4	2229	9426	1	4	.75	0	75	51.636	1100
db2	pk-xt-1M-1000-120-4	2229	9427	1	4	1	0	75	50.851	1100
db2	pk-xt-1M-1000-120-4	2229	9429	1	4	.25	0	100	48.983	1100
db2	pk-xt-1M-1000-120-4	2229	9431	1	4	.5	0	100	49.431	1100
db2	pk-xt-1M-1000-120-4	2229	9433	1	4	.75	0	100	50.371	1100
db2	pk-xt-1M-1000-120-4	2229	9435	1	4	1	0	100	52.462	1100
db2	pk-xt-1M-1000-120-4	2229	9438	1	4	.25	.01	0	110965.554	1100
db2	pk-xt-1M-1000-120-4	2229	9440	1	4	.5	.01	0	97400.515	1100
db2	pk-xt-1M-1000-120-4	2229	9449	1	4	.5	.1	0	64.536	1100
db2	pk-xt-1M-1000-120-4	2229	9457	1	4	.75	1	0	5132.252	600
db2	pk-xt-1M-1000-120-4	2229	9458	1	4	1	1	0	110.031	400
db2	pk-xt-1M-1000-120-6	3009	9546	1	6	.25	0	25	17104.227	200
db2	pk-xt-1M-1000-120-6	3009	9566	1	6	.5	0	25	125062.003	1100
db2	pk-xt-1M-1000-120-6	3009	9572	1	6	.25	0	50	120338.53	1100
db2	pk-xt-1M-1000-120-6	3009	9574	1	6	.5	0	50	72.287	1100
db2	pk-xt-1M-1000-120-6	3009	9587	1	6	.75	0	50	6.095	1100
db2	pk-xt-1M-1000-120-6	3009	9589	1	6	1	0	50	6.084	1100
db2	pk-xt-1M-1000-120-6	3009	9591	1	6	.25	0	75	6.074	1100
db2	pk-xt-1M-1000-120-6	3009	9593	1	6	.5	0	75	6.048	1100
db2	pk-xt-1M-1000-120-6	3009	9595	1	6	.75	0	75	6.021	1100
db2	pk-xt-1M-1000-120-6	3009	9597	1	6	1	0	75	6.064	1100
db2	pk-xt-1M-1000-120-6	3009	9607	1	6	.25	0	100	6.03	1100
db2	pk-xt-1M-1000-120-6	3009	9609	1	6	.5	0	100	6.052	1100
db2	pk-xt-1M-1000-120-6	3009	9611	1	6	.75	0	100	390521.988	100
db2	pk-xt-1M-1000-120-6	3009	9626	1	6	.25	.01	0	114072.31	1100
db2	pk-xt-1M-1000-120-6	3009	9628	1	6	.5	.01	0	112228.858	1100
db2	pk-xt-1M-1000-120-6	3009	9632	1	6	1	.01	0	117737.299	800
db2	pk-xt-1M-1000-120-6	3009	9651	1	6	.75	.1	0	5535.031	100
db2	pk-xt-1M-1000-120-6	3009	9653	1	6	1	.1	0	16123.225	1100
db2	pk-xt-1M-1000-120-6	3009	9668	1	6	.5	1	0	70.146	1100
db2	pk-xt-1M-1000-120-6	3009	9670	1	6	.75	1	0	70.863	1100
db2	pk-xt-1M-1000-120-8	2289	9295	1	8	.25	0	25	66.819	100
db2	pk-xt-1M-1000-120-8	2289	9304	1	8	.5	0	25	50.812	1100
db2	pk-xt-1M-1000-120-8	2289	9307	1	8	.75	0	25	50.761	1100
db2	pk-xt-1M-1000-120-8	2289	9309	1	8	1	0	25	52.27	1100
db2	pk-xt-1M-1000-120-8	2289	9311	1	8	.25	0	50	51.199	1100
db2	pk-xt-1M-1000-120-8	2289	9314	1	8	.5	0	50	51.892	1100
db2	pk-xt-1M-1000-120-8	2289	9316	1	8	.75	0	50	52.798	1100
db2	pk-xt-1M-1000-120-8	2289	9318	1	8	1	0	50	52.557	1100
db2	pk-xt-1M-1000-120-8	2289	9320	1	8	.25	0	75	49.487	1100
db2	pk-xt-1M-1000-120-8	2289	9322	1	8	.5	0	75	50.897	1100
db2	pk-xt-1M-1000-120-8	2289	9328	1	8	.75	0	75	51.538	1100
db2	pk-xt-1M-1000-120-8	2289	9336	1	8	1	0	75	51.379	1100
db2	pk-xt-1M-1000-120-8	2289	9339	1	8	.25	0	100	49.249	1100
db2	pk-xt-1M-1000-120-8	2289	9348	1	8	.5	0	100	50.976	1100
db2	pk-xt-1M-1000-120-8	2289	9353	1	8	.75	0	100	51.34	1100
db2	pk-xt-1M-1000-120-8	2289	9355	1	8	1	0	100	52.242	1100
db2	pk-xt-1M-1000-120-8	2289	9409	1	8	.25	.01	0	21439.567	1100
db2	pk-xt-1M-1000-120-8	2289	9412	1	8	.5	.01	0	21528.002	1100
db2	pk-xt-1M-1000-120-8	2289	9414	1	8	.75	.01	0	5.79	1100
db2	pk-xt-1M-1000-120-8	2289	9416	1	8	1	.01	0	5.613	1100
db2	pk-xt-1M-1000-120-8	2289	9419	1	8	.25	.1	0	5.546	1100
db2	pk-xt-1M-1000-120-8	2289	9421	1	8	.5	.1	0	5.596	1100
db2	pk-xt-1M-1000-120-8	2289	9423	1	8	.75	.1	0	5.403	1100
db2	pk-xt-1M-1000-120-8	2289	9425	1	8	1	.1	0	5.469	1100
db2	pk-xt-1M-1000-120-8	2289	9428	1	8	.25	1	0	5.546	1100
db2	pk-xt-1M-1000-120-8	2289	9430	1	8	.5	1	0	5.512	1100
db2	pk-xt-1M-1000-120-8	2289	9432	1	8	.75	1	0	5.74	1100
db2	pk-xt-1M-1000-120-8	2289	9437	1	8	1	1	0	5.666	1100
db2	xt-1M-1000-120-1	2389	1602	0	1	.25	0	25	152.149	1100
db2	xt-1M-1000-120-1	2389	1623	0	1	.5	0	25	167.127	1100
db2	xt-1M-1000-120-1	2389	1661	0	1	.75	0	25	167.743	1100
db2	xt-1M-1000-120-1	2389	1683	0	1	1	0	25	160.428	1100
db2	xt-1M-1000-120-1	2389	1723	0	1	.25	0	50	157.674	1100
db2	xt-1M-1000-120-1	2389	1763	0	1	.5	0	50	154.68	1100
db2	xt-1M-1000-120-1	2389	1801	0	1	.75	0	50	158.449	1100
db2	xt-1M-1000-120-1	2389	1842	0	1	1	0	50	161.251	1100
db2	xt-1M-1000-120-1	2389	1882	0	1	.25	0	75	150.586	1100
db2	xt-1M-1000-120-1	2389	1902	0	1	.5	0	75	152.714	1100
db2	xt-1M-1000-120-1	2389	1923	0	1	.75	0	75	152.975	1100
db2	xt-1M-1000-120-1	2389	1943	0	1	1	0	75	155.488	1100
db2	xt-1M-1000-120-1	2389	1983	0	1	.25	0	100	147.409	1100
db2	xt-1M-1000-120-1	2389	2022	0	1	.5	0	100	151.596	1100
db2	xt-1M-1000-120-1	2389	2043	0	1	.75	0	100	151.463	1100
db2	xt-1M-1000-120-1	2389	2083	0	1	1	0	100	153.938	1100
db2	xt-1M-1000-120-1	2389	2144	0	1	.75	.01	0	85506.884	1100
db2	xt-1M-1000-120-1	2389	2147	0	1	1	.01	0	109335.779	1100
db2	xt-1M-1000-120-1	2389	2503	0	1	.25	.1	0	8077.336	500
db2	xt-1M-1000-120-1	2389	2522	0	1	.5	.1	0	12435.564	500
db2	xt-1M-1000-120-1	2389	2561	0	1	1	.1	0	9243.318	800
db2	xt-1M-1000-120-1	2389	4105	0	1	.25	1	0	5271.818	500
db2	xt-1M-1000-120-1	2389	4124	0	1	.5	1	0	10935.65	100
db2	xt-1M-1000-120-1	2389	4125	0	1	.75	1	0	15810.071	400
db2	xt-1M-1000-120-1	2389	4144	0	1	1	1	0	15156.681	1100
db2	xt-1M-1000-120-2	2249	401	0	2	.25	0	25	109.819	1100
db2	xt-1M-1000-120-2	2249	422	0	2	.5	0	25	125.668	1100
db2	xt-1M-1000-120-2	2249	462	0	2	.75	0	25	124.619	1100
db2	xt-1M-1000-120-2	2249	482	0	2	1	0	25	126.671	1100
db2	xt-1M-1000-120-2	2249	521	0	2	.25	0	50	104.54	1100
db2	xt-1M-1000-120-2	2249	542	0	2	.5	0	50	112.973	1100
db2	xt-1M-1000-120-2	2249	582	0	2	.75	0	50	113.956	1100
db2	xt-1M-1000-120-2	2249	601	0	2	1	0	50	117.699	1100
db2	xt-1M-1000-120-2	2249	662	0	2	.5	0	75	107.579	1100
db2	xt-1M-1000-120-2	2249	702	0	2	.75	0	75	108.791	1100
db2	xt-1M-1000-120-2	2249	741	0	2	1	0	75	117.791	1100
db2	xt-1M-1000-120-2	2249	802	0	2	.5	0	100	106.938	1100
db2	xt-1M-1000-120-2	2249	841	0	2	.75	0	100	108.058	1100
db2	xt-1M-1000-120-2	2249	862	0	2	1	0	100	108.029	1100
db2	xt-1M-1000-120-2	2249	1441	0	2	.25	.1	0	11010.358	400
db2	xt-1M-1000-120-2	2249	1461	0	2	.5	.1	0	15340.239	800
db2	xt-1M-1000-120-2	2249	1482	0	2	.75	.1	0	16942.237	200
db2	xt-1M-1000-120-2	2249	1501	0	2	1	.1	0	18419.467	800
db2	xt-1M-1000-120-2	2249	1821	0	2	.25	1	0	3962.948	500
db2	xt-1M-1000-120-2	2249	1881	0	2	1	1	0	4194.323	1100
db2	xt-1M-1000-120-4	2349	2203	0	4	.25	0	25	50.004	1100
db2	xt-1M-1000-120-4	2349	2222	0	4	.5	0	25	53.738	700
db2	xt-1M-1000-120-4	2349	2224	0	4	.75	0	25	60.055	1100
db2	xt-1M-1000-120-4	2349	2225	0	4	1	0	25	56.954	1100
db2	xt-1M-1000-120-4	2349	2228	0	4	.25	0	50	52.16	1100
db2	xt-1M-1000-120-4	2349	2242	0	4	.5	0	50	52.348	1100
db2	xt-1M-1000-120-4	2349	2261	0	4	.75	0	50	54.617	1100
db2	xt-1M-1000-120-4	2349	2263	0	4	1	0	50	54.715	1100
db2	xt-1M-1000-120-4	2349	2283	0	4	.25	0	75	51.195	1100
db2	xt-1M-1000-120-4	2349	2301	0	4	.5	0	75	49.757	1100
db2	xt-1M-1000-120-4	2349	2304	0	4	.75	0	75	51.814	1100
db2	xt-1M-1000-120-4	2349	2322	0	4	1	0	75	58.923	1100
db2	xt-1M-1000-120-4	2349	2323	0	4	.25	0	100	52.5	1100
db2	xt-1M-1000-120-4	2349	2326	0	4	.5	0	100	50.671	1100
db2	xt-1M-1000-120-4	2349	2342	0	4	.75	0	100	53.215	1100
db2	xt-1M-1000-120-4	2349	2344	0	4	1	0	100	54.044	1100
db2	xt-1M-1000-120-4	2349	2387	0	4	1	.01	0	34030.745	400
db2	xt-1M-1000-120-4	2349	3003	0	4	.25	.1	0	2099.841	500
db2	xt-1M-1000-120-4	2349	3004	0	4	.5	.1	0	3893.754	1100
db2	xt-1M-1000-120-6	3089	9771	0	6	.25	0	25	49219.07	1100
db2	xt-1M-1000-120-6	3089	9772	0	6	.5	0	25	44414.084	1100
db2	xt-1M-1000-120-6	3089	9773	0	6	.75	0	25	39278.909	800
db2	xt-1M-1000-120-6	3089	9775	0	6	.25	0	50	5.72	1100
db2	xt-1M-1000-120-6	3089	9786	0	6	.5	0	50	5.702	1100
db2	xt-1M-1000-120-6	3089	9787	0	6	.75	0	50	5.647	1100
db2	xt-1M-1000-120-6	3089	9788	0	6	1	0	50	5.715	1100
db2	xt-1M-1000-120-6	3089	9789	0	6	.25	0	75	5.626	1100
db2	xt-1M-1000-120-6	3089	9790	0	6	.5	0	75	5.57	1100
db2	xt-1M-1000-120-6	3089	9791	0	6	.75	0	75	5.737	1100
db2	xt-1M-1000-120-6	3089	9792	0	6	1	0	75	5.7	1100
db2	xt-1M-1000-120-6	3089	9806	0	6	.25	0	100	5.631	1100
db2	xt-1M-1000-120-6	3089	9807	0	6	.5	0	100	5.632	1100
db2	xt-1M-1000-120-6	3089	9808	0	6	.75	0	100	5.609	1100
db2	xt-1M-1000-120-6	3089	9809	0	6	1	0	100	62062.836	1100
db2	xt-1M-1000-120-6	3089	9812	0	6	.75	.01	0	117263.608	600
db2	xt-1M-1000-120-6	3089	9813	0	6	1	.01	0	114883.083	1100
db2	xt-1M-1000-120-6	3089	9814	0	6	.25	.1	0	820.81	700
db2	xt-1M-1000-120-6	3089	9815	0	6	.5	.1	0	41.787	1100
db2	xt-1M-1000-120-6	3089	9816	0	6	.75	.1	0	8081.754	400
db2	xt-1M-1000-120-6	3089	9817	0	6	1	.1	0	3342.893	1100
db2	xt-1M-1000-120-6	3089	9826	0	6	.25	1	0	1119.423	1100
db2	xt-1M-1000-120-6	3089	9827	0	6	.5	1	0	2100.145	1100
db2	xt-1M-1000-120-6	3089	9828	0	6	.75	1	0	2774.62	300
db2	xt-1M-1000-120-6	3089	9829	0	6	1	1	0	3472.905	200
db2	xt-1M-1000-120-8	2369	3764	0	8	.25	0	25	47.222	1100
db2	xt-1M-1000-120-8	2369	3804	0	8	.5	0	25	49.349	1100
db2	xt-1M-1000-120-8	2369	3806	0	8	.75	0	25	50.224	1100
db2	xt-1M-1000-120-8	2369	3823	0	8	1	0	25	51.798	1100
db2	xt-1M-1000-120-8	2369	3843	0	8	.25	0	50	47.844	1100
db2	xt-1M-1000-120-8	2369	3863	0	8	.5	0	50	49.444	1100
db2	xt-1M-1000-120-8	2369	4164	0	8	.75	0	50	50.616	1100
db2	xt-1M-1000-120-8	2369	4184	0	8	1	0	50	50.756	1100
db2	xt-1M-1000-120-8	2369	4204	0	8	.25	0	75	48.63	1100
db2	xt-1M-1000-120-8	2369	4224	0	8	.5	0	75	49.297	1100
db2	xt-1M-1000-120-8	2369	4244	0	8	.75	0	75	50.314	1100
db2	xt-1M-1000-120-8	2369	4265	0	8	1	0	75	50.649	1100
db2	xt-1M-1000-120-8	2369	4384	0	8	.25	0	100	48.396	1100
db2	xt-1M-1000-120-8	2369	4604	0	8	.5	0	100	49.187	1100
db2	xt-1M-1000-120-8	2369	4625	0	8	.75	0	100	49.862	1100
db2	xt-1M-1000-120-8	2369	4724	0	8	1	0	100	49.69	1100
db2	xt-1M-1000-120-8	2369	4805	0	8	.5	.01	0	5.702	1100
db2	xt-1M-1000-120-8	2369	4824	0	8	.75	.01	0	5.661	1100
db2	xt-1M-1000-120-8	2369	4844	0	8	1	.01	0	5.6	1100
db2	xt-1M-1000-120-8	2369	5205	0	8	.25	.1	0	5.587	1100
db2	xt-1M-1000-120-8	2369	5245	0	8	.5	.1	0	5.578	1100
db2	xt-1M-1000-120-8	2369	5284	0	8	.75	.1	0	5.592	1100
db2	xt-1M-1000-120-8	2369	5304	0	8	1	.1	0	5.668	1100
db2	xt-1M-1000-120-8	2369	5608	0	8	.5	1	0	5.866	1100
db2	xt-1M-1000-120-8	2369	5626	0	8	.75	1	0	2740.159	1100
mysql	pk-xt-1M-1000-120-1	2469	7207	1	1	.25	0	25	14976.703	1100
mysql	pk-xt-1M-1000-120-1	2469	7246	1	1	.5	0	25	23660.209	100
mysql	pk-xt-1M-1000-120-1	2469	7286	1	1	.75	0	25	19876.659	100
mysql	pk-xt-1M-1000-120-1	2469	7306	1	1	1	0	25	18414.653	100
mysql	pk-xt-1M-1000-120-1	2469	7327	1	1	.25	0	50	18965.125	1100
mysql	pk-xt-1M-1000-120-1	2469	7366	1	1	.5	0	50	14512.444	1100
mysql	pk-xt-1M-1000-120-1	2469	7406	1	1	.75	0	50	39426.845	100
mysql	pk-xt-1M-1000-120-1	2469	7427	1	1	1	0	50	35410.523	100
mysql	pk-xt-1M-1000-120-1	2469	7467	1	1	.25	0	75	27530.177	1100
mysql	pk-xt-1M-1000-120-1	2469	7506	1	1	.5	0	75	28789.922	1100
mysql	pk-xt-1M-1000-120-1	2469	7546	1	1	.75	0	75	54589.358	100
mysql	pk-xt-1M-1000-120-1	2469	7587	1	1	1	0	75	60965.253	1100
mysql	pk-xt-1M-1000-120-1	2469	7627	1	1	.25	0	100	29890.171	1100
mysql	pk-xt-1M-1000-120-1	2469	7666	1	1	.5	0	100	17358.375	1100
mysql	pk-xt-1M-1000-120-1	2469	7686	1	1	.75	0	100	63664.655	1100
mysql	pk-xt-1M-1000-120-1	2469	7706	1	1	1	0	100	62328.115	1100
mysql	pk-xt-1M-1000-120-1	2469	7726	1	1	.25	.01	0	139.277	1100
mysql	pk-xt-1M-1000-120-1	2469	7747	1	1	.5	.01	0	140.139	1100
mysql	pk-xt-1M-1000-120-1	2469	7766	1	1	.75	.01	0	139.543	1100
mysql	pk-xt-1M-1000-120-1	2469	7786	1	1	1	.01	0	140.366	1100
mysql	pk-xt-1M-1000-120-1	2469	8126	1	1	.25	.1	0	459.388	1100
mysql	pk-xt-1M-1000-120-1	2469	8146	1	1	.5	.1	0	459.692	1100
mysql	pk-xt-1M-1000-120-1	2469	8166	1	1	.75	.1	0	470.813	1100
mysql	pk-xt-1M-1000-120-1	2469	8186	1	1	1	.1	0	488.201	1100
mysql	pk-xt-1M-1000-120-2	2390	9266	1	2	.25	0	25	14582.572	1100
mysql	pk-xt-1M-1000-120-2	2390	9305	1	2	.5	0	25	22066.56	100
mysql	pk-xt-1M-1000-120-2	2390	9306	1	2	.75	0	25	22921.728	100
mysql	pk-xt-1M-1000-120-2	2390	9308	1	2	1	0	25	17039.557	100
mysql	pk-xt-1M-1000-120-2	2390	9310	1	2	.25	0	50	22266.376	1100
mysql	pk-xt-1M-1000-120-2	2390	9312	1	2	.5	0	50	16360.074	1100
mysql	pk-xt-1M-1000-120-2	2390	9313	1	2	.75	0	50	43815.991	100
mysql	pk-xt-1M-1000-120-2	2390	9315	1	2	1	0	50	34946.324	100
mysql	pk-xt-1M-1000-120-2	2390	9317	1	2	.25	0	75	23422.374	1100
mysql	pk-xt-1M-1000-120-2	2390	9319	1	2	.5	0	75	14411.954	1100
mysql	pk-xt-1M-1000-120-2	2390	9321	1	2	.75	0	75	64384.523	1100
mysql	pk-xt-1M-1000-120-2	2390	9323	1	2	1	0	75	64965.968	1100
mysql	pk-xt-1M-1000-120-2	2390	9329	1	2	.25	0	100	24608.747	1100
mysql	pk-xt-1M-1000-120-2	2390	9334	1	2	.5	0	100	10879.464	1100
mysql	pk-xt-1M-1000-120-2	2390	9337	1	2	.75	0	100	63484.843	1100
mysql	pk-xt-1M-1000-120-2	2390	9340	1	2	1	0	100	63338.031	1100
mysql	pk-xt-1M-1000-120-4	2070	8686	1	4	.25	0	25	22733.518	1100
mysql	pk-xt-1M-1000-120-4	2070	9422	1	4	.25	0	75	15222.61	1100
mysql	pk-xt-1M-1000-120-4	2070	9424	1	4	.5	0	75	19510.269	1100
mysql	pk-xt-1M-1000-120-4	2070	9438	1	4	.25	.01	0	120742.058	1100
mysql	pk-xt-1M-1000-120-4	2070	9440	1	4	.5	.01	0	117737.381	1100
mysql	pk-xt-1M-1000-120-4	2070	9442	1	4	.75	.01	0	116330.728	1100
mysql	pk-xt-1M-1000-120-4	2070	9449	1	4	.5	.1	0	117230.337	1100
mysql	pk-xt-1M-1000-120-4	2070	9451	1	4	.75	.1	0	119984.464	1100
mysql	pk-xt-1M-1000-120-4	2070	9453	1	4	1	.1	0	116550.686	1100
mysql	pk-xt-1M-1000-120-6	3010	9546	1	6	.25	0	25	2779.57	1100
mysql	pk-xt-1M-1000-120-6	3010	9566	1	6	.5	0	25	26219.882	100
mysql	pk-xt-1M-1000-120-6	3010	9568	1	6	.75	0	25	26963.733	100
mysql	pk-xt-1M-1000-120-6	3010	9570	1	6	1	0	25	21956.643	100
mysql	pk-xt-1M-1000-120-6	3010	9572	1	6	.25	0	50	6433.792	700
mysql	pk-xt-1M-1000-120-6	3010	9574	1	6	.5	0	50	17881.194	1100
mysql	pk-xt-1M-1000-120-6	3010	9587	1	6	.75	0	50	48793.866	100
mysql	pk-xt-1M-1000-120-6	3010	9589	1	6	1	0	50	42022.947	100
mysql	pk-xt-1M-1000-120-6	3010	9591	1	6	.25	0	75	16341.945	1100
mysql	pk-xt-1M-1000-120-6	3010	9593	1	6	.5	0	75	4625.585	1100
mysql	pk-xt-1M-1000-120-6	3010	9595	1	6	.75	0	75	63990.198	600
mysql	pk-xt-1M-1000-120-6	3010	9597	1	6	1	0	75	63803.048	800
mysql	pk-xt-1M-1000-120-6	3010	9607	1	6	.25	0	100	2939.261	800
mysql	pk-xt-1M-1000-120-6	3010	9609	1	6	.5	0	100	5395.537	1100
mysql	pk-xt-1M-1000-120-6	3010	9611	1	6	.75	0	100	65653.081	1100
mysql	pk-xt-1M-1000-120-6	3010	9614	1	6	1	0	100	65594.999	1100
mysql	pk-xt-1M-1000-120-6	3010	9626	1	6	.25	.01	0	30.362	1100
mysql	pk-xt-1M-1000-120-6	3010	9628	1	6	.5	.01	0	29.556	1100
mysql	pk-xt-1M-1000-120-6	3010	9632	1	6	1	.01	0	31.69	1100
mysql	pk-xt-1M-1000-120-6	3010	9647	1	6	.25	.1	0	131.09	1100
mysql	pk-xt-1M-1000-120-6	3010	9649	1	6	.5	.1	0	138.115	1100
mysql	pk-xt-1M-1000-120-6	3010	9651	1	6	.75	.1	0	138.557	1100
mysql	pk-xt-1M-1000-120-6	3010	9653	1	6	1	.1	0	139.952	1100
mysql	pk-xt-1M-1000-120-8	2489	9295	1	8	.25	0	25	7354.461	1100
mysql	pk-xt-1M-1000-120-8	2489	9304	1	8	.5	0	25	25218.892	100
mysql	pk-xt-1M-1000-120-8	2489	9307	1	8	.75	0	25	27186.404	100
mysql	pk-xt-1M-1000-120-8	2489	9309	1	8	1	0	25	21320.21	100
mysql	pk-xt-1M-1000-120-8	2489	9311	1	8	.25	0	50	3789.736	1100
mysql	pk-xt-1M-1000-120-8	2489	9314	1	8	.5	0	50	6348.797	1100
mysql	pk-xt-1M-1000-120-8	2489	9316	1	8	.75	0	50	49242.61	100
mysql	pk-xt-1M-1000-120-8	2489	9318	1	8	1	0	50	40831.209	100
mysql	pk-xt-1M-1000-120-8	2489	9320	1	8	.25	0	75	5662.672	1100
mysql	pk-xt-1M-1000-120-8	2489	9322	1	8	.5	0	75	5667.605	1100
mysql	pk-xt-1M-1000-120-8	2489	9328	1	8	.75	0	75	60292.095	1100
mysql	pk-xt-1M-1000-120-8	2489	9336	1	8	1	0	75	64589.541	1100
mysql	pk-xt-1M-1000-120-8	2489	9339	1	8	.25	0	100	4722.872	800
mysql	pk-xt-1M-1000-120-8	2489	9348	1	8	.5	0	100	5780.182	1100
mysql	pk-xt-1M-1000-120-8	2489	9353	1	8	.75	0	100	67393.945	700
mysql	pk-xt-1M-1000-120-8	2489	9355	1	8	1	0	100	65472.375	1100
mysql	pk-xt-1M-1000-120-8	2489	9409	1	8	.25	.01	0	26.22	1100
mysql	pk-xt-1M-1000-120-8	2489	9412	1	8	.5	.01	0	26.449	1100
mysql	pk-xt-1M-1000-120-8	2489	9414	1	8	.75	.01	0	26.656	1100
mysql	pk-xt-1M-1000-120-8	2489	9416	1	8	1	.01	0	26.802	1100
mysql	pk-xt-1M-1000-120-8	2489	9419	1	8	.25	.1	0	92.835	1100
mysql	pk-xt-1M-1000-120-8	2489	9421	1	8	.5	.1	0	93.721	1100
mysql	pk-xt-1M-1000-120-8	2489	9423	1	8	.75	.1	0	94.649	1100
mysql	pk-xt-1M-1000-120-8	2489	9425	1	8	1	.1	0	97.746	1100
mysql	xt-1M-1000-120-4	2449	2382	0	4	.5	.01	0	119165.995	1100
mysql	xt-1M-1000-120-4	2449	2387	0	4	1	.01	0	114829.896	1100
mysql	xt-1M-1000-120-4	2449	3003	0	4	.25	.1	0	115775.565	1100
mysql	xt-1M-1000-120-4	2449	3023	0	4	.75	.1	0	120384.207	1100
mysql	xt-1M-1000-120-4	2449	3204	0	4	1	1	0	125117.611	1100
mysql	xt-1M-1000-120-8	2610	4765	0	8	.25	.01	0	60407.611	400
oracle	pk-xt-1M-1000-120-1	2889	7207	1	1	.25	0	25	11563.661	1100
oracle	pk-xt-1M-1000-120-1	2889	7246	1	1	.5	0	25	15306.436	1100
oracle	pk-xt-1M-1000-120-1	2889	7286	1	1	.75	0	25	15182.543	1100
oracle	pk-xt-1M-1000-120-1	2889	7306	1	1	1	0	25	11643.605	500
oracle	pk-xt-1M-1000-120-1	2889	7327	1	1	.25	0	50	16486.371	1100
oracle	pk-xt-1M-1000-120-1	2889	7366	1	1	.5	0	50	36816.455	100
oracle	pk-xt-1M-1000-120-1	2889	7406	1	1	.75	0	50	32588.189	1100
oracle	pk-xt-1M-1000-120-1	2889	7427	1	1	1	0	50	31469.709	700
oracle	pk-xt-1M-1000-120-1	2889	7467	1	1	.25	0	75	25287.277	1100
oracle	pk-xt-1M-1000-120-1	2889	7506	1	1	.5	0	75	30720.536	1100
oracle	pk-xt-1M-1000-120-1	2889	7546	1	1	.75	0	75	34679.643	1100
oracle	pk-xt-1M-1000-120-1	2889	7587	1	1	1	0	75	27625.837	100
oracle	pk-xt-1M-1000-120-1	2889	7627	1	1	.25	0	100	25004.238	1100
oracle	pk-xt-1M-1000-120-1	2889	7666	1	1	.5	0	100	33288.657	1100
oracle	pk-xt-1M-1000-120-1	2889	7686	1	1	.75	0	100	44565.504	700
oracle	pk-xt-1M-1000-120-1	2889	7706	1	1	1	0	100	51313.178	700
oracle	pk-xt-1M-1000-120-1	2889	7726	1	1	.25	.01	0	564.958	300
oracle	pk-xt-1M-1000-120-1	2889	7747	1	1	.5	.01	0	1012.846	1100
oracle	pk-xt-1M-1000-120-1	2889	7766	1	1	.75	.01	0	1449.782	200
oracle	pk-xt-1M-1000-120-1	2889	7786	1	1	1	.01	0	1745.466	1100
oracle	pk-xt-1M-1000-120-1	2889	8126	1	1	.25	.1	0	14.258	1100
oracle	pk-xt-1M-1000-120-1	2889	8146	1	1	.5	.1	0	919.82	700
oracle	pk-xt-1M-1000-120-1	2889	8166	1	1	.75	.1	0	1284.928	500
oracle	pk-xt-1M-1000-120-1	2889	8186	1	1	1	.1	0	1674.41	500
oracle	pk-xt-1M-1000-120-1	2889	8526	1	1	.25	1	0	493.475	500
oracle	pk-xt-1M-1000-120-1	2889	8547	1	1	.5	1	0	943.345	700
oracle	pk-xt-1M-1000-120-1	2889	8567	1	1	.75	1	0	1145.942	400
oracle	pk-xt-1M-1000-120-1	2889	8586	1	1	1	1	0	2306.33	100
oracle	pk-xt-1M-1000-120-2	2850	9266	1	2	.25	0	25	44338.541	1100
oracle	pk-xt-1M-1000-120-2	2850	9341	1	2	.25	.01	0	4441.357	100
oracle	pk-xt-1M-1000-120-2	2850	9439	1	2	1	.01	0	18380.923	1100
oracle	pk-xt-1M-1000-120-2	2850	9441	1	2	.25	.1	0	5365.747	200
oracle	pk-xt-1M-1000-120-2	2850	9443	1	2	.5	.1	0	11645.278	1100
oracle	pk-xt-1M-1000-120-2	2850	9445	1	2	.75	.1	0	15166.712	1100
oracle	pk-xt-1M-1000-120-2	2850	9447	1	2	1	.1	0	18835.068	1100
oracle	pk-xt-1M-1000-120-2	2850	9452	1	2	.75	1	0	11812.769	400
oracle	pk-xt-1M-1000-120-2	2850	9454	1	2	1	1	0	16855.5	1100
oracle	pk-xt-1M-1000-120-4	2750	8686	1	4	.25	0	25	91091.868	1100
oracle	pk-xt-1M-1000-120-4	2750	8766	1	4	.5	0	25	114710.851	1100
oracle	pk-xt-1M-1000-120-4	2750	8806	1	4	.75	0	25	91864.12	1100
oracle	pk-xt-1M-1000-120-4	2750	9413	1	4	1	0	25	88940.423	1100
oracle	pk-xt-1M-1000-120-4	2750	9415	1	4	.25	0	50	88891.12	1100
oracle	pk-xt-1M-1000-120-4	2750	9418	1	4	.75	0	50	103884.459	1100
oracle	pk-xt-1M-1000-120-4	2750	9429	1	4	.25	0	100	106505.186	1100
oracle	pk-xt-1M-1000-120-4	2750	9438	1	4	.25	.01	0	3438.583	1100
oracle	pk-xt-1M-1000-120-4	2750	9440	1	4	.5	.01	0	5454.351	100
oracle	pk-xt-1M-1000-120-4	2750	9442	1	4	.75	.01	0	7784.864	1100
oracle	pk-xt-1M-1000-120-6	3029	9546	1	6	.25	0	25	18464.374	100
oracle	pk-xt-1M-1000-120-6	3029	9566	1	6	.5	0	25	16300.407	1100
oracle	pk-xt-1M-1000-120-6	3029	9568	1	6	.75	0	25	18695.872	800
oracle	pk-xt-1M-1000-120-6	3029	9570	1	6	1	0	25	20043.713	600
oracle	pk-xt-1M-1000-120-6	3029	9572	1	6	.25	0	50	29560.345	1100
oracle	pk-xt-1M-1000-120-6	3029	9574	1	6	.5	0	50	37690.9	100
oracle	pk-xt-1M-1000-120-6	3029	9587	1	6	.75	0	50	43909.851	1100
oracle	pk-xt-1M-1000-120-6	3029	9589	1	6	1	0	50	41323.236	1100
oracle	pk-xt-1M-1000-120-6	3029	9591	1	6	.25	0	75	39616.198	1100
oracle	pk-xt-1M-1000-120-6	3029	9593	1	6	.5	0	75	41372.402	1100
oracle	pk-xt-1M-1000-120-6	3029	9595	1	6	.75	0	75	51718.433	700
oracle	pk-xt-1M-1000-120-6	3029	9597	1	6	1	0	75	49224.827	600
oracle	pk-xt-1M-1000-120-6	3029	9607	1	6	.25	0	100	43209.404	1100
oracle	pk-xt-1M-1000-120-6	3029	9609	1	6	.5	0	100	61562.139	1100
oracle	pk-xt-1M-1000-120-6	3029	9611	1	6	.75	0	100	53707.261	300
oracle	pk-xt-1M-1000-120-6	3029	9614	1	6	1	0	100	55554.837	100
oracle	pk-xt-1M-1000-120-6	3029	9630	1	6	.75	.01	0	672.97	400
oracle	pk-xt-1M-1000-120-6	3029	9632	1	6	1	.01	0	921.41	400
oracle	pk-xt-1M-1000-120-6	3029	9647	1	6	.25	.1	0	283.812	600
oracle	pk-xt-1M-1000-120-6	3029	9649	1	6	.5	.1	0	609.495	1100
oracle	pk-xt-1M-1000-120-6	3029	9666	1	6	.25	1	0	253.957	300
oracle	pk-xt-1M-1000-120-6	3029	9668	1	6	.5	1	0	572.522	400
oracle	pk-xt-1M-1000-120-6	3029	9670	1	6	.75	1	0	744.145	500
oracle	pk-xt-1M-1000-120-6	3029	9672	1	6	1	1	0	985.645	100
oracle	pk-xt-1M-1000-120-8	2089	9295	1	8	.25	0	25	87.746	100
oracle	pk-xt-1M-1000-120-8	2089	9304	1	8	.5	0	25	94.826	200
oracle	pk-xt-1M-1000-120-8	2089	9307	1	8	.75	0	25	99.051	200
oracle	pk-xt-1M-1000-120-8	2089	9309	1	8	1	0	25	101.115	200
oracle	pk-xt-1M-1000-120-8	2089	9311	1	8	.25	0	50	97.507	100
oracle	pk-xt-1M-1000-120-8	2089	9314	1	8	.5	0	50	101.645	100
oracle	pk-xt-1M-1000-120-8	2089	9316	1	8	.75	0	50	102.182	200
oracle	pk-xt-1M-1000-120-8	2089	9318	1	8	1	0	50	108.54	100
oracle	pk-xt-1M-1000-120-8	2089	9320	1	8	.25	0	75	200.201	100
oracle	pk-xt-1M-1000-120-8	2089	9322	1	8	.5	0	75	104.535	100
oracle	pk-xt-1M-1000-120-8	2089	9328	1	8	.75	0	75	111.623	100
oracle	pk-xt-1M-1000-120-8	2089	9336	1	8	1	0	75	107.34	100
oracle	pk-xt-1M-1000-120-8	2089	9339	1	8	.25	0	100	106.268	100
oracle	pk-xt-1M-1000-120-8	2089	9348	1	8	.5	0	100	113.219	100
oracle	pk-xt-1M-1000-120-8	2089	9355	1	8	1	0	100	119.21	200
oracle	pk-xt-1M-1000-120-8	2089	9409	1	8	.25	.01	0	1493.872	1100
oracle	pk-xt-1M-1000-120-8	2089	9414	1	8	.75	.01	0	3566.058	500
oracle	pk-xt-1M-1000-120-8	2089	9419	1	8	.25	.1	0	1719.954	200
oracle	pk-xt-1M-1000-120-8	2089	9421	1	8	.5	.1	0	2546.012	600
oracle	pk-xt-1M-1000-120-8	2089	9423	1	8	.75	.1	0	3826.953	1100
oracle	pk-xt-1M-1000-120-8	2089	9425	1	8	1	.1	0	3906.199	1100
oracle	pk-xt-1M-1000-120-8	2089	9428	1	8	.25	1	0	1777.411	1100
oracle	pk-xt-1M-1000-120-8	2089	9430	1	8	.5	1	0	2930.907	1100
oracle	pk-xt-1M-1000-120-8	2089	9432	1	8	.75	1	0	3912.145	1100
oracle	pk-xt-1M-1000-120-8	2089	9437	1	8	1	1	0	2819.035	1100
oracle	xt-1M-1000-120-1	2949	1623	0	1	.5	0	25	54338.345	1100
oracle	xt-1M-1000-120-1	2949	1661	0	1	.75	0	25	82089.32	1100
oracle	xt-1M-1000-120-1	2949	1842	0	1	1	0	50	101701.298	1100
oracle	xt-1M-1000-120-1	2949	1902	0	1	.5	0	75	61758.597	1100
oracle	xt-1M-1000-120-1	2949	2043	0	1	.75	0	100	89583.515	1100
oracle	xt-1M-1000-120-1	2949	2144	0	1	.75	.01	0	10417.548	100
oracle	xt-1M-1000-120-1	2949	4124	0	1	.5	1	0	8357.417	300
oracle	xt-1M-1000-120-2	2851	902	0	2	.25	.01	0	4226.772	1100
oracle	xt-1M-1000-120-2	2851	962	0	2	.75	.01	0	14666.997	1100
oracle	xt-1M-1000-120-2	2851	1001	0	2	1	.01	0	18528.437	1100
oracle	xt-1M-1000-120-2	2851	1441	0	2	.25	.1	0	6237.825	1100
oracle	xt-1M-1000-120-2	2851	1461	0	2	.5	.1	0	10461.14	100
oracle	xt-1M-1000-120-2	2851	1482	0	2	.75	.1	0	14674.531	1100
oracle	xt-1M-1000-120-2	2851	1501	0	2	1	.1	0	19196.052	1100
oracle	xt-1M-1000-120-2	2851	1841	0	2	.5	1	0	7271.334	300
oracle	xt-1M-1000-120-2	2851	1861	0	2	.75	1	0	14785.794	1100
oracle	xt-1M-1000-120-2	2851	1881	0	2	1	1	0	18369.969	1100
oracle	xt-1M-1000-120-4	2629	2203	0	4	.25	0	25	67553.757	1100
oracle	xt-1M-1000-120-4	2629	2222	0	4	.5	0	25	78045.038	1100
oracle	xt-1M-1000-120-4	2629	2224	0	4	.75	0	25	83269.854	1100
oracle	xt-1M-1000-120-4	2629	2225	0	4	1	0	25	87920.582	1100
oracle	xt-1M-1000-120-4	2629	2261	0	4	.75	0	50	103367.684	1100
oracle	xt-1M-1000-120-4	2629	2263	0	4	1	0	50	113074.776	1100
oracle	xt-1M-1000-120-4	2629	2283	0	4	.25	0	75	101274.081	1100
oracle	xt-1M-1000-120-4	2629	2301	0	4	.5	0	75	112901.152	1100
oracle	xt-1M-1000-120-4	2629	2304	0	4	.75	0	75	116302.03	1100
oracle	xt-1M-1000-120-4	2629	2322	0	4	1	0	75	113752.55	1100
oracle	xt-1M-1000-120-4	2629	2323	0	4	.25	0	100	104340.622	1100
oracle	xt-1M-1000-120-4	2629	2326	0	4	.5	0	100	114603.242	1100
oracle	xt-1M-1000-120-4	2629	2342	0	4	.75	0	100	118706.143	1100
oracle	xt-1M-1000-120-4	2629	2344	0	4	1	0	100	119709.743	1100
oracle	xt-1M-1000-120-4	2629	2384	0	4	.75	.01	0	8301.168	1100
oracle	xt-1M-1000-120-6	3049	9810	0	6	.25	.01	0	2409.605	1100
oracle	xt-1M-1000-120-6	3049	9812	0	6	.75	.01	0	4484.138	1100
oracle	xt-1M-1000-120-6	3049	9813	0	6	1	.01	0	5804.53	1100
oracle	xt-1M-1000-120-6	3049	9814	0	6	.25	.1	0	1754.623	400
oracle	xt-1M-1000-120-6	3049	9815	0	6	.5	.1	0	3027.332	1100
oracle	xt-1M-1000-120-6	3049	9816	0	6	.75	.1	0	4272.466	1100
oracle	xt-1M-1000-120-6	3049	9817	0	6	1	.1	0	8029.367	1100
oracle	xt-1M-1000-120-6	3049	9826	0	6	.25	1	0	1938.843	700
oracle	xt-1M-1000-120-6	3049	9827	0	6	.5	1	0	2875.808	1100
oracle	xt-1M-1000-120-6	3049	9828	0	6	.75	1	0	3815.192	1100
oracle	xt-1M-1000-120-6	3049	9829	0	6	1	1	0	4871.589	1100
oracle	xt-1M-1000-120-8	2830	3764	0	8	.25	0	25	64007.998	1100
oracle	xt-1M-1000-120-8	2830	3804	0	8	.5	0	25	72221.137	1100
oracle	xt-1M-1000-120-8	2830	3806	0	8	.75	0	25	79034.713	1100
oracle	xt-1M-1000-120-8	2830	3823	0	8	1	0	25	80775.189	1100
oracle	xt-1M-1000-120-8	2830	3863	0	8	.5	0	50	98535.725	1100
oracle	xt-1M-1000-120-8	2830	4164	0	8	.75	0	50	102578.954	1100
oracle	xt-1M-1000-120-8	2830	4184	0	8	1	0	50	105596.064	1100
oracle	xt-1M-1000-120-8	2830	4204	0	8	.25	0	75	96878.982	1100
oracle	xt-1M-1000-120-8	2830	4224	0	8	.5	0	75	107865.749	1100
oracle	xt-1M-1000-120-8	2830	4244	0	8	.75	0	75	110008.938	1100
oracle	xt-1M-1000-120-8	2830	4384	0	8	.25	0	100	102038.166	1100
oracle	xt-1M-1000-120-8	2830	4604	0	8	.5	0	100	110444.712	1100
oracle	xt-1M-1000-120-8	2830	4625	0	8	.75	0	100	115241.709	1100
oracle	xt-1M-1000-120-8	2830	4724	0	8	1	0	100	115396.822	1100
oracle	xt-1M-1000-120-8	2830	4805	0	8	.5	.01	0	2291.166	1100
oracle	xt-1M-1000-120-8	2830	4844	0	8	1	.01	0	3701.253	200
oracle	xt-1M-1000-120-8	2830	5205	0	8	.25	.1	0	1966.034	1100
oracle	xt-1M-1000-120-8	2830	5245	0	8	.5	.1	0	3035.713	1100
oracle	xt-1M-1000-120-8	2830	5284	0	8	.75	.1	0	3836.325	1100
oracle	xt-1M-1000-120-8	2830	5304	0	8	1	.1	0	3605.065	1100
oracle	xt-1M-1000-120-8	2830	5606	0	8	.25	1	0	1557.107	1100
oracle	xt-1M-1000-120-8	2830	5626	0	8	.75	1	0	3012.757	600
oracle	xt-1M-1000-120-8	2830	5628	0	8	1	1	0	2398.608	300
pgsql	pk-xt-1M-1000-120-1	2789	7207	1	1	.25	0	25	82408.212	1100
pgsql	pk-xt-1M-1000-120-1	2789	7246	1	1	.5	0	25	67722.227	500
pgsql	pk-xt-1M-1000-120-1	2789	7286	1	1	.75	0	25	68020.162	500
pgsql	pk-xt-1M-1000-120-1	2789	7306	1	1	1	0	25	71260.067	400
pgsql	pk-xt-1M-1000-120-1	2789	7327	1	1	.25	0	50	73190.866	500
pgsql	pk-xt-1M-1000-120-1	2789	7366	1	1	.5	0	50	76540.348	400
pgsql	pk-xt-1M-1000-120-1	2789	7406	1	1	.75	0	50	78856.143	700
pgsql	pk-xt-1M-1000-120-1	2789	7467	1	1	.25	0	75	75893.74	500
pgsql	pk-xt-1M-1000-120-1	2789	7506	1	1	.5	0	75	78612.066	400
pgsql	pk-xt-1M-1000-120-1	2789	7546	1	1	.75	0	75	78039.092	400
pgsql	pk-xt-1M-1000-120-1	2789	7587	1	1	1	0	75	77676.552	300
pgsql	pk-xt-1M-1000-120-1	2789	7627	1	1	.25	0	100	74312.639	400
pgsql	pk-xt-1M-1000-120-1	2789	7666	1	1	.5	0	100	82849.427	300
pgsql	pk-xt-1M-1000-120-1	2789	7686	1	1	.75	0	100	86630.283	300
pgsql	pk-xt-1M-1000-120-1	2789	7706	1	1	1	0	100	80496.164	200
pgsql	pk-xt-1M-1000-120-1	2789	7726	1	1	.25	.01	0	57171.349	1100
pgsql	pk-xt-1M-1000-120-1	2789	7766	1	1	.75	.01	0	55463.674	1100
pgsql	pk-xt-1M-1000-120-1	2789	7786	1	1	1	.01	0	54603.227	1100
pgsql	pk-xt-1M-1000-120-1	2789	8126	1	1	.25	.1	0	57289.769	1100
pgsql	pk-xt-1M-1000-120-1	2789	8146	1	1	.5	.1	0	55758.808	1100
pgsql	pk-xt-1M-1000-120-1	2789	8186	1	1	1	.1	0	55406.282	1100
pgsql	pk-xt-1M-1000-120-2	2612	9266	1	2	.25	0	25	63561.069	1100
pgsql	pk-xt-1M-1000-120-2	2612	9305	1	2	.5	0	25	92302.305	1100
pgsql	pk-xt-1M-1000-120-2	2612	9306	1	2	.75	0	25	94618.918	1100
pgsql	pk-xt-1M-1000-120-2	2612	9308	1	2	1	0	25	97488.099	1100
pgsql	pk-xt-1M-1000-120-2	2612	9310	1	2	.25	0	50	80538.67	800
pgsql	pk-xt-1M-1000-120-2	2612	9312	1	2	.5	0	50	88045.941	500
pgsql	pk-xt-1M-1000-120-2	2612	9313	1	2	.75	0	50	90630.329	500
pgsql	pk-xt-1M-1000-120-2	2612	9315	1	2	1	0	50	90658.093	500
pgsql	pk-xt-1M-1000-120-2	2612	9317	1	2	.25	0	75	81565.053	400
pgsql	pk-xt-1M-1000-120-2	2612	9319	1	2	.5	0	75	85420.036	400
pgsql	pk-xt-1M-1000-120-2	2612	9321	1	2	.75	0	75	91200.171	300
pgsql	pk-xt-1M-1000-120-2	2612	9323	1	2	1	0	75	90481.336	300
pgsql	pk-xt-1M-1000-120-2	2612	9329	1	2	.25	0	100	89916.58	400
pgsql	pk-xt-1M-1000-120-2	2612	9334	1	2	.5	0	100	86197.35	300
pgsql	pk-xt-1M-1000-120-2	2612	9337	1	2	.75	0	100	88445.475	300
pgsql	pk-xt-1M-1000-120-2	2612	9340	1	2	1	0	100	93833.337	300
pgsql	pk-xt-1M-1000-120-2	2612	9341	1	2	.25	.01	0	66360.941	1100
pgsql	pk-xt-1M-1000-120-2	2612	9434	1	2	.5	.01	0	65748.7	1100
pgsql	pk-xt-1M-1000-120-2	2612	9436	1	2	.75	.01	0	65829.407	1100
pgsql	pk-xt-1M-1000-120-2	2612	9439	1	2	1	.01	0	64802.184	1100
pgsql	pk-xt-1M-1000-120-2	2612	9441	1	2	.25	.1	0	66370.879	1100
pgsql	pk-xt-1M-1000-120-2	2612	9445	1	2	.75	.1	0	65624.27	1100
pgsql	pk-xt-1M-1000-120-2	2612	9447	1	2	1	.1	0	64382.316	1100
pgsql	pk-xt-1M-1000-120-2	2612	9448	1	2	.25	1	0	66242.652	1100
pgsql	pk-xt-1M-1000-120-2	2612	9452	1	2	.75	1	0	65974.674	1100
pgsql	pk-xt-1M-1000-120-2	2612	9454	1	2	1	1	0	65896.492	1100
pgsql	pk-xt-1M-1000-120-4	2090	8686	1	4	.25	0	25	21.723	1100
pgsql	pk-xt-1M-1000-120-4	2090	8766	1	4	.5	0	25	19.595	1100
pgsql	pk-xt-1M-1000-120-4	2090	9415	1	4	.25	0	50	38.392	1100
pgsql	pk-xt-1M-1000-120-4	2090	9420	1	4	1	0	50	20.423	400
pgsql	pk-xt-1M-1000-120-4	2090	9422	1	4	.25	0	75	7.305	200
pgsql	pk-xt-1M-1000-120-4	2090	9424	1	4	.5	0	75	14.471	400
pgsql	pk-xt-1M-1000-120-4	2090	9427	1	4	1	0	75	16.823	300
pgsql	pk-xt-1M-1000-120-4	2090	9429	1	4	.25	0	100	16.873	1100
pgsql	pk-xt-1M-1000-120-4	2090	9440	1	4	.5	.01	0	43516.801	1100
pgsql	pk-xt-1M-1000-120-4	2090	9442	1	4	.75	.01	0	42770.092	1100
pgsql	pk-xt-1M-1000-120-4	2090	9444	1	4	1	.01	0	42303.616	1100
pgsql	pk-xt-1M-1000-120-4	2090	9449	1	4	.5	.1	0	43400.757	1100
pgsql	pk-xt-1M-1000-120-4	2090	9453	1	4	1	.1	0	42184.114	1100
pgsql	pk-xt-1M-1000-120-4	2090	9456	1	4	.5	1	0	43973.735	1100
pgsql	pk-xt-1M-1000-120-4	2090	9458	1	4	1	1	0	42784.551	1100
pgsql	pk-xt-1M-1000-120-6	3011	9546	1	6	.25	0	25	56700.468	1100
pgsql	pk-xt-1M-1000-120-6	3011	9566	1	6	.5	0	25	53721.747	100
pgsql	pk-xt-1M-1000-120-6	3011	9568	1	6	.75	0	25	71337.836	500
pgsql	pk-xt-1M-1000-120-6	3011	9572	1	6	.25	0	50	67052.849	300
pgsql	pk-xt-1M-1000-120-6	3011	9574	1	6	.5	0	50	74578.589	300
pgsql	pk-xt-1M-1000-120-6	3011	9587	1	6	.75	0	50	61567.66	400
pgsql	pk-xt-1M-1000-120-6	3011	9589	1	6	1	0	50	69991.118	300
pgsql	pk-xt-1M-1000-120-6	3011	9591	1	6	.25	0	75	50100.618	200
pgsql	pk-xt-1M-1000-120-6	3011	9593	1	6	.5	0	75	56954.5	100
pgsql	pk-xt-1M-1000-120-6	3011	9595	1	6	.75	0	75	66937.517	200
pgsql	pk-xt-1M-1000-120-6	3011	9597	1	6	1	0	75	69634.876	200
pgsql	pk-xt-1M-1000-120-6	3011	9609	1	6	.5	0	100	60095.666	200
pgsql	pk-xt-1M-1000-120-6	3011	9611	1	6	.75	0	100	81977.661	400
pgsql	pk-xt-1M-1000-120-6	3011	9626	1	6	.25	.01	0	28052.377	1100
pgsql	pk-xt-1M-1000-120-6	3011	9628	1	6	.5	.01	0	27708.275	1100
pgsql	pk-xt-1M-1000-120-6	3011	9630	1	6	.75	.01	0	26933.691	1100
pgsql	pk-xt-1M-1000-120-6	3011	9632	1	6	1	.01	0	26697.431	1100
pgsql	pk-xt-1M-1000-120-6	3011	9647	1	6	.25	.1	0	28357.812	1100
pgsql	pk-xt-1M-1000-120-6	3011	9649	1	6	.5	.1	0	27994.388	1100
pgsql	pk-xt-1M-1000-120-6	3011	9651	1	6	.75	.1	0	27351.778	1100
pgsql	pk-xt-1M-1000-120-6	3011	9653	1	6	1	.1	0	26913.976	1100
pgsql	pk-xt-1M-1000-120-6	3011	9666	1	6	.25	1	0	28687.075	1100
pgsql	pk-xt-1M-1000-120-6	3011	9668	1	6	.5	1	0	28216.988	1100
pgsql	pk-xt-1M-1000-120-6	3011	9670	1	6	.75	1	0	27860.787	1100
pgsql	pk-xt-1M-1000-120-6	3011	9672	1	6	1	1	0	27388.905	1100
pgsql	pk-xt-1M-1000-120-8	2709	9295	1	8	.25	0	25	53719.961	100
pgsql	pk-xt-1M-1000-120-8	2709	9304	1	8	.5	0	25	54679.598	400
pgsql	pk-xt-1M-1000-120-8	2709	9307	1	8	.75	0	25	64531.097	100
pgsql	pk-xt-1M-1000-120-8	2709	9309	1	8	1	0	25	59987.564	400
pgsql	pk-xt-1M-1000-120-8	2709	9311	1	8	.25	0	50	57512.853	100
pgsql	pk-xt-1M-1000-120-8	2709	9314	1	8	.5	0	50	77081.118	1100
pgsql	pk-xt-1M-1000-120-8	2709	9316	1	8	.75	0	50	67749.033	300
pgsql	pk-xt-1M-1000-120-8	2709	9318	1	8	1	0	50	66992.388	100
pgsql	pk-xt-1M-1000-120-8	2709	9320	1	8	.25	0	75	54224.207	100
pgsql	pk-xt-1M-1000-120-8	2709	9322	1	8	.5	0	75	68412.631	600
pgsql	pk-xt-1M-1000-120-8	2709	9328	1	8	.75	0	75	56606.16	100
pgsql	pk-xt-1M-1000-120-8	2709	9336	1	8	1	0	75	61574.251	100
pgsql	pk-xt-1M-1000-120-8	2709	9348	1	8	.5	0	100	52691.879	100
pgsql	pk-xt-1M-1000-120-8	2709	9353	1	8	.75	0	100	73461.022	500
pgsql	pk-xt-1M-1000-120-8	2709	9355	1	8	1	0	100	52763.392	100
pgsql	pk-xt-1M-1000-120-8	2709	9409	1	8	.25	.01	0	22558.02	1100
pgsql	pk-xt-1M-1000-120-8	2709	9412	1	8	.5	.01	0	22161.841	1100
pgsql	pk-xt-1M-1000-120-8	2709	9414	1	8	.75	.01	0	21752.446	1100
pgsql	pk-xt-1M-1000-120-8	2709	9416	1	8	1	.01	0	21366.341	1100
pgsql	pk-xt-1M-1000-120-8	2709	9419	1	8	.25	.1	0	22747.305	1100
pgsql	pk-xt-1M-1000-120-8	2709	9421	1	8	.5	.1	0	22381.662	1100
pgsql	pk-xt-1M-1000-120-8	2709	9423	1	8	.75	.1	0	21812.865	1100
pgsql	pk-xt-1M-1000-120-8	2709	9425	1	8	1	.1	0	21415.726	1100
pgsql	pk-xt-1M-1000-120-8	2709	9428	1	8	.25	1	0	23185.119	1100
pgsql	pk-xt-1M-1000-120-8	2709	9430	1	8	.5	1	0	22666.947	1100
pgsql	pk-xt-1M-1000-120-8	2709	9432	1	8	.75	1	0	22164.469	1100
pgsql	pk-xt-1M-1000-120-8	2709	9437	1	8	1	1	0	21545.551	1100
pgsql	xt-1M-1000-120-1	2829	1602	0	1	.25	0	25	64087.67	1100
pgsql	xt-1M-1000-120-1	2829	1623	0	1	.5	0	25	67841.459	1100
pgsql	xt-1M-1000-120-1	2829	1661	0	1	.75	0	25	68286.959	1100
pgsql	xt-1M-1000-120-1	2829	1683	0	1	1	0	25	71563.498	300
pgsql	xt-1M-1000-120-1	2829	1723	0	1	.25	0	50	67173.582	700
pgsql	xt-1M-1000-120-1	2829	1763	0	1	.5	0	50	74301.581	1100
pgsql	xt-1M-1000-120-1	2829	1801	0	1	.75	0	50	75423.946	1100
pgsql	xt-1M-1000-120-1	2829	1842	0	1	1	0	50	77287.33	800
pgsql	xt-1M-1000-120-1	2829	1882	0	1	.25	0	75	73575.884	600
pgsql	xt-1M-1000-120-1	2829	1902	0	1	.5	0	75	79252.517	500
pgsql	xt-1M-1000-120-1	2829	1923	0	1	.75	0	75	81249.75	500
pgsql	xt-1M-1000-120-1	2829	1943	0	1	1	0	75	78420.375	100
pgsql	xt-1M-1000-120-1	2829	1983	0	1	.25	0	100	74971.963	800
pgsql	xt-1M-1000-120-1	2829	2022	0	1	.5	0	100	77692.881	500
pgsql	xt-1M-1000-120-1	2829	2043	0	1	.75	0	100	81916.906	500
pgsql	xt-1M-1000-120-1	2829	2083	0	1	1	0	100	81088.496	100
pgsql	xt-1M-1000-120-1	2829	2144	0	1	.75	.01	0	50524.705	1100
pgsql	xt-1M-1000-120-1	2829	2541	0	1	.75	.1	0	51573.271	1100
pgsql	xt-1M-1000-120-2	2769	401	0	2	.25	0	25	81551.811	800
pgsql	xt-1M-1000-120-2	2769	422	0	2	.5	0	25	90242.311	800
pgsql	xt-1M-1000-120-2	2769	462	0	2	.75	0	25	99683.359	1100
pgsql	xt-1M-1000-120-2	2769	482	0	2	1	0	25	91238.849	1100
pgsql	xt-1M-1000-120-2	2769	521	0	2	.25	0	50	79457.884	500
pgsql	xt-1M-1000-120-2	2769	542	0	2	.5	0	50	86661.227	500
pgsql	xt-1M-1000-120-2	2769	582	0	2	.75	0	50	92804.667	500
pgsql	xt-1M-1000-120-2	2769	601	0	2	1	0	50	91849.392	500
pgsql	xt-1M-1000-120-2	2769	641	0	2	.25	0	75	83883.22	400
pgsql	xt-1M-1000-120-2	2769	662	0	2	.5	0	75	87493.89	400
pgsql	xt-1M-1000-120-2	2769	702	0	2	.75	0	75	92872.809	400
pgsql	xt-1M-1000-120-2	2769	741	0	2	1	0	75	89513.54	300
pgsql	xt-1M-1000-120-2	2769	762	0	2	.25	0	100	84327.619	400
pgsql	xt-1M-1000-120-2	2769	802	0	2	.5	0	100	91309.672	400
pgsql	xt-1M-1000-120-2	2769	841	0	2	.75	0	100	89878.931	300
pgsql	xt-1M-1000-120-2	2769	862	0	2	1	0	100	89846.43	300
pgsql	xt-1M-1000-120-2	2769	902	0	2	.25	.01	0	66007.942	1100
pgsql	xt-1M-1000-120-2	2769	941	0	2	.5	.01	0	65221.978	1100
pgsql	xt-1M-1000-120-2	2769	962	0	2	.75	.01	0	64079.07	1100
pgsql	xt-1M-1000-120-2	2769	1001	0	2	1	.01	0	63716.72	1100
pgsql	xt-1M-1000-120-2	2769	1441	0	2	.25	.1	0	65936.362	1100
pgsql	xt-1M-1000-120-2	2769	1461	0	2	.5	.1	0	65761.042	1100
pgsql	xt-1M-1000-120-2	2769	1482	0	2	.75	.1	0	64136.191	1100
pgsql	xt-1M-1000-120-2	2769	1501	0	2	1	.1	0	64560.612	1100
pgsql	xt-1M-1000-120-2	2769	1821	0	2	.25	1	0	67855.164	1100
pgsql	xt-1M-1000-120-2	2769	1841	0	2	.5	1	0	66174.748	1100
pgsql	xt-1M-1000-120-2	2769	1861	0	2	.75	1	0	64945.773	1100
pgsql	xt-1M-1000-120-4	2589	2203	0	4	.25	0	25	79777.105	600
pgsql	xt-1M-1000-120-4	2589	2222	0	4	.5	0	25	83691.598	500
pgsql	xt-1M-1000-120-4	2589	2224	0	4	.75	0	25	88136.524	700
pgsql	xt-1M-1000-120-4	2589	2225	0	4	1	0	25	85634.803	500
pgsql	xt-1M-1000-120-4	2589	2228	0	4	.25	0	50	75051.993	400
pgsql	xt-1M-1000-120-4	2589	2242	0	4	.5	0	50	83600.756	400
pgsql	xt-1M-1000-120-4	2589	2261	0	4	.75	0	50	85597.475	400
pgsql	xt-1M-1000-120-4	2589	2263	0	4	1	0	50	87136.747	400
pgsql	xt-1M-1000-120-4	2589	2283	0	4	.25	0	75	79122.478	400
pgsql	xt-1M-1000-120-4	2589	2301	0	4	.5	0	75	77876.714	300
pgsql	xt-1M-1000-120-4	2589	2304	0	4	.75	0	75	91055.71	400
pgsql	xt-1M-1000-120-4	2589	2322	0	4	1	0	75	94666.59	500
pgsql	xt-1M-1000-120-4	2589	2323	0	4	.25	0	100	82283.051	400
pgsql	xt-1M-1000-120-4	2589	2326	0	4	.5	0	100	90220.461	400
pgsql	xt-1M-1000-120-4	2589	2342	0	4	.75	0	100	88916.331	300
pgsql	xt-1M-1000-120-4	2589	2344	0	4	1	0	100	91669.367	300
pgsql	xt-1M-1000-120-4	2589	2362	0	4	.25	.01	0	38468.142	1100
pgsql	xt-1M-1000-120-4	2589	2382	0	4	.5	.01	0	37548.261	1100
pgsql	xt-1M-1000-120-4	2589	2384	0	4	.75	.01	0	36603.816	1100
pgsql	xt-1M-1000-120-4	2589	2387	0	4	1	.01	0	35734.67	1100
pgsql	xt-1M-1000-120-4	2589	3003	0	4	.25	.1	0	38399.73	1100
pgsql	xt-1M-1000-120-4	2589	3004	0	4	.5	.1	0	37961.262	1100
pgsql	xt-1M-1000-120-4	2589	3023	0	4	.75	.1	0	36681.399	1100
pgsql	xt-1M-1000-120-4	2589	3024	0	4	1	.1	0	35825.885	1100
pgsql	xt-1M-1000-120-4	2589	3183	0	4	.25	1	0	39415.331	1100
pgsql	xt-1M-1000-120-6	3070	9771	0	6	.25	0	25	65441.842	500
pgsql	xt-1M-1000-120-6	3070	9772	0	6	.5	0	25	65117.316	500
pgsql	xt-1M-1000-120-6	3070	9773	0	6	.75	0	25	78013.686	600
pgsql	xt-1M-1000-120-6	3070	9774	0	6	1	0	25	81968.136	600
pgsql	xt-1M-1000-120-6	3070	9775	0	6	.25	0	50	57025.418	300
pgsql	xt-1M-1000-120-6	3070	9786	0	6	.5	0	50	64825.546	300
pgsql	xt-1M-1000-120-6	3070	9787	0	6	.75	0	50	70979.831	300
pgsql	xt-1M-1000-120-6	3070	9788	0	6	1	0	50	72950.731	300
pgsql	xt-1M-1000-120-6	3070	9789	0	6	.25	0	75	53748.298	200
pgsql	xt-1M-1000-120-6	3070	9790	0	6	.5	0	75	64412.428	200
pgsql	xt-1M-1000-120-6	3070	9791	0	6	.75	0	75	70991.893	100
pgsql	xt-1M-1000-120-6	3070	9792	0	6	1	0	75	68752.277	100
pgsql	xt-1M-1000-120-6	3070	9806	0	6	.25	0	100	49626.477	100
pgsql	xt-1M-1000-120-6	3070	9807	0	6	.5	0	100	62134.302	100
pgsql	xt-1M-1000-120-6	3070	9808	0	6	.75	0	100	64617.049	100
pgsql	xt-1M-1000-120-6	3070	9809	0	6	1	0	100	67489.246	100
pgsql	xt-1M-1000-120-6	3070	9810	0	6	.25	.01	0	27906.119	1100
pgsql	xt-1M-1000-120-6	3070	9811	0	6	.5	.01	0	27552.842	1100
pgsql	xt-1M-1000-120-6	3070	9812	0	6	.75	.01	0	27136.933	1100
pgsql	xt-1M-1000-120-6	3070	9813	0	6	1	.01	0	26811.265	1100
pgsql	xt-1M-1000-120-6	3070	9814	0	6	.25	.1	0	28024.583	1100
pgsql	xt-1M-1000-120-6	3070	9815	0	6	.5	.1	0	27814.446	1100
pgsql	xt-1M-1000-120-6	3070	9816	0	6	.75	.1	0	27283.662	1100
pgsql	xt-1M-1000-120-6	3070	9817	0	6	1	.1	0	26989.551	1100
pgsql	xt-1M-1000-120-6	3070	9826	0	6	.25	1	0	29186.062	1100
pgsql	xt-1M-1000-120-6	3070	9827	0	6	.5	1	0	28165.708	1100
pgsql	xt-1M-1000-120-6	3070	9828	0	6	.75	1	0	28006.663	1100
pgsql	xt-1M-1000-120-6	3070	9829	0	6	1	1	0	27474.359	1100
pgsql	xt-1M-1000-120-8	2749	3764	0	8	.25	0	25	80173.808	800
pgsql	xt-1M-1000-120-8	2749	3804	0	8	.5	0	25	90815.21	600
pgsql	xt-1M-1000-120-8	2749	3806	0	8	.75	0	25	83724.715	100
pgsql	xt-1M-1000-120-8	2749	3823	0	8	1	0	25	88302.967	100
pgsql	xt-1M-1000-120-8	2749	3843	0	8	.25	0	50	76857.105	500
pgsql	xt-1M-1000-120-8	2749	3863	0	8	.5	0	50	91245.332	400
pgsql	xt-1M-1000-120-8	2749	4164	0	8	.75	0	50	92200.614	400
pgsql	xt-1M-1000-120-8	2749	4184	0	8	1	0	50	94903.099	400
pgsql	xt-1M-1000-120-8	2749	4204	0	8	.25	0	75	79890.763	400
pgsql	xt-1M-1000-120-8	2749	4224	0	8	.5	0	75	100941.58	400
pgsql	xt-1M-1000-120-8	2749	4244	0	8	.75	0	75	99538.139	400
pgsql	xt-1M-1000-120-8	2749	4265	0	8	1	0	75	102644.803	400
pgsql	xt-1M-1000-120-8	2749	4384	0	8	.25	0	100	82237.907	400
pgsql	xt-1M-1000-120-8	2749	4604	0	8	.5	0	100	95777.332	400
pgsql	xt-1M-1000-120-8	2749	4625	0	8	.75	0	100	97836.622	300
pgsql	xt-1M-1000-120-8	2749	4724	0	8	1	0	100	99456.175	300
pgsql	xt-1M-1000-120-8	2749	4765	0	8	.25	.01	0	32010.583	1100
pgsql	xt-1M-1000-120-8	2749	4805	0	8	.5	.01	0	31636.161	1100
pgsql	xt-1M-1000-120-8	2749	4844	0	8	1	.01	0	30675.242	1100
pgsql	xt-1M-1000-120-8	2749	5205	0	8	.25	.1	0	32106.587	1100
pgsql	xt-1M-1000-120-8	2749	5245	0	8	.5	.1	0	31549.012	1100
pgsql	xt-1M-1000-120-8	2749	5284	0	8	.75	.1	0	31338.178	1100
pgsql	xt-1M-1000-120-8	2749	5304	0	8	1	.1	0	30816.729	1100
pgsql	xt-1M-1000-120-8	2749	5606	0	8	.25	1	0	32592.512	1100
pgsql	xt-1M-1000-120-8	2749	5608	0	8	.5	1	0	32234.865	1100
pgsql	xt-1M-1000-120-8	2749	5626	0	8	.75	1	0	31799.716	1100
pgsql	xt-1M-1000-120-8	2749	5628	0	8	1	1	0	31374.583	1100
sqlserver	pk-xt-30K-1000-120-2	2649	7046	1	2	.5	0	25	17878.551	400
sqlserver	pk-xt-30K-1000-120-2	2649	7086	1	2	1	0	25	17545.533	400
sqlserver	pk-xt-30K-1000-120-2	2649	7106	1	2	.25	0	50	18254.56	400
sqlserver	pk-xt-30K-1000-120-2	2649	7307	1	2	.5	0	100	18783.873	400
sqlserver	pk-xt-30K-1000-120-2	2649	7346	1	2	1	0	100	18940.941	400
sqlserver	pk-xt-30K-1000-120-2	2649	7386	1	2	.25	.01	0	2611.389	1100
sqlserver	pk-xt-30K-1000-120-2	2649	7407	1	2	.5	.01	0	2345.841	1100
sqlserver	pk-xt-30K-1000-120-2	2649	7426	1	2	.75	.01	0	2307.227	1100
sqlserver	pk-xt-30K-1000-120-2	2649	7446	1	2	1	.01	0	2258.077	1100
sqlserver	pk-xt-30K-1000-120-2	2649	9506	1	2	.25	.1	0	2401.758	1100
sqlserver	pk-xt-30K-1000-120-2	2649	9526	1	2	.5	.1	0	2373.751	1100
sqlserver	pk-xt-30K-1000-120-2	2649	9527	1	2	.75	.1	0	2304.359	1100
sqlserver	pk-xt-30K-1000-120-2	2649	9528	1	2	1	.1	0	2256.963	1100
sqlserver	pk-xt-30K-1000-120-2	2649	9529	1	2	.25	1	0	2441.941	1100
sqlserver	pk-xt-30K-1000-120-2	2649	9530	1	2	.5	1	0	2411.677	1100
sqlserver	pk-xt-30K-1000-120-2	2649	9531	1	2	.75	1	0	2385.427	1100
sqlserver	pk-xt-30K-1000-120-2	2649	9532	1	2	1	1	0	2325.159	1100
sqlserver	pk-xt-30K-1000-120-4	2409	8347	1	4	.25	0	25	182.712	700
sqlserver	pk-xt-30K-1000-120-4	2409	8446	1	4	.5	0	25	198.238	700
sqlserver	pk-xt-30K-1000-120-4	2409	8467	1	4	.75	0	25	198.004	700
sqlserver	pk-xt-30K-1000-120-4	2409	8506	1	4	1	0	25	188.469	700
sqlserver	pk-xt-30K-1000-120-4	2409	8546	1	4	.25	0	50	197.174	700
sqlserver	pk-xt-30K-1000-120-4	2409	8566	1	4	.5	0	50	195.661	700
sqlserver	pk-xt-30K-1000-120-4	2409	8587	1	4	.75	0	50	197.669	700
sqlserver	pk-xt-30K-1000-120-4	2409	8626	1	4	1	0	50	184.857	700
sqlserver	pk-xt-30K-1000-120-4	2409	8666	1	4	.25	0	75	196.205	700
sqlserver	pk-xt-30K-1000-120-4	2409	8826	1	4	.5	0	75	180.356	800
sqlserver	pk-xt-30K-1000-120-4	2409	8846	1	4	.75	0	75	196.428	700
sqlserver	pk-xt-30K-1000-120-4	2409	8866	1	4	1	0	75	196.94	700
sqlserver	pk-xt-30K-1000-120-4	2409	8886	1	4	.25	0	100	195.569	700
sqlserver	pk-xt-30K-1000-120-4	2409	8906	1	4	.5	0	100	196.41	700
sqlserver	pk-xt-30K-1000-120-4	2409	8926	1	4	.75	0	100	195.843	700
sqlserver	pk-xt-30K-1000-120-4	2409	8946	1	4	1	0	100	198.28	700
sqlserver	pk-xt-30K-1000-120-4	2409	8966	1	4	.25	.01	0	859.248	1100
sqlserver	pk-xt-30K-1000-120-4	2409	8986	1	4	.5	.01	0	842.04	1100
sqlserver	pk-xt-30K-1000-120-4	2409	9006	1	4	.75	.01	0	865.764	1100
sqlserver	pk-xt-30K-1000-120-4	2409	9026	1	4	1	.01	0	815.991	1100
sqlserver	pk-xt-30K-1000-120-4	2409	9046	1	4	.25	.1	0	859.742	1100
sqlserver	pk-xt-30K-1000-120-4	2409	9067	1	4	.5	.1	0	845.587	1100
sqlserver	pk-xt-30K-1000-120-4	2409	9086	1	4	.75	.1	0	835.982	1100
sqlserver	pk-xt-30K-1000-120-4	2409	9106	1	4	1	.1	0	818.269	1100
sqlserver	pk-xt-30K-1000-120-4	2409	9126	1	4	.25	1	0	885.976	1100
sqlserver	pk-xt-30K-1000-120-4	2409	9146	1	4	.5	1	0	871.504	1100
sqlserver	pk-xt-30K-1000-120-4	2409	9166	1	4	.75	1	0	884.606	1100
sqlserver	pk-xt-30K-1000-120-4	2409	9186	1	4	1	1	0	850.581	1100
sqlserver	pk-xt-30K-1000-120-6	3150	9567	1	6	.25	0	25	71.386	400
sqlserver	pk-xt-30K-1000-120-6	3150	9569	1	6	.5	0	25	55.071	500
sqlserver	pk-xt-30K-1000-120-6	3150	9571	1	6	.75	0	25	2625.182	500
sqlserver	pk-xt-30K-1000-120-6	3150	9573	1	6	1	0	25	3115.536	500
sqlserver	pk-xt-30K-1000-120-6	3150	9586	1	6	.25	0	50	4166.441	500
sqlserver	pk-xt-30K-1000-120-6	3150	9588	1	6	.5	0	50	4460.231	100
sqlserver	pk-xt-30K-1000-120-6	3150	9590	1	6	.75	0	50	3435.764	500
sqlserver	pk-xt-30K-1000-120-6	3150	9592	1	6	1	0	50	3197.325	500
sqlserver	pk-xt-30K-1000-120-6	3150	9594	1	6	.25	0	75	5253.927	400
sqlserver	pk-xt-30K-1000-120-6	3150	9596	1	6	.5	0	75	4217.497	500
sqlserver	pk-xt-30K-1000-120-6	3150	9606	1	6	.75	0	75	3297.024	500
sqlserver	pk-xt-30K-1000-120-6	3150	9608	1	6	1	0	75	2971.184	100
sqlserver	pk-xt-30K-1000-120-6	3150	9610	1	6	.25	0	100	4004.377	400
sqlserver	pk-xt-30K-1000-120-6	3150	9612	1	6	.5	0	100	3914.542	500
sqlserver	pk-xt-30K-1000-120-6	3150	9613	1	6	.75	0	100	3466.994	100
sqlserver	pk-xt-30K-1000-120-6	3150	9615	1	6	1	0	100	3677.207	500
sqlserver	pk-xt-30K-1000-120-6	3150	9627	1	6	.25	.01	0	525.924	1100
sqlserver	pk-xt-30K-1000-120-6	3150	9629	1	6	.5	.01	0	517.87	1100
sqlserver	pk-xt-30K-1000-120-6	3150	9631	1	6	.75	.01	0	510.035	1100
sqlserver	pk-xt-30K-1000-120-6	3150	9646	1	6	1	.01	0	501.75	1100
sqlserver	pk-xt-30K-1000-120-6	3150	9648	1	6	.25	.1	0	526.08	1100
sqlserver	pk-xt-30K-1000-120-6	3150	9650	1	6	.5	.1	0	520.014	1100
sqlserver	pk-xt-30K-1000-120-6	3150	9652	1	6	.75	.1	0	516.019	1100
sqlserver	pk-xt-30K-1000-120-6	3150	9654	1	6	1	.1	0	503.868	1100
sqlserver	pk-xt-30K-1000-120-6	3150	9667	1	6	.25	1	0	544.609	1100
sqlserver	pk-xt-30K-1000-120-6	3150	9669	1	6	.5	1	0	536.622	1100
sqlserver	pk-xt-30K-1000-120-6	3150	9671	1	6	.75	1	0	528.848	1100
sqlserver	pk-xt-30K-1000-120-6	3150	9673	1	6	1	1	0	521.032	1100
sqlserver	pk-xt-30K-1000-120-8	2049	9398	1	8	.25	0	25	71.015	1100
sqlserver	pk-xt-30K-1000-120-8	2049	9399	1	8	.5	0	25	69.961	800
sqlserver	pk-xt-30K-1000-120-8	2049	9400	1	8	.75	0	25	74.263	1100
sqlserver	pk-xt-30K-1000-120-8	2049	9401	1	8	1	0	25	74.674	1100
sqlserver	pk-xt-30K-1000-120-8	2049	9402	1	8	.25	0	50	68.875	1100
sqlserver	pk-xt-30K-1000-120-8	2049	9403	1	8	.5	0	50	75.767	800
sqlserver	pk-xt-30K-1000-120-8	2049	9404	1	8	.75	0	50	73.319	1100
sqlserver	pk-xt-30K-1000-120-8	2049	9405	1	8	1	0	50	73.127	1100
sqlserver	pk-xt-30K-1000-120-8	2049	9406	1	8	.25	0	75	71.489	1100
sqlserver	pk-xt-30K-1000-120-8	2049	9407	1	8	.5	0	75	75.888	800
sqlserver	pk-xt-30K-1000-120-8	2049	9408	1	8	.75	0	75	71.779	1100
sqlserver	pk-xt-30K-1000-120-8	2049	9410	1	8	1	0	75	74.136	1100
sqlserver	pk-xt-30K-1000-120-8	2049	9411	1	8	.25	0	100	70.131	1100
sqlserver	pk-xt-30K-1000-120-8	2049	9459	1	8	.5	0	100	74.851	800
sqlserver	pk-xt-30K-1000-120-8	2049	9460	1	8	.75	0	100	76.605	1100
sqlserver	pk-xt-30K-1000-120-8	2049	9461	1	8	1	0	100	73.493	800
sqlserver	pk-xt-30K-1000-120-8	2049	9462	1	8	.25	.01	0	387.592	1100
sqlserver	pk-xt-30K-1000-120-8	2049	9463	1	8	.5	.01	0	374.385	1100
sqlserver	pk-xt-30K-1000-120-8	2049	9464	1	8	.75	.01	0	368.982	1100
sqlserver	pk-xt-30K-1000-120-8	2049	9465	1	8	1	.01	0	362.485	1100
sqlserver	pk-xt-30K-1000-120-8	2049	9466	1	8	.25	.1	0	380.893	1100
sqlserver	pk-xt-30K-1000-120-8	2049	9467	1	8	.5	.1	0	375.2	1100
sqlserver	pk-xt-30K-1000-120-8	2049	9468	1	8	.75	.1	0	369.229	1100
sqlserver	pk-xt-30K-1000-120-8	2049	9469	1	8	1	.1	0	367.29	1100
sqlserver	pk-xt-30K-1000-120-8	2049	9470	1	8	.25	1	0	392.459	1100
sqlserver	pk-xt-30K-1000-120-8	2049	9471	1	8	.5	1	0	393.429	1100
sqlserver	pk-xt-30K-1000-120-8	2049	9472	1	8	.75	1	0	382.557	1100
sqlserver	pk-xt-30K-1000-120-8	2049	9473	1	8	1	1	0	376.428	1100
sqlserver	xt-30K-1000-120-2	2669	6066	0	2	.25	0	25	18912.215	400
sqlserver	xt-30K-1000-120-2	2669	6226	0	2	1	0	75	18938.389	400
sqlserver	xt-30K-1000-120-2	2669	6286	0	2	.25	.01	0	2704.321	1100
sqlserver	xt-30K-1000-120-2	2669	6287	0	2	.5	.01	0	2635.786	1100
sqlserver	xt-30K-1000-120-2	2669	6306	0	2	.75	.01	0	2869.596	1100
sqlserver	xt-30K-1000-120-2	2669	6307	0	2	1	.01	0	2575.633	1100
sqlserver	xt-30K-1000-120-2	2669	6486	0	2	.25	.1	0	2740.218	1100
sqlserver	xt-30K-1000-120-2	2669	6487	0	2	.5	.1	0	2670.629	1100
sqlserver	xt-30K-1000-120-2	2669	6506	0	2	.75	.1	0	2625.091	1100
sqlserver	xt-30K-1000-120-2	2669	6507	0	2	1	.1	0	2567.909	1100
sqlserver	xt-30K-1000-120-2	2669	6726	0	2	.25	1	0	2798.206	1100
sqlserver	xt-30K-1000-120-2	2669	6727	0	2	.5	1	0	2744.416	1100
sqlserver	xt-30K-1000-120-2	2669	6728	0	2	.75	1	0	2712.071	1100
sqlserver	xt-30K-1000-120-2	2669	6746	0	2	1	1	0	2623.663	1100
sqlserver	xt-30K-1000-120-4	2410	7746	0	4	.25	0	25	189.981	700
sqlserver	xt-30K-1000-120-4	2410	9345	0	4	.5	0	25	203.652	700
sqlserver	xt-30K-1000-120-4	2410	9346	0	4	.75	0	25	191.28	700
sqlserver	xt-30K-1000-120-4	2410	9347	0	4	1	0	25	204.576	700
sqlserver	xt-30K-1000-120-4	2410	9349	0	4	.25	0	50	15345.477	400
sqlserver	xt-30K-1000-120-4	2410	9350	0	4	.5	0	50	13330.901	100
sqlserver	xt-30K-1000-120-4	2410	9351	0	4	.75	0	50	11985.198	400
sqlserver	xt-30K-1000-120-4	2410	9352	0	4	1	0	50	11603.744	200
sqlserver	xt-30K-1000-120-4	2410	9354	0	4	.25	0	75	15281.088	400
sqlserver	xt-30K-1000-120-4	2410	9356	0	4	.5	0	75	14739.135	400
sqlserver	xt-30K-1000-120-4	2410	9366	0	4	.75	0	75	13255.368	400
sqlserver	xt-30K-1000-120-4	2410	9367	0	4	1	0	75	12234.643	100
sqlserver	xt-30K-1000-120-4	2410	9368	0	4	.25	0	100	16598.191	400
sqlserver	xt-30K-1000-120-4	2410	9369	0	4	.5	0	100	15266.824	400
sqlserver	xt-30K-1000-120-4	2410	9370	0	4	.75	0	100	13956.861	400
sqlserver	xt-30K-1000-120-4	2410	9371	0	4	1	0	100	13022.606	100
sqlserver	xt-30K-1000-120-4	2410	9372	0	4	.25	.01	0	954.009	1100
sqlserver	xt-30K-1000-120-4	2410	9387	0	4	.5	.01	0	929.794	1100
sqlserver	xt-30K-1000-120-4	2410	9388	0	4	.75	.01	0	911.263	1100
sqlserver	xt-30K-1000-120-4	2410	9389	0	4	1	.01	0	895.177	1100
sqlserver	xt-30K-1000-120-4	2410	9390	0	4	.25	.1	0	984.358	1100
sqlserver	xt-30K-1000-120-4	2410	9391	0	4	.5	.1	0	933.858	1100
sqlserver	xt-30K-1000-120-4	2410	9392	0	4	.75	.1	0	915.963	1100
sqlserver	xt-30K-1000-120-4	2410	9393	0	4	1	.1	0	882.57	1100
sqlserver	xt-30K-1000-120-4	2410	9394	0	4	.25	1	0	993.353	1100
sqlserver	xt-30K-1000-120-4	2410	9395	0	4	.5	1	0	967.551	1100
sqlserver	xt-30K-1000-120-4	2410	9396	0	4	.75	1	0	944.971	1100
sqlserver	xt-30K-1000-120-4	2410	9397	0	4	1	1	0	924.69	1100
sqlserver	xt-30K-1000-120-6	3189	9686	0	6	.25	0	25	4253.977	500
sqlserver	xt-30K-1000-120-6	3189	9706	0	6	.5	0	25	3591.58	500
sqlserver	xt-30K-1000-120-6	3189	9707	0	6	.75	0	25	2945.711	500
sqlserver	xt-30K-1000-120-6	3189	9708	0	6	1	0	25	2644.219	500
sqlserver	xt-30K-1000-120-6	3189	9709	0	6	.25	0	50	5393.523	100
sqlserver	xt-30K-1000-120-6	3189	9710	0	6	.5	0	50	4124.119	200
sqlserver	xt-30K-1000-120-6	3189	9711	0	6	.75	0	50	3569.605	300
sqlserver	xt-30K-1000-120-6	3189	9726	0	6	1	0	50	2791.52	400
sqlserver	xt-30K-1000-120-6	3189	9727	0	6	.25	0	75	6820.399	100
sqlserver	xt-30K-1000-120-6	3189	9728	0	6	.5	0	75	4762.806	100
sqlserver	xt-30K-1000-120-6	3189	9729	0	6	.75	0	75	3783.59	500
sqlserver	xt-30K-1000-120-6	3189	9730	0	6	1	0	75	3520.623	200
sqlserver	xt-30K-1000-120-6	3189	9731	0	6	.25	0	100	4609.886	100
sqlserver	xt-30K-1000-120-6	3189	9732	0	6	.5	0	100	4837.337	100
sqlserver	xt-30K-1000-120-6	3189	9733	0	6	.75	0	100	4556.037	100
sqlserver	xt-30K-1000-120-6	3189	9734	0	6	1	0	100	3699.591	100
sqlserver	xt-30K-1000-120-6	3189	9746	0	6	.25	.01	0	585.208	1100
sqlserver	xt-30K-1000-120-6	3189	9747	0	6	.5	.01	0	583.221	1100
sqlserver	xt-30K-1000-120-6	3189	9748	0	6	.75	.01	0	560.604	1100
sqlserver	xt-30K-1000-120-6	3189	9749	0	6	1	.01	0	550.479	1100
sqlserver	xt-30K-1000-120-6	3189	9750	0	6	.25	.1	0	585.188	1100
sqlserver	xt-30K-1000-120-6	3189	9751	0	6	.5	.1	0	571.856	1100
sqlserver	xt-30K-1000-120-6	3189	9752	0	6	.75	.1	0	566.381	1100
sqlserver	xt-30K-1000-120-6	3189	9766	0	6	1	.1	0	551.457	1100
sqlserver	xt-30K-1000-120-6	3189	9767	0	6	.25	1	0	601.359	1100
sqlserver	xt-30K-1000-120-6	3189	9768	0	6	.5	1	0	590.306	1100
sqlserver	xt-30K-1000-120-6	3189	9769	0	6	.75	1	0	577.56	1100
sqlserver	xt-30K-1000-120-6	3189	9770	0	6	1	1	0	566.892	1100
sqlserver	xt-30K-1000-120-8	2269	9286	0	8	.25	0	25	67.659	1100
sqlserver	xt-30K-1000-120-8	2269	9287	0	8	.5	0	25	76.978	800
sqlserver	xt-30K-1000-120-8	2269	9288	0	8	.75	0	25	76.508	1100
sqlserver	xt-30K-1000-120-8	2269	9289	0	8	1	0	25	75.262	1100
sqlserver	xt-30K-1000-120-8	2269	9290	0	8	.25	0	50	70.399	800
sqlserver	xt-30K-1000-120-8	2269	9291	0	8	.5	0	50	73.411	1100
sqlserver	xt-30K-1000-120-8	2269	9292	0	8	.75	0	50	76.215	800
sqlserver	xt-30K-1000-120-8	2269	9293	0	8	1	0	50	72.343	1100
sqlserver	xt-30K-1000-120-8	2269	9294	0	8	.25	0	75	74.265	800
sqlserver	xt-30K-1000-120-8	2269	9296	0	8	.5	0	75	78.529	800
sqlserver	xt-30K-1000-120-8	2269	9297	0	8	.75	0	75	79.881	800
sqlserver	xt-30K-1000-120-8	2269	9298	0	8	1	0	75	77.219	800
sqlserver	xt-30K-1000-120-8	2269	9299	0	8	.25	0	100	74.113	800
sqlserver	xt-30K-1000-120-8	2269	9300	0	8	.5	0	100	79.24	800
sqlserver	xt-30K-1000-120-8	2269	9301	0	8	.75	0	100	86.769	1100
sqlserver	xt-30K-1000-120-8	2269	9302	0	8	1	0	100	82.962	1100
sqlserver	xt-30K-1000-120-8	2269	9303	0	8	.25	.01	0	424.61	1100
sqlserver	xt-30K-1000-120-8	2269	9324	0	8	.5	.01	0	421.27	1100
sqlserver	xt-30K-1000-120-8	2269	9325	0	8	.75	.01	0	396.599	1100
sqlserver	xt-30K-1000-120-8	2269	9326	0	8	1	.01	0	397.028	1100
sqlserver	xt-30K-1000-120-8	2269	9327	0	8	.25	.1	0	421.22	1100
sqlserver	xt-30K-1000-120-8	2269	9330	0	8	.5	.1	0	414.372	1100
sqlserver	xt-30K-1000-120-8	2269	9331	0	8	.75	.1	0	404.86	1100
sqlserver	xt-30K-1000-120-8	2269	9332	0	8	1	.1	0	396.855	1100
sqlserver	xt-30K-1000-120-8	2269	9333	0	8	.25	1	0	434.18	1100
sqlserver	xt-30K-1000-120-8	2269	9335	0	8	.5	1	0	433.139	1100
sqlserver	xt-30K-1000-120-8	2269	9338	0	8	.75	1	0	419.72	1100
sqlserver	xt-30K-1000-120-8	2269	9386	0	8	1	1	0	410.36	1100
