EXPERIMENTNAME	DBMS	RUNID	BATCHSETID	PCTREAD	MPL	NUMEXTS		PROCTIME	TPS
pk-xt-1M-1000-120-1	pgsql	2789	7726	.01	100	697.4	12030969.6	5.808
pk-xt-1M-1000-120-1	pgsql	2789	7726	.01	200	735	24083244.6	6.119
pk-xt-1M-1000-120-1	pgsql	2789	7726	.01	300	770.6	35022254.6	6.414
pk-xt-1M-1000-120-1	pgsql	2789	7726	.01	400	836.6	45623124.8	6.958
pk-xt-1M-1000-120-1	pgsql	2789	7726	.01	500	890.8	54042674.2	7.404
pk-xt-1M-1000-120-1	pgsql	2789	7726	.01	600	944.6	65148286	7.854
pk-xt-1M-1000-120-1	pgsql	2789	7726	.01	700	980.6	68114289.2	7.905
pk-xt-1M-1000-120-1	pgsql	2789	7726	.01	800	983.8	70152038.6	7.935
pk-xt-1M-1000-120-1	pgsql	2789	7726	.01	900	957	64611659.2	7.517
pk-xt-1M-1000-120-1	pgsql	2789	7726	.01	1000	980.4	67738934.8	8.141
pk-xt-1M-1000-120-1	pgsql	2789	7747	.01	100	718.6	12022720.2	5.985
pk-xt-1M-1000-120-1	pgsql	2789	7747	.01	200	752.8	24168672	6.266
pk-xt-1M-1000-120-1	pgsql	2789	7747	.01	300	785.6	34699132.4	6.542
pk-xt-1M-1000-120-1	pgsql	2789	7747	.01	400	849.4	45206538.4	7.066
pk-xt-1M-1000-120-1	pgsql	2789	7747	.01	500	900.2	54192359.6	7.49
pk-xt-1M-1000-120-1	pgsql	2789	7747	.01	600	973	66706172.4	8.098
pk-xt-1M-1000-120-1	pgsql	2789	7747	.01	700	1027.2	69122565.6	7.852
pk-xt-1M-1000-120-1	pgsql	2789	7747	.01	800	994.2	67670963.2	7.897
pk-xt-1M-1000-120-1	pgsql	2789	7747	.01	900	1012.8	69361479	7.891
pk-xt-1M-1000-120-1	pgsql	2789	7747	.01	1000	990	66317491.6	8.214
pk-xt-1M-1000-120-1	pgsql	2789	7766	.01	100	727.4	12019959.4	6.054
pk-xt-1M-1000-120-1	pgsql	2789	7766	.01	200	777.8	23909578	6.469
pk-xt-1M-1000-120-1	pgsql	2789	7766	.01	300	810.2	34909855.2	6.746
pk-xt-1M-1000-120-1	pgsql	2789	7766	.01	400	878.2	45919647.6	7.304
pk-xt-1M-1000-120-1	pgsql	2789	7766	.01	500	913.8	53956007.4	7.596
pk-xt-1M-1000-120-1	pgsql	2789	7766	.01	600	992.2	64143345.6	8.213
pk-xt-1M-1000-120-1	pgsql	2789	7766	.01	700	1027.8	69243896.6	8.431
pk-xt-1M-1000-120-1	pgsql	2789	7766	.01	800	1022.8	69649776.8	8.182
pk-xt-1M-1000-120-1	pgsql	2789	7766	.01	900	1016.8	67230925	8.456
pk-xt-1M-1000-120-1	pgsql	2789	7766	.01	1000	1014.6	66522075.4	8.446
pk-xt-1M-1000-120-1	pgsql	2789	7786	.01	100	741	12010591.2	6.169
pk-xt-1M-1000-120-1	pgsql	2789	7786	.01	200	797.4	23951231	6.639
pk-xt-1M-1000-120-1	pgsql	2789	7786	.01	300	835.6	35034314.2	6.952
pk-xt-1M-1000-120-1	pgsql	2789	7786	.01	400	895	45736125.4	7.447
pk-xt-1M-1000-120-1	pgsql	2789	7786	.01	500	928.4	55550835	7.715
pk-xt-1M-1000-120-1	pgsql	2789	7786	.01	600	1006.4	63830419.2	8.344
pk-xt-1M-1000-120-1	pgsql	2789	7786	.01	700	1024	70708769.6	8.266
pk-xt-1M-1000-120-1	pgsql	2789	7786	.01	800	1052.2	70337436	8.56
pk-xt-1M-1000-120-1	pgsql	2789	7786	.01	900	1037.4	66562907.8	8.625
pk-xt-1M-1000-120-1	pgsql	2789	7786	.01	1000	1037.6	68203185.4	8.625
pk-xt-1M-1000-120-1	pgsql	2789	8126	.1	100	699	12057607.6	5.819
pk-xt-1M-1000-120-1	pgsql	2789	8126	.1	200	732.8	23902172.8	6.098
pk-xt-1M-1000-120-1	pgsql	2789	8126	.1	300	764	34746729.4	6.357
pk-xt-1M-1000-120-1	pgsql	2789	8126	.1	400	834.6	45369548.2	6.939
pk-xt-1M-1000-120-1	pgsql	2789	8126	.1	500	900.4	55341243.2	7.483
pk-xt-1M-1000-120-1	pgsql	2789	8126	.1	600	1060.6	71348504.8	8.82
pk-xt-1M-1000-120-1	pgsql	2789	8126	.1	700	1015.2	70524071.8	8.404
pk-xt-1M-1000-120-1	pgsql	2789	8126	.1	800	993.4	69949346.8	7.516
pk-xt-1M-1000-120-1	pgsql	2789	8126	.1	900	975.2	66764323.2	8.106
pk-xt-1M-1000-120-1	pgsql	2789	8126	.1	1000	971	66233052.8	8.069
pk-xt-1M-1000-120-1	pgsql	2789	8146	.1	100	719	12028064.6	5.983
pk-xt-1M-1000-120-1	pgsql	2789	8146	.1	200	750.8	23879975.2	6.254
pk-xt-1M-1000-120-1	pgsql	2789	8146	.1	300	786.4	34628259.2	6.542
pk-xt-1M-1000-120-1	pgsql	2789	8146	.1	400	849.8	45338264.6	7.064
pk-xt-1M-1000-120-1	pgsql	2789	8146	.1	500	922	56198262.6	7.67
pk-xt-1M-1000-120-1	pgsql	2789	8146	.1	600	1068.4	70411463.2	8.879
pk-xt-1M-1000-120-1	pgsql	2789	8146	.1	700	1031.4	69034843	8.565
pk-xt-1M-1000-120-1	pgsql	2789	8146	.1	800	1007.4	70381385	7.788
pk-xt-1M-1000-120-1	pgsql	2789	8146	.1	900	985.6	65494437	8.197
pk-xt-1M-1000-120-1	pgsql	2789	8146	.1	1000	982	65980536.2	8.171
pk-xt-1M-1000-120-1	pgsql	2789	8166	.1	100	746.2	12027311.8	6.215
pk-xt-1M-1000-120-1	pgsql	2789	8166	.1	200	779	23729014.2	6.484
pk-xt-1M-1000-120-1	pgsql	2789	8166	.1	300	817.2	34761347.4	6.788
pk-xt-1M-1000-120-1	pgsql	2789	8166	.1	400	866.4	45297333.2	7.212
pk-xt-1M-1000-120-1	pgsql	2789	8166	.1	500	944.6	56194158.6	7.856
pk-xt-1M-1000-120-1	pgsql	2789	8166	.1	600	1093	71152162.4	9.081
pk-xt-1M-1000-120-1	pgsql	2789	8166	.1	700	1187.2	85160555.8	9.877
pk-xt-1M-1000-120-1	pgsql	2789	8166	.1	800	1031.8	71282825.6	7.965
pk-xt-1M-1000-120-1	pgsql	2789	8166	.1	900	1006.6	66644875.2	8.37
pk-xt-1M-1000-120-1	pgsql	2789	8166	.1	1000	1008	66084893.4	7.902
pk-xt-1M-1000-120-1	pgsql	2789	8186	.1	100	750.2	12011134.6	6.244
pk-xt-1M-1000-120-1	pgsql	2789	8186	.1	200	801.6	23885327	6.675
pk-xt-1M-1000-120-1	pgsql	2789	8186	.1	300	824.8	34668149.8	6.861
pk-xt-1M-1000-120-1	pgsql	2789	8186	.1	400	893.6	45443059.6	7.42
pk-xt-1M-1000-120-1	pgsql	2789	8186	.1	500	962.4	56440592.2	7.995
pk-xt-1M-1000-120-1	pgsql	2789	8186	.1	600	1111.2	70867015	9.238
pk-xt-1M-1000-120-1	pgsql	2789	8186	.1	700	1236.8	91090230	10.271
pk-xt-1M-1000-120-1	pgsql	2789	8186	.1	800	1043.2	69779470.4	7.949
pk-xt-1M-1000-120-1	pgsql	2789	8186	.1	900	1037.2	66668647	8.612
pk-xt-1M-1000-120-1	pgsql	2789	8186	.1	1000	1035.8	67726329.4	8.614
pk-xt-1M-1000-120-1	pgsql	2789	8526	1	100	693.2	12029018.2	5.772
pk-xt-1M-1000-120-1	pgsql	2789	8526	1	200	744.8	24089944.8	6.198
pk-xt-1M-1000-120-1	pgsql	2789	8526	1	300	799.4	37330800.4	6.644
pk-xt-1M-1000-120-1	pgsql	2789	8526	1	400	830.8	52592824.4	6.22
pk-xt-1M-1000-120-1	pgsql	2789	8526	1	500	864	61925333.2	6.432
pk-xt-1M-1000-120-1	pgsql	2789	8526	1	600	646.4	52050106.2	4.876
pk-xt-1M-1000-120-1	pgsql	2789	8526	1	700	550.2	41508732.2	3.955
pk-xt-1M-1000-120-1	pgsql	2789	8526	1	800	670.8	40848201.8	4.551
pk-xt-1M-1000-120-1	pgsql	2789	8526	1	900	648.8	45498341.2	5.396
pk-xt-1M-1000-120-1	pgsql	2789	8526	1	1000	708.6	48782358.4	5.896
pk-xt-1M-1000-120-1	pgsql	2789	8547	1	100	703.8	12029718.6	5.857
pk-xt-1M-1000-120-1	pgsql	2789	8547	1	200	752.2	24073455.8	6.26
pk-xt-1M-1000-120-1	pgsql	2789	8547	1	300	806.6	36274972.2	6.715
pk-xt-1M-1000-120-1	pgsql	2789	8547	1	400	891.6	54910115.2	5.968
pk-xt-1M-1000-120-1	pgsql	2789	8547	1	500	885	62521223.4	7.36
pk-xt-1M-1000-120-1	pgsql	2789	8547	1	600	714	56161193.2	5.729
pk-xt-1M-1000-120-1	pgsql	2789	8547	1	700	536.2	43535913.2	3.985
pk-xt-1M-1000-120-1	pgsql	2789	8547	1	800	676.4	40430403.8	4.614
pk-xt-1M-1000-120-1	pgsql	2789	8547	1	900	659	46315226.4	5.482
pk-xt-1M-1000-120-1	pgsql	2789	8547	1	1000	780.6	52335184.8	6.495
pk-xt-1M-1000-120-1	pgsql	2789	8567	1	100	705.2	12210016.8	5.853
pk-xt-1M-1000-120-1	pgsql	2789	8567	1	200	771.6	24554192.2	6.422
pk-xt-1M-1000-120-1	pgsql	2789	8567	1	300	798.2	36333477.8	6.644
pk-xt-1M-1000-120-1	pgsql	2789	8567	1	400	850.6	52374229.6	5.538
pk-xt-1M-1000-120-1	pgsql	2789	8567	1	500	885.8	61815367.4	7.002
pk-xt-1M-1000-120-1	pgsql	2789	8567	1	600	1196.2	105116090.8	9.937
pk-xt-1M-1000-120-1	pgsql	2789	8567	1	700	591	44125192.6	4.405
pk-xt-1M-1000-120-1	pgsql	2789	8567	1	800	672.6	40729786.8	5.018
pk-xt-1M-1000-120-1	pgsql	2789	8567	1	900	698.2	48962369.6	5.809
pk-xt-1M-1000-120-1	pgsql	2789	8567	1	1000	759.6	50498173.2	6.324
pk-xt-1M-1000-120-1	pgsql	2789	8586	1	100	725.6	12017909.2	6.038
pk-xt-1M-1000-120-1	pgsql	2789	8586	1	200	788.2	24882616.2	6.56
pk-xt-1M-1000-120-1	pgsql	2789	8586	1	300	807.8	37283079.8	6.621
pk-xt-1M-1000-120-1	pgsql	2789	8586	1	400	879.8	52544731.8	5.905
pk-xt-1M-1000-120-1	pgsql	2789	8586	1	500	906	63775102.6	7.21
pk-xt-1M-1000-120-1	pgsql	2789	8586	1	600	1198.8	102237487.4	6.616
pk-xt-1M-1000-120-1	pgsql	2789	8586	1	700	585	47300516.2	4.59
pk-xt-1M-1000-120-1	pgsql	2789	8586	1	800	701.2	41732057.6	5.125
pk-xt-1M-1000-120-1	pgsql	2789	8586	1	900	721.4	50518977.8	6.005
pk-xt-1M-1000-120-1	pgsql	2789	8586	1	1000	805.6	53221345	6.702
pk-xt-1M-1000-120-2	pgsql	2612	9341	.01	100	712.8	11916020.2	5.939
pk-xt-1M-1000-120-2	pgsql	2612	9341	.01	200	796.2	23630398.2	6.634
pk-xt-1M-1000-120-2	pgsql	2612	9341	.01	300	885.8	35037353.4	7.381
pk-xt-1M-1000-120-2	pgsql	2612	9341	.01	400	847	46404285.2	7.058
pk-xt-1M-1000-120-2	pgsql	2612	9341	.01	500	998.4	57108835.8	8.319
pk-xt-1M-1000-120-2	pgsql	2612	9341	.01	600	1011.2	67808974.8	8.426
pk-xt-1M-1000-120-2	pgsql	2612	9341	.01	700	940.4	78095754	7.836
pk-xt-1M-1000-120-2	pgsql	2612	9341	.01	800	954.8	89488477.6	7.956
pk-xt-1M-1000-120-2	pgsql	2612	9341	.01	900	1041.2	98019665.6	8.676
pk-xt-1M-1000-120-2	pgsql	2612	9341	.01	1000	1125.6	109613085	9.379
pk-xt-1M-1000-120-2	pgsql	2612	9434	.01	100	749.6	11973166.4	6.246
pk-xt-1M-1000-120-2	pgsql	2612	9434	.01	200	800	23729270.6	6.666
pk-xt-1M-1000-120-2	pgsql	2612	9434	.01	300	894.6	35243433.4	7.455
pk-xt-1M-1000-120-2	pgsql	2612	9434	.01	400	827.8	44616509	6.898
pk-xt-1M-1000-120-2	pgsql	2612	9434	.01	500	1000.8	56909015.4	8.339
pk-xt-1M-1000-120-2	pgsql	2612	9434	.01	600	1050	68006497.8	8.749
pk-xt-1M-1000-120-2	pgsql	2612	9434	.01	700	969.8	78916407.2	8.081
pk-xt-1M-1000-120-2	pgsql	2612	9434	.01	800	975.6	89847448	8.129
pk-xt-1M-1000-120-2	pgsql	2612	9434	.01	900	1041.2	100280021	8.676
pk-xt-1M-1000-120-2	pgsql	2612	9434	.01	1000	1122.4	111419441.4	9.353
pk-xt-1M-1000-120-2	pgsql	2612	9436	.01	100	773.6	11987210.6	6.446
pk-xt-1M-1000-120-2	pgsql	2612	9436	.01	200	808.2	23708125.6	6.735
pk-xt-1M-1000-120-2	pgsql	2612	9436	.01	300	891.8	35126835.6	7.431
pk-xt-1M-1000-120-2	pgsql	2612	9436	.01	400	868.4	46437394.6	7.236
pk-xt-1M-1000-120-2	pgsql	2612	9436	.01	500	1004.4	57644849.8	8.37
pk-xt-1M-1000-120-2	pgsql	2612	9436	.01	600	1116.8	68787286.8	9.306
pk-xt-1M-1000-120-2	pgsql	2612	9436	.01	700	994.4	79094825	8.286
pk-xt-1M-1000-120-2	pgsql	2612	9436	.01	800	963.4	91027381.6	8.028
pk-xt-1M-1000-120-2	pgsql	2612	9436	.01	900	1027.8	101550114.8	8.564
pk-xt-1M-1000-120-2	pgsql	2612	9436	.01	1000	1119.6	111799163.2	9.33
pk-xt-1M-1000-120-2	pgsql	2612	9439	.01	100	775.2	11969235.4	6.46
pk-xt-1M-1000-120-2	pgsql	2612	9439	.01	200	817.2	23764255.6	6.81
pk-xt-1M-1000-120-2	pgsql	2612	9439	.01	300	901.2	35289792.6	7.51
pk-xt-1M-1000-120-2	pgsql	2612	9439	.01	400	881.8	46417894.4	7.348
pk-xt-1M-1000-120-2	pgsql	2612	9439	.01	500	1008	57466933	8.4
pk-xt-1M-1000-120-2	pgsql	2612	9439	.01	600	1138.6	68438285.4	9.487
pk-xt-1M-1000-120-2	pgsql	2612	9439	.01	700	1032.4	79559052	8.602
pk-xt-1M-1000-120-2	pgsql	2612	9439	.01	800	993	90877788.4	8.274
pk-xt-1M-1000-120-2	pgsql	2612	9439	.01	900	1034.8	101309468	8.623
pk-xt-1M-1000-120-2	pgsql	2612	9439	.01	1000	1096.2	113047243.6	9.135
pk-xt-1M-1000-120-2	pgsql	2612	9441	.1	100	717.4	11989734.8	5.978
pk-xt-1M-1000-120-2	pgsql	2612	9441	.1	200	797.6	23690747.4	6.646
pk-xt-1M-1000-120-2	pgsql	2612	9441	.1	300	877	35078728.2	7.308
pk-xt-1M-1000-120-2	pgsql	2612	9441	.1	400	852.4	46120952.6	7.103
pk-xt-1M-1000-120-2	pgsql	2612	9441	.1	500	995.2	56518670.8	8.292
pk-xt-1M-1000-120-2	pgsql	2612	9441	.1	600	987.4	67130479.4	8.228
pk-xt-1M-1000-120-2	pgsql	2612	9441	.1	700	937.8	78994852.4	7.814
pk-xt-1M-1000-120-2	pgsql	2612	9441	.1	800	975.4	89329182.4	8.127
pk-xt-1M-1000-120-2	pgsql	2612	9441	.1	900	1031.8	99228030.2	8.597
pk-xt-1M-1000-120-2	pgsql	2612	9441	.1	1000	1107	109544723.4	9.224
pk-xt-1M-1000-120-2	pgsql	2612	9443	.1	100	174965.2	11950241.8	1457.809
pk-xt-1M-1000-120-2	pgsql	2612	9443	.1	200	165398.8	23753156.4	1377.42
pk-xt-1M-1000-120-2	pgsql	2612	9443	.1	300	163229.6	34049393.4	1358.327
pk-xt-1M-1000-120-2	pgsql	2612	9443	.1	400	161333.4	44673598.6	1339.249
pk-xt-1M-1000-120-2	pgsql	2612	9443	.1	500	156663.2	56426458.6	1302.663
pk-xt-1M-1000-120-2	pgsql	2612	9443	.1	600	158550	65386331.8	1317.235
pk-xt-1M-1000-120-2	pgsql	2612	9443	.1	700	166644.6	78185322.2	1384.919
pk-xt-1M-1000-120-2	pgsql	2612	9443	.1	800	159122.4	86102043.4	1321.336
pk-xt-1M-1000-120-2	pgsql	2612	9443	.1	900	234027.4	86637637	1644.944
pk-xt-1M-1000-120-2	pgsql	2612	9443	.1	1000	292351.2	107844259.8	1867.777
pk-xt-1M-1000-120-2	pgsql	2612	9445	.1	100	763.4	11979531.8	6.361
pk-xt-1M-1000-120-2	pgsql	2612	9445	.1	200	805	23798533.4	6.708
pk-xt-1M-1000-120-2	pgsql	2612	9445	.1	300	898.2	35137188.4	7.484
pk-xt-1M-1000-120-2	pgsql	2612	9445	.1	400	879	46599453	7.324
pk-xt-1M-1000-120-2	pgsql	2612	9445	.1	500	1007.2	57661845.6	8.392
pk-xt-1M-1000-120-2	pgsql	2612	9445	.1	600	1109.6	68590796.8	9.246
pk-xt-1M-1000-120-2	pgsql	2612	9445	.1	700	998.8	79457593.4	8.323
pk-xt-1M-1000-120-2	pgsql	2612	9445	.1	800	978.8	91154929.6	8.156
pk-xt-1M-1000-120-2	pgsql	2612	9445	.1	900	1028.6	100953688.4	8.571
pk-xt-1M-1000-120-2	pgsql	2612	9445	.1	1000	1092.2	112119029.2	9.1
pk-xt-1M-1000-120-2	pgsql	2612	9447	.1	100	790	11978613.6	6.583
pk-xt-1M-1000-120-2	pgsql	2612	9447	.1	200	11493.8	23705247.2	95.77
pk-xt-1M-1000-120-2	pgsql	2612	9447	.1	300	891	35065343.4	7.424
pk-xt-1M-1000-120-2	pgsql	2612	9447	.1	400	891.6	46576291.4	7.429
pk-xt-1M-1000-120-2	pgsql	2612	9447	.1	500	1001.8	57898719.8	8.348
pk-xt-1M-1000-120-2	pgsql	2612	9447	.1	600	1147.8	68882553.4	9.565
pk-xt-1M-1000-120-2	pgsql	2612	9447	.1	700	1048.8	79446668.8	8.74
pk-xt-1M-1000-120-2	pgsql	2612	9447	.1	800	1028.6	90664316.4	8.571
pk-xt-1M-1000-120-2	pgsql	2612	9447	.1	900	1053.2	101870331.8	8.777
pk-xt-1M-1000-120-2	pgsql	2612	9447	.1	1000	1094.6	114894154	9.121
pk-xt-1M-1000-120-2	pgsql	2612	9448	1	100	702.2	11986913.8	5.851
pk-xt-1M-1000-120-2	pgsql	2612	9448	1	200	796.2	23719728	6.635
pk-xt-1M-1000-120-2	pgsql	2612	9448	1	300	842	34546496.8	7.016
pk-xt-1M-1000-120-2	pgsql	2612	9448	1	400	839.6	46301513.4	6.996
pk-xt-1M-1000-120-2	pgsql	2612	9448	1	500	991.6	56947421.4	8.263
pk-xt-1M-1000-120-2	pgsql	2612	9448	1	600	972	67745352.8	8.099
pk-xt-1M-1000-120-2	pgsql	2612	9448	1	700	902	76189757.2	7.516
pk-xt-1M-1000-120-2	pgsql	2612	9448	1	800	980.8	86835049.6	8.172
pk-xt-1M-1000-120-2	pgsql	2612	9448	1	900	980.4	93764363.4	8.137
pk-xt-1M-1000-120-2	pgsql	2612	9448	1	1000	1105.4	107898771	9.211
pk-xt-1M-1000-120-2	pgsql	2612	9450	1	100	726.4	11992671	6.053
pk-xt-1M-1000-120-2	pgsql	2612	9450	1	200	799.4	23800689.2	6.661
pk-xt-1M-1000-120-2	pgsql	2612	9450	1	300	888	35433689.6	7.399
pk-xt-1M-1000-120-2	pgsql	2612	9450	1	400	829	44852225.6	6.908
pk-xt-1M-1000-120-2	pgsql	2612	9450	1	500	997.4	57771841.8	8.311
pk-xt-1M-1000-120-2	pgsql	2612	9450	1	600	1034.2	68492456.6	8.617
pk-xt-1M-1000-120-2	pgsql	2612	9450	1	700	966	80915811.8	8.049
pk-xt-1M-1000-120-2	pgsql	2612	9450	1	800	970.8	88212134.4	8.089
pk-xt-1M-1000-120-2	pgsql	2612	9450	1	900	986	93378340.2	8.049
pk-xt-1M-1000-120-2	pgsql	2612	9450	1	1000	1111.6	111547311.8	9.065
pk-xt-1M-1000-120-2	pgsql	2612	9452	1	100	752.8	11976147.4	6.273
pk-xt-1M-1000-120-2	pgsql	2612	9452	1	200	801.4	23776547	6.678
pk-xt-1M-1000-120-2	pgsql	2612	9452	1	300	896.6	35431061.2	7.455
pk-xt-1M-1000-120-2	pgsql	2612	9452	1	400	849.4	45904088.6	7.078
pk-xt-1M-1000-120-2	pgsql	2612	9452	1	500	961.2	56096822.6	8.01
pk-xt-1M-1000-120-2	pgsql	2612	9452	1	600	1085.4	69296527.2	9.044
pk-xt-1M-1000-120-2	pgsql	2612	9452	1	700	967.6	79334359.2	8.063
pk-xt-1M-1000-120-2	pgsql	2612	9452	1	800	981	90781361.6	8.174
pk-xt-1M-1000-120-2	pgsql	2612	9452	1	900	1040.8	100103726.8	8.672
pk-xt-1M-1000-120-2	pgsql	2612	9452	1	1000	1113.8	110797379.4	9.28
pk-xt-1M-1000-120-2	pgsql	2612	9454	1	100	765.6	11994402.6	6.38
pk-xt-1M-1000-120-2	pgsql	2612	9454	1	200	793	23505911.6	6.608
pk-xt-1M-1000-120-2	pgsql	2612	9454	1	300	899.4	35555445.8	7.494
pk-xt-1M-1000-120-2	pgsql	2612	9454	1	400	835.4	45643353.8	6.962
pk-xt-1M-1000-120-2	pgsql	2612	9454	1	500	915	53429822.6	7.624
pk-xt-1M-1000-120-2	pgsql	2612	9454	1	600	1106.8	68767202.6	9.222
pk-xt-1M-1000-120-2	pgsql	2612	9454	1	700	1006.2	81605366.6	8.247
pk-xt-1M-1000-120-2	pgsql	2612	9454	1	800	990	90895966	8.25
pk-xt-1M-1000-120-2	pgsql	2612	9454	1	900	1041.2	100203502.2	8.676
pk-xt-1M-1000-120-2	pgsql	2612	9454	1	1000	1112	111915322.4	9.266
pk-xt-1M-1000-120-4	pgsql	2090	9438	.01	100	1413048	11998992.8	11774.766
pk-xt-1M-1000-120-4	pgsql	2090	9438	.01	200	1410874.2	23613290.2	11751.079
pk-xt-1M-1000-120-4	pgsql	2090	9438	.01	300	1441804.2	34963470.6	12014.181
pk-xt-1M-1000-120-4	pgsql	2090	9438	.01	400	1547715.4	46603102.4	12893.546
pk-xt-1M-1000-120-4	pgsql	2090	9438	.01	500	1505730.2	56873096.4	12545.958
pk-xt-1M-1000-120-4	pgsql	2090	9438	.01	600	1542019	67809155.8	12848.095
pk-xt-1M-1000-120-4	pgsql	2090	9438	.01	700	1597534	79919283.8	13288.618
pk-xt-1M-1000-120-4	pgsql	2090	9438	.01	800	1720520	81905235.8	14012.589
pk-xt-1M-1000-120-4	pgsql	2090	9438	.01	900	1644979.8	99661510	13469.652
pk-xt-1M-1000-120-4	pgsql	2090	9438	.01	1000	1906428.6	110833472.8	15160.372
pk-xt-1M-1000-120-4	pgsql	2090	9440	.01	100	1150.6	11975143.4	9.588
pk-xt-1M-1000-120-4	pgsql	2090	9440	.01	200	1273.6	23929534.4	10.613
pk-xt-1M-1000-120-4	pgsql	2090	9440	.01	300	1368.6	35963142.4	11.405
pk-xt-1M-1000-120-4	pgsql	2090	9440	.01	400	1440.8	47956764.8	12.007
pk-xt-1M-1000-120-4	pgsql	2090	9440	.01	500	1498.6	59903031.6	12.488
pk-xt-1M-1000-120-4	pgsql	2090	9440	.01	600	1602.8	71671559.6	13.357
pk-xt-1M-1000-120-4	pgsql	2090	9440	.01	700	1526	84042742.8	12.717
pk-xt-1M-1000-120-4	pgsql	2090	9440	.01	800	1609.2	95811456.8	13.41
pk-xt-1M-1000-120-4	pgsql	2090	9440	.01	900	1796.4	107603141.8	14.97
pk-xt-1M-1000-120-4	pgsql	2090	9440	.01	1000	1860.8	119206769.4	15.506
pk-xt-1M-1000-120-4	pgsql	2090	9442	.01	100	1196	11997950.6	9.967
pk-xt-1M-1000-120-4	pgsql	2090	9442	.01	200	1327.6	23978928.2	11.063
pk-xt-1M-1000-120-4	pgsql	2090	9442	.01	300	1394	35728331.8	11.617
pk-xt-1M-1000-120-4	pgsql	2090	9442	.01	400	1475.8	47473060	12.298
pk-xt-1M-1000-120-4	pgsql	2090	9442	.01	500	1500	60001626.8	12.5
pk-xt-1M-1000-120-4	pgsql	2090	9442	.01	600	1668	71847836.4	13.9
pk-xt-1M-1000-120-4	pgsql	2090	9442	.01	700	1537.4	83984623.4	12.812
pk-xt-1M-1000-120-4	pgsql	2090	9442	.01	800	1601	95376252	13.342
pk-xt-1M-1000-120-4	pgsql	2090	9442	.01	900	1794.8	107784731.2	14.957
pk-xt-1M-1000-120-4	pgsql	2090	9442	.01	1000	1891.6	119386873	15.763
pk-xt-1M-1000-120-4	pgsql	2090	9444	.01	100	1195.4	11954180.8	9.962
pk-xt-1M-1000-120-4	pgsql	2090	9444	.01	200	1343.6	23960808	11.197
pk-xt-1M-1000-120-4	pgsql	2090	9444	.01	300	1425.2	35949827.8	11.877
pk-xt-1M-1000-120-4	pgsql	2090	9444	.01	400	1514.6	47667831.2	12.622
pk-xt-1M-1000-120-4	pgsql	2090	9444	.01	500	1499	59934208.8	12.492
pk-xt-1M-1000-120-4	pgsql	2090	9444	.01	600	1688.2	71838585.4	14.068
pk-xt-1M-1000-120-4	pgsql	2090	9444	.01	700	1557	83196478.2	12.975
pk-xt-1M-1000-120-4	pgsql	2090	9444	.01	800	1610.4	95127773	13.42
pk-xt-1M-1000-120-4	pgsql	2090	9444	.01	900	1783.2	107315279.6	14.86
pk-xt-1M-1000-120-4	pgsql	2090	9444	.01	1000	1903	119468963.4	15.858
pk-xt-1M-1000-120-4	pgsql	2090	9446	.1	100	706.2	11904669.8	5.885
pk-xt-1M-1000-120-4	pgsql	2090	9446	.1	200	790.6	23519102	6.588
pk-xt-1M-1000-120-4	pgsql	2090	9446	.1	300	897.6	35919479.8	7.48
pk-xt-1M-1000-120-4	pgsql	2090	9446	.1	400	982.8	47675566.8	8.19
pk-xt-1M-1000-120-4	pgsql	2090	9446	.1	500	995.4	59753349.8	8.295
pk-xt-1M-1000-120-4	pgsql	2090	9446	.1	600	1185	71489602.6	9.875
pk-xt-1M-1000-120-4	pgsql	2090	9446	.1	700	1329.4	84045913.6	11.078
pk-xt-1M-1000-120-4	pgsql	2090	9446	.1	800	1182.4	96034629.8	9.853
pk-xt-1M-1000-120-4	pgsql	2090	9446	.1	900	1123.6	107925935.6	9.363
pk-xt-1M-1000-120-4	pgsql	2090	9446	.1	1000	1017.6	119527304.2	8.48
pk-xt-1M-1000-120-4	pgsql	2090	9449	.1	100	1155.4	11996507	9.628
pk-xt-1M-1000-120-4	pgsql	2090	9449	.1	200	1274	23965574	10.617
pk-xt-1M-1000-120-4	pgsql	2090	9449	.1	300	1368	35813505.4	11.4
pk-xt-1M-1000-120-4	pgsql	2090	9449	.1	400	1453.8	47836976.6	12.115
pk-xt-1M-1000-120-4	pgsql	2090	9449	.1	500	1498.6	59902687.8	12.488
pk-xt-1M-1000-120-4	pgsql	2090	9449	.1	600	1622.2	71982080.4	13.518
pk-xt-1M-1000-120-4	pgsql	2090	9449	.1	700	1526.6	83826783.6	12.722
pk-xt-1M-1000-120-4	pgsql	2090	9449	.1	800	1607	95840007	13.392
pk-xt-1M-1000-120-4	pgsql	2090	9449	.1	900	1797.8	107904182.4	14.982
pk-xt-1M-1000-120-4	pgsql	2090	9449	.1	1000	1857.4	119449978.4	15.478
pk-xt-1M-1000-120-4	pgsql	2090	9451	.1	100	1176	11998581.8	9.8
pk-xt-1M-1000-120-4	pgsql	2090	9451	.1	200	1319.8	23951319	10.998
pk-xt-1M-1000-120-4	pgsql	2090	9451	.1	300	1405.4	35866785.4	11.712
pk-xt-1M-1000-120-4	pgsql	2090	9451	.1	400	1496	47941520.6	12.467
pk-xt-1M-1000-120-4	pgsql	2090	9451	.1	500	1500	59876897	12.5
pk-xt-1M-1000-120-4	pgsql	2090	9451	.1	600	1650	72025964.4	13.75
pk-xt-1M-1000-120-4	pgsql	2090	9451	.1	700	1525	83703134.6	12.708
pk-xt-1M-1000-120-4	pgsql	2090	9451	.1	800	1607.6	95868047.6	13.397
pk-xt-1M-1000-120-4	pgsql	2090	9451	.1	900	1799.6	107963228.4	14.997
pk-xt-1M-1000-120-4	pgsql	2090	9451	.1	1000	1886.4	119520142.8	15.72
pk-xt-1M-1000-120-4	pgsql	2090	9453	.1	100	1207	11999872.4	10.058
pk-xt-1M-1000-120-4	pgsql	2090	9453	.1	200	1348.4	23962076	11.237
pk-xt-1M-1000-120-4	pgsql	2090	9453	.1	300	1433.2	35943443.4	11.943
pk-xt-1M-1000-120-4	pgsql	2090	9453	.1	400	1527	47925868	12.725
pk-xt-1M-1000-120-4	pgsql	2090	9453	.1	500	1504.6	59907193	12.538
pk-xt-1M-1000-120-4	pgsql	2090	9453	.1	600	1684	71922986.4	14.033
pk-xt-1M-1000-120-4	pgsql	2090	9453	.1	700	1555.4	82798852.8	12.962
pk-xt-1M-1000-120-4	pgsql	2090	9453	.1	800	1627.6	95962330.8	13.563
pk-xt-1M-1000-120-4	pgsql	2090	9453	.1	900	1799.4	107965270	14.995
pk-xt-1M-1000-120-4	pgsql	2090	9453	.1	1000	1904.4	119187310	15.87
pk-xt-1M-1000-120-4	pgsql	2090	9455	1	100	708.2	11995055.2	5.902
pk-xt-1M-1000-120-4	pgsql	2090	9455	1	200	803.8	23971891.2	6.698
pk-xt-1M-1000-120-4	pgsql	2090	9455	1	300	899.8	35981578.6	7.498
pk-xt-1M-1000-120-4	pgsql	2090	9455	1	400	967.4	47945698.6	8.062
pk-xt-1M-1000-120-4	pgsql	2090	9455	1	500	999.8	59894281.2	8.332
pk-xt-1M-1000-120-4	pgsql	2090	9455	1	600	1194	72046351.6	9.95
pk-xt-1M-1000-120-4	pgsql	2090	9455	1	700	1307.6	83787726.6	10.897
pk-xt-1M-1000-120-4	pgsql	2090	9455	1	800	1267	95294066.6	10.558
pk-xt-1M-1000-120-4	pgsql	2090	9455	1	900	1137.2	108134882	9.477
pk-xt-1M-1000-120-4	pgsql	2090	9455	1	1000	1030	119758514.8	8.579
pk-xt-1M-1000-120-4	pgsql	2090	9456	1	100	1149.2	11998376.4	9.577
pk-xt-1M-1000-120-4	pgsql	2090	9456	1	200	1249.2	23977288.2	10.41
pk-xt-1M-1000-120-4	pgsql	2090	9456	1	300	1340.2	35971384.4	11.168
pk-xt-1M-1000-120-4	pgsql	2090	9456	1	400	1418.8	47942772	11.823
pk-xt-1M-1000-120-4	pgsql	2090	9456	1	500	1493	59816188	12.442
pk-xt-1M-1000-120-4	pgsql	2090	9456	1	600	1588.8	71808975	13.24
pk-xt-1M-1000-120-4	pgsql	2090	9456	1	700	1496.2	84130683.4	12.468
pk-xt-1M-1000-120-4	pgsql	2090	9456	1	800	1606.4	95898131.4	13.387
pk-xt-1M-1000-120-4	pgsql	2090	9456	1	900	1792.4	107768089.2	14.937
pk-xt-1M-1000-120-4	pgsql	2090	9456	1	1000	1840.6	119660807.8	15.338
pk-xt-1M-1000-120-4	pgsql	2090	9457	1	100	1165.6	11978476.6	9.713
pk-xt-1M-1000-120-4	pgsql	2090	9457	1	200	1282.4	23989193.8	10.687
pk-xt-1M-1000-120-4	pgsql	2090	9457	1	300	1380	35966959.8	11.5
pk-xt-1M-1000-120-4	pgsql	2090	9457	1	400	1461.4	47930711	12.178
pk-xt-1M-1000-120-4	pgsql	2090	9457	1	500	1498.4	59936252	12.487
pk-xt-1M-1000-120-4	pgsql	2090	9457	1	600	1623.4	71856911.6	13.528
pk-xt-1M-1000-120-4	pgsql	2090	9457	1	700	1497.8	83754963	12.482
pk-xt-1M-1000-120-4	pgsql	2090	9457	1	800	1605	95872069.2	13.375
pk-xt-1M-1000-120-4	pgsql	2090	9457	1	900	1798.2	107863965	14.985
pk-xt-1M-1000-120-4	pgsql	2090	9457	1	1000	1869.8	119694801.6	15.581
pk-xt-1M-1000-120-4	pgsql	2090	9458	1	100	1185	11998888.4	9.875
pk-xt-1M-1000-120-4	pgsql	2090	9458	1	200	1327	23986338	11.058
pk-xt-1M-1000-120-4	pgsql	2090	9458	1	300	1405	35966788.6	11.708
pk-xt-1M-1000-120-4	pgsql	2090	9458	1	400	1486.6	47934880.8	12.388
pk-xt-1M-1000-120-4	pgsql	2090	9458	1	500	1500	59947549.2	12.5
pk-xt-1M-1000-120-4	pgsql	2090	9458	1	600	1663.8	71828721.4	13.865
pk-xt-1M-1000-120-4	pgsql	2090	9458	1	700	1530	84257786	12.75
pk-xt-1M-1000-120-4	pgsql	2090	9458	1	800	1617	96058844.4	13.475
pk-xt-1M-1000-120-4	pgsql	2090	9458	1	900	1799	108022558.4	14.992
pk-xt-1M-1000-120-4	pgsql	2090	9458	1	1000	1890	119617114.6	15.75
pk-xt-1M-1000-120-6	pgsql	3011	9626	.01	100	1852.8	11998513.2	15.44
pk-xt-1M-1000-120-6	pgsql	3011	9626	.01	200	1937.8	23940814.8	16.148
pk-xt-1M-1000-120-6	pgsql	3011	9626	.01	300	2079.6	35878255.6	17.33
pk-xt-1M-1000-120-6	pgsql	3011	9626	.01	400	2252.8	47567462.4	18.773
pk-xt-1M-1000-120-6	pgsql	3011	9626	.01	500	2439.8	59367987.2	20.331
pk-xt-1M-1000-120-6	pgsql	3011	9626	.01	600	2428.8	71849218.6	20.238
pk-xt-1M-1000-120-6	pgsql	3011	9626	.01	700	2649.8	83841988	22.076
pk-xt-1M-1000-120-6	pgsql	3011	9626	.01	800	2522.2	96928142.8	21.011
pk-xt-1M-1000-120-6	pgsql	3011	9626	.01	900	2708.4	110755751	22.552
pk-xt-1M-1000-120-6	pgsql	3011	9626	.01	1000	2850.4	123250846	23.744
pk-xt-1M-1000-120-6	pgsql	3011	9628	.01	100	1776.2	11959528.2	14.802
pk-xt-1M-1000-120-6	pgsql	3011	9628	.01	200	1960.6	23935110	16.338
pk-xt-1M-1000-120-6	pgsql	3011	9628	.01	300	2093.8	35785511	17.448
pk-xt-1M-1000-120-6	pgsql	3011	9628	.01	400	2264.4	47657075.6	18.87
pk-xt-1M-1000-120-6	pgsql	3011	9628	.01	500	2433.8	59480246.6	20.281
pk-xt-1M-1000-120-6	pgsql	3011	9628	.01	600	2472.6	71866789.2	20.603
pk-xt-1M-1000-120-6	pgsql	3011	9628	.01	700	2699.4	83916509.6	22.492
pk-xt-1M-1000-120-6	pgsql	3011	9628	.01	800	2546.2	95694699	21.212
pk-xt-1M-1000-120-6	pgsql	3011	9628	.01	900	2715	109339824.2	22.621
pk-xt-1M-1000-120-6	pgsql	3011	9628	.01	1000	2913.8	122097593.6	24.278
pk-xt-1M-1000-120-6	pgsql	3011	9630	.01	100	1999.8	11991361.2	16.665
pk-xt-1M-1000-120-6	pgsql	3011	9630	.01	200	2027.6	23929230.8	16.896
pk-xt-1M-1000-120-6	pgsql	3011	9630	.01	300	2136.6	35822265.2	17.805
pk-xt-1M-1000-120-6	pgsql	3011	9630	.01	400	2262	47578889.8	18.85
pk-xt-1M-1000-120-6	pgsql	3011	9630	.01	500	2436	59355035.2	20.299
pk-xt-1M-1000-120-6	pgsql	3011	9630	.01	600	2512.2	71641722.6	20.933
pk-xt-1M-1000-120-6	pgsql	3011	9630	.01	700	2715.4	83378315.6	22.626
pk-xt-1M-1000-120-6	pgsql	3011	9630	.01	800	2640.2	96473642.6	21.998
pk-xt-1M-1000-120-6	pgsql	3011	9630	.01	900	2747	108356461.4	22.885
pk-xt-1M-1000-120-6	pgsql	3011	9630	.01	1000	2927	121106743.8	24.39
pk-xt-1M-1000-120-6	pgsql	3011	9632	.01	100	1932.6	11987569.6	16.105
pk-xt-1M-1000-120-6	pgsql	3011	9632	.01	200	2130.8	23914207.6	17.757
pk-xt-1M-1000-120-6	pgsql	3011	9632	.01	300	2148.4	35805915.6	17.903
pk-xt-1M-1000-120-6	pgsql	3011	9632	.01	400	2309.4	47699090.4	19.245
pk-xt-1M-1000-120-6	pgsql	3011	9632	.01	500	2456.8	59398958.4	20.473
pk-xt-1M-1000-120-6	pgsql	3011	9632	.01	600	2592.6	71394645.8	21.604
pk-xt-1M-1000-120-6	pgsql	3011	9632	.01	700	2719.8	83407267.6	22.664
pk-xt-1M-1000-120-6	pgsql	3011	9632	.01	800	2718.4	95976277.6	22.65
pk-xt-1M-1000-120-6	pgsql	3011	9632	.01	900	2380.2	87329217.2	19.833
pk-xt-1M-1000-120-6	pgsql	3011	9632	.01	1000	2935.2	120807741.8	24.457
pk-xt-1M-1000-120-6	pgsql	3011	9647	.1	100	1757.8	11994187.2	14.648
pk-xt-1M-1000-120-6	pgsql	3011	9647	.1	200	1904	23930582	15.867
pk-xt-1M-1000-120-6	pgsql	3011	9647	.1	300	2076.8	35802495	17.307
pk-xt-1M-1000-120-6	pgsql	3011	9647	.1	400	2226	47624182	18.55
pk-xt-1M-1000-120-6	pgsql	3011	9647	.1	500	2438	59587167.4	20.316
pk-xt-1M-1000-120-6	pgsql	3011	9647	.1	600	2427.6	71756378.8	20.23
pk-xt-1M-1000-120-6	pgsql	3011	9647	.1	700	2630.8	85066701.6	21.922
pk-xt-1M-1000-120-6	pgsql	3011	9647	.1	800	2488.4	97475963.4	20.732
pk-xt-1M-1000-120-6	pgsql	3011	9647	.1	900	2699.2	110960446.2	22.486
pk-xt-1M-1000-120-6	pgsql	3011	9647	.1	1000	2848.4	123046885.6	23.731
pk-xt-1M-1000-120-6	pgsql	3011	9649	.1	100	1774.2	11990741.2	14.785
pk-xt-1M-1000-120-6	pgsql	3011	9649	.1	200	1949.6	23928833.2	16.247
pk-xt-1M-1000-120-6	pgsql	3011	9649	.1	300	1736.6	28704513.2	14.471
pk-xt-1M-1000-120-6	pgsql	3011	9649	.1	400	2251.6	47654315.6	18.763
pk-xt-1M-1000-120-6	pgsql	3011	9649	.1	500	2433.6	59476663.2	20.28
pk-xt-1M-1000-120-6	pgsql	3011	9649	.1	600	2493.2	71574846.8	20.776
pk-xt-1M-1000-120-6	pgsql	3011	9649	.1	700	2241	67252257.2	18.668
pk-xt-1M-1000-120-6	pgsql	3011	9649	.1	800	2509.8	97890712.8	20.912
pk-xt-1M-1000-120-6	pgsql	3011	9649	.1	900	2711.4	110042075.6	22.586
pk-xt-1M-1000-120-6	pgsql	3011	9649	.1	1000	2920.8	122537777.6	24.33
pk-xt-1M-1000-120-6	pgsql	3011	9651	.1	100	1853	11988829.6	15.442
pk-xt-1M-1000-120-6	pgsql	3011	9651	.1	200	1982	23942868	16.516
pk-xt-1M-1000-120-6	pgsql	3011	9651	.1	300	2124.4	35863313.8	17.703
pk-xt-1M-1000-120-6	pgsql	3011	9651	.1	400	2305.6	47658981	19.213
pk-xt-1M-1000-120-6	pgsql	3011	9651	.1	500	2465.2	59509843.8	20.543
pk-xt-1M-1000-120-6	pgsql	3011	9651	.1	600	2511.2	71693649.2	20.926
pk-xt-1M-1000-120-6	pgsql	3011	9651	.1	700	2696.6	83988678	22.466
pk-xt-1M-1000-120-6	pgsql	3011	9651	.1	800	2642	96598550.6	22.012
pk-xt-1M-1000-120-6	pgsql	3011	9651	.1	900	2728	109178472.2	22.724
pk-xt-1M-1000-120-6	pgsql	3011	9651	.1	1000	2938	123253506.2	24.474
pk-xt-1M-1000-120-6	pgsql	3011	9653	.1	100	1877.8	11990516	15.648
pk-xt-1M-1000-120-6	pgsql	3011	9653	.1	200	2103	23925550.2	17.525
pk-xt-1M-1000-120-6	pgsql	3011	9653	.1	300	2150	35811121.4	17.917
pk-xt-1M-1000-120-6	pgsql	3011	9653	.1	400	2280.8	47638113.6	19.007
pk-xt-1M-1000-120-6	pgsql	3011	9653	.1	500	2448.6	59296667.2	20.405
pk-xt-1M-1000-120-6	pgsql	3011	9653	.1	600	2564	71119037.4	21.367
pk-xt-1M-1000-120-6	pgsql	3011	9653	.1	700	2686.2	83842951	22.384
pk-xt-1M-1000-120-6	pgsql	3011	9653	.1	800	2718.8	96487806.6	22.653
pk-xt-1M-1000-120-6	pgsql	3011	9653	.1	900	2773	108963271.8	23.105
pk-xt-1M-1000-120-6	pgsql	3011	9653	.1	1000	2942	121745889.6	24.512
pk-xt-1M-1000-120-6	pgsql	3011	9666	1	100	1778	11990740.8	14.817
pk-xt-1M-1000-120-6	pgsql	3011	9666	1	200	1892.6	23958041	15.772
pk-xt-1M-1000-120-6	pgsql	3011	9666	1	300	2070.8	35777544	17.257
pk-xt-1M-1000-120-6	pgsql	3011	9666	1	400	2195.8	47567661.4	18.298
pk-xt-1M-1000-120-6	pgsql	3011	9666	1	500	2397.6	59738058.4	19.98
pk-xt-1M-1000-120-6	pgsql	3011	9666	1	600	2403	71910047.8	20.024
pk-xt-1M-1000-120-6	pgsql	3011	9666	1	700	2562.6	85154159.8	21.35
pk-xt-1M-1000-120-6	pgsql	3011	9666	1	800	2465.6	97612847.2	20.539
pk-xt-1M-1000-120-6	pgsql	3011	9666	1	900	2692.6	110164352.8	22.43
pk-xt-1M-1000-120-6	pgsql	3011	9666	1	1000	2737.4	121828462.8	22.808
pk-xt-1M-1000-120-6	pgsql	3011	9668	1	100	1784.2	11990553.2	14.868
pk-xt-1M-1000-120-6	pgsql	3011	9668	1	200	1930.6	23955887.4	16.088
pk-xt-1M-1000-120-6	pgsql	3011	9668	1	300	2067.6	35810484.6	17.23
pk-xt-1M-1000-120-6	pgsql	3011	9668	1	400	2205	47538312.4	18.375
pk-xt-1M-1000-120-6	pgsql	3011	9668	1	500	2405.6	59363440	20.046
pk-xt-1M-1000-120-6	pgsql	3011	9668	1	600	2435.6	72110726	20.255
pk-xt-1M-1000-120-6	pgsql	3011	9668	1	700	2635	84340599	21.955
pk-xt-1M-1000-120-6	pgsql	3011	9668	1	800	2505.6	97347941.6	20.876
pk-xt-1M-1000-120-6	pgsql	3011	9668	1	900	2704	110028542.6	22.528
pk-xt-1M-1000-120-6	pgsql	3011	9668	1	1000	2780.4	120406491.6	23.165
pk-xt-1M-1000-120-6	pgsql	3011	9670	1	100	1786.6	11988969	14.888
pk-xt-1M-1000-120-6	pgsql	3011	9670	1	200	1945.8	23924134.8	16.215
pk-xt-1M-1000-120-6	pgsql	3011	9670	1	300	2106.8	35760378.8	17.556
pk-xt-1M-1000-120-6	pgsql	3011	9670	1	400	2252.4	47518606.6	18.77
pk-xt-1M-1000-120-6	pgsql	3011	9670	1	500	2405.4	59391975.2	20.045
pk-xt-1M-1000-120-6	pgsql	3011	9670	1	600	2481	70926250	20.674
pk-xt-1M-1000-120-6	pgsql	3011	9670	1	700	2651.8	83903872.6	22.096
pk-xt-1M-1000-120-6	pgsql	3011	9670	1	800	2567.4	96456844.8	21.388
pk-xt-1M-1000-120-6	pgsql	3011	9670	1	900	2715.4	109272653.4	22.621
pk-xt-1M-1000-120-6	pgsql	3011	9670	1	1000	2871.4	121838807.6	23.865
pk-xt-1M-1000-120-6	pgsql	3011	9672	1	100	1795.6	11989769.2	14.963
pk-xt-1M-1000-120-6	pgsql	3011	9672	1	200	1993.8	23939121.4	16.615
pk-xt-1M-1000-120-6	pgsql	3011	9672	1	300	2120.4	35777934.2	17.67
pk-xt-1M-1000-120-6	pgsql	3011	9672	1	400	2282.6	47583094.4	19.021
pk-xt-1M-1000-120-6	pgsql	3011	9672	1	500	2399.4	59457339	19.995
pk-xt-1M-1000-120-6	pgsql	3011	9672	1	600	2509.2	71005464.8	20.909
pk-xt-1M-1000-120-6	pgsql	3011	9672	1	700	2639.8	83268147.8	21.998
pk-xt-1M-1000-120-6	pgsql	3011	9672	1	800	2637.4	95445270.4	21.976
pk-xt-1M-1000-120-6	pgsql	3011	9672	1	900	2740	107368634.2	22.831
pk-xt-1M-1000-120-6	pgsql	3011	9672	1	1000	2910.8	121115130.8	24.25
pk-xt-1M-1000-120-8	pgsql	2709	9409	.01	100	2273.6	11986909	18.947
pk-xt-1M-1000-120-8	pgsql	2709	9409	.01	200	2432.6	24086333.2	20.272
pk-xt-1M-1000-120-8	pgsql	2709	9409	.01	300	2515.6	35954840.4	20.963
pk-xt-1M-1000-120-8	pgsql	2709	9409	.01	400	2742.8	47856850.4	22.857
pk-xt-1M-1000-120-8	pgsql	2709	9409	.01	500	2961.2	59598834.4	24.677
pk-xt-1M-1000-120-8	pgsql	2709	9409	.01	600	3042.6	71252858.4	25.355
pk-xt-1M-1000-120-8	pgsql	2709	9409	.01	700	3262.4	83354810.4	27.185
pk-xt-1M-1000-120-8	pgsql	2709	9409	.01	800	3227.8	95904196.6	26.895
pk-xt-1M-1000-120-8	pgsql	2709	9409	.01	900	3394.8	107436046.2	28.286
pk-xt-1M-1000-120-8	pgsql	2709	9409	.01	1000	3288.6	119781817.2	27.401
pk-xt-1M-1000-120-8	pgsql	2709	9412	.01	100	2331.8	11925409.4	19.432
pk-xt-1M-1000-120-8	pgsql	2709	9412	.01	200	2426.2	23837808.4	20.218
pk-xt-1M-1000-120-8	pgsql	2709	9412	.01	300	2535.4	35684804.4	21.128
pk-xt-1M-1000-120-8	pgsql	2709	9412	.01	400	2756.4	47667105.6	22.97
pk-xt-1M-1000-120-8	pgsql	2709	9412	.01	500	2967.4	59246210	24.728
pk-xt-1M-1000-120-8	pgsql	2709	9412	.01	600	3151.4	71202120	26.262
pk-xt-1M-1000-120-8	pgsql	2709	9412	.01	700	3299.4	83400071.6	27.495
pk-xt-1M-1000-120-8	pgsql	2709	9412	.01	800	3265	95472615.4	27.208
pk-xt-1M-1000-120-8	pgsql	2709	9412	.01	900	3508	107862743.8	29.231
pk-xt-1M-1000-120-8	pgsql	2709	9412	.01	1000	3392.8	119936151.8	28.27
pk-xt-1M-1000-120-8	pgsql	2709	9414	.01	100	2381	11920574	19.842
pk-xt-1M-1000-120-8	pgsql	2709	9414	.01	200	2435.6	23779537.6	20.297
pk-xt-1M-1000-120-8	pgsql	2709	9414	.01	300	2592.8	35770228.4	21.607
pk-xt-1M-1000-120-8	pgsql	2709	9414	.01	400	2761.6	47536054.6	23.013
pk-xt-1M-1000-120-8	pgsql	2709	9414	.01	500	3053	59384205.6	25.442
pk-xt-1M-1000-120-8	pgsql	2709	9414	.01	600	3193.4	71196816	26.611
pk-xt-1M-1000-120-8	pgsql	2709	9414	.01	700	3341.8	83089338.2	27.848
pk-xt-1M-1000-120-8	pgsql	2709	9414	.01	800	3369.2	95047061.6	28.074
pk-xt-1M-1000-120-8	pgsql	2709	9414	.01	900	3527.4	107692536.6	29.392
pk-xt-1M-1000-120-8	pgsql	2709	9414	.01	1000	3540.4	120422822.2	29.497
pk-xt-1M-1000-120-8	pgsql	2709	9416	.01	100	2367.4	11905580	19.728
pk-xt-1M-1000-120-8	pgsql	2709	9416	.01	200	2463.8	23796071.8	20.532
pk-xt-1M-1000-120-8	pgsql	2709	9416	.01	300	2589.4	35724015	21.578
pk-xt-1M-1000-120-8	pgsql	2709	9416	.01	400	2821.8	47240963.6	23.515
pk-xt-1M-1000-120-8	pgsql	2709	9416	.01	500	3105.2	59015733.6	25.876
pk-xt-1M-1000-120-8	pgsql	2709	9416	.01	600	3262.4	71140115.4	27.187
pk-xt-1M-1000-120-8	pgsql	2709	9416	.01	700	3407.6	83535372	28.396
pk-xt-1M-1000-120-8	pgsql	2709	9416	.01	800	3437.8	95086542.2	28.648
pk-xt-1M-1000-120-8	pgsql	2709	9416	.01	900	3576.4	107425672.2	29.799
pk-xt-1M-1000-120-8	pgsql	2709	9416	.01	1000	3609.4	119764498	30.075
pk-xt-1M-1000-120-8	pgsql	2709	9419	.1	100	2238	11937912.2	18.65
pk-xt-1M-1000-120-8	pgsql	2709	9419	.1	200	2336.6	23833970	19.472
pk-xt-1M-1000-120-8	pgsql	2709	9419	.1	300	2547.8	35839711.6	21.232
pk-xt-1M-1000-120-8	pgsql	2709	9419	.1	400	2730.8	47574728.8	22.757
pk-xt-1M-1000-120-8	pgsql	2709	9419	.1	500	2933.6	59262429	24.447
pk-xt-1M-1000-120-8	pgsql	2709	9419	.1	600	3029	71551252.2	25.241
pk-xt-1M-1000-120-8	pgsql	2709	9419	.1	700	3227.6	83604885.4	26.896
pk-xt-1M-1000-120-8	pgsql	2709	9419	.1	800	3197	95559715.8	26.638
pk-xt-1M-1000-120-8	pgsql	2709	9419	.1	900	3449.2	108046635.8	28.74
pk-xt-1M-1000-120-8	pgsql	2709	9419	.1	1000	3223	120757705.4	26.852
pk-xt-1M-1000-120-8	pgsql	2709	9421	.1	100	2305	11954682	19.208
pk-xt-1M-1000-120-8	pgsql	2709	9421	.1	200	2357.6	23783956.6	19.647
pk-xt-1M-1000-120-8	pgsql	2709	9421	.1	300	2527.2	35676799	21.06
pk-xt-1M-1000-120-8	pgsql	2709	9421	.1	400	2738	47525078.6	22.817
pk-xt-1M-1000-120-8	pgsql	2709	9421	.1	500	2977.8	59570789.6	24.815
pk-xt-1M-1000-120-8	pgsql	2709	9421	.1	600	3094.6	71395419.2	25.788
pk-xt-1M-1000-120-8	pgsql	2709	9421	.1	700	3259.2	83366026.2	27.16
pk-xt-1M-1000-120-8	pgsql	2709	9421	.1	800	3254.4	95495923	27.117
pk-xt-1M-1000-120-8	pgsql	2709	9421	.1	900	3510.8	108103158.6	29.251
pk-xt-1M-1000-120-8	pgsql	2709	9421	.1	1000	3361.8	120576467.6	28.012
pk-xt-1M-1000-120-8	pgsql	2709	9423	.1	100	2354.6	11975560.8	19.622
pk-xt-1M-1000-120-8	pgsql	2709	9423	.1	200	2500.2	23853391	20.835
pk-xt-1M-1000-120-8	pgsql	2709	9423	.1	300	2573.8	35781223	21.448
pk-xt-1M-1000-120-8	pgsql	2709	9423	.1	400	2775.4	47658039.4	23.128
pk-xt-1M-1000-120-8	pgsql	2709	9423	.1	500	3036.4	59213267.4	25.303
pk-xt-1M-1000-120-8	pgsql	2709	9423	.1	600	3184.6	71498709.6	26.538
pk-xt-1M-1000-120-8	pgsql	2709	9423	.1	700	3336	83531838.2	27.8
pk-xt-1M-1000-120-8	pgsql	2709	9423	.1	800	3389.4	95583930	28.242
pk-xt-1M-1000-120-8	pgsql	2709	9423	.1	900	3529.4	108105969.6	29.41
pk-xt-1M-1000-120-8	pgsql	2709	9423	.1	1000	3499.8	119830404.4	29.157
pk-xt-1M-1000-120-8	pgsql	2709	9425	.1	100	2389.4	11946135.4	19.912
pk-xt-1M-1000-120-8	pgsql	2709	9425	.1	200	2450.4	23803830	20.42
pk-xt-1M-1000-120-8	pgsql	2709	9425	.1	300	2602	35732721.8	21.683
pk-xt-1M-1000-120-8	pgsql	2709	9425	.1	400	2805.4	47553074	23.378
pk-xt-1M-1000-120-8	pgsql	2709	9425	.1	500	3083.8	59307748.4	25.698
pk-xt-1M-1000-120-8	pgsql	2709	9425	.1	600	3240.4	71457975	27.003
pk-xt-1M-1000-120-8	pgsql	2709	9425	.1	700	3362.6	83547589	28.02
pk-xt-1M-1000-120-8	pgsql	2709	9425	.1	800	3454.8	95341276.2	28.788
pk-xt-1M-1000-120-8	pgsql	2709	9425	.1	900	3585.8	107601140.6	29.881
pk-xt-1M-1000-120-8	pgsql	2709	9425	.1	1000	3632.8	119836512.6	30.271
pk-xt-1M-1000-120-8	pgsql	2709	9428	1	100	2195.8	11938051	18.298
pk-xt-1M-1000-120-8	pgsql	2709	9428	1	200	2310.8	23814651.2	19.257
pk-xt-1M-1000-120-8	pgsql	2709	9428	1	300	2453.8	35809651.2	20.448
pk-xt-1M-1000-120-8	pgsql	2709	9428	1	400	2698	47636299.8	22.483
pk-xt-1M-1000-120-8	pgsql	2709	9428	1	500	2905	59304745.4	24.208
pk-xt-1M-1000-120-8	pgsql	2709	9428	1	600	2985.8	71462946.2	24.88
pk-xt-1M-1000-120-8	pgsql	2709	9428	1	700	3177.6	83563560.6	26.478
pk-xt-1M-1000-120-8	pgsql	2709	9428	1	800	3197.6	96190327.4	26.637
pk-xt-1M-1000-120-8	pgsql	2709	9428	1	900	3338.8	107930237.2	27.818
pk-xt-1M-1000-120-8	pgsql	2709	9428	1	1000	3159.2	121529872.2	26.296
pk-xt-1M-1000-120-8	pgsql	2709	9430	1	100	2240.2	11917409.4	18.668
pk-xt-1M-1000-120-8	pgsql	2709	9430	1	200	2343	23921195.2	19.525
pk-xt-1M-1000-120-8	pgsql	2709	9430	1	300	2512.6	35679502	20.938
pk-xt-1M-1000-120-8	pgsql	2709	9430	1	400	2695.2	47359616	22.46
pk-xt-1M-1000-120-8	pgsql	2709	9430	1	500	2934.6	59452336.8	24.455
pk-xt-1M-1000-120-8	pgsql	2709	9430	1	600	3061.8	71541923.6	25.515
pk-xt-1M-1000-120-8	pgsql	2709	9430	1	700	3235.4	83412655.2	26.96
pk-xt-1M-1000-120-8	pgsql	2709	9430	1	800	3222.6	95310998.2	26.853
pk-xt-1M-1000-120-8	pgsql	2709	9430	1	900	3420.8	107442020	28.502
pk-xt-1M-1000-120-8	pgsql	2709	9430	1	1000	3296.8	119988386.6	27.465
pk-xt-1M-1000-120-8	pgsql	2709	9432	1	100	2336.2	11943441.6	19.468
pk-xt-1M-1000-120-8	pgsql	2709	9432	1	200	2365	23832117	19.708
pk-xt-1M-1000-120-8	pgsql	2709	9432	1	300	2557.8	35767925.6	21.315
pk-xt-1M-1000-120-8	pgsql	2709	9432	1	400	2696.2	47407291.6	22.468
pk-xt-1M-1000-120-8	pgsql	2709	9432	1	500	3016.6	59628494.4	25.138
pk-xt-1M-1000-120-8	pgsql	2709	9432	1	600	3103.8	71405542	25.865
pk-xt-1M-1000-120-8	pgsql	2709	9432	1	700	3303.4	83357699.2	27.528
pk-xt-1M-1000-120-8	pgsql	2709	9432	1	800	3292.2	95118369.2	27.434
pk-xt-1M-1000-120-8	pgsql	2709	9432	1	900	3482.2	107471088	29.017
pk-xt-1M-1000-120-8	pgsql	2709	9432	1	1000	3399.2	120227910.6	28.321
pk-xt-1M-1000-120-8	pgsql	2709	9437	1	100	2472	11946314.2	20.6
pk-xt-1M-1000-120-8	pgsql	2709	9437	1	200	2508.6	23809419.8	20.905
pk-xt-1M-1000-120-8	pgsql	2709	9437	1	300	2595.4	35647734.4	21.628
pk-xt-1M-1000-120-8	pgsql	2709	9437	1	400	2767.6	47642902.6	23.063
pk-xt-1M-1000-120-8	pgsql	2709	9437	1	500	3033.8	59366251.4	25.282
pk-xt-1M-1000-120-8	pgsql	2709	9437	1	600	3220.4	71354924.4	26.836
pk-xt-1M-1000-120-8	pgsql	2709	9437	1	700	3312.8	83195097.8	27.606
pk-xt-1M-1000-120-8	pgsql	2709	9437	1	800	3395.6	94964252.2	28.295
pk-xt-1M-1000-120-8	pgsql	2709	9437	1	900	3531	107458986	29.421
pk-xt-1M-1000-120-8	pgsql	2709	9437	1	1000	3517.4	119092105.4	29.311
xt-1M-1000-120-1	pgsql	2829	2123	.01	100	706	11980559	5.878
xt-1M-1000-120-1	pgsql	2829	2123	.01	200	746.4	24007374.6	6.213
xt-1M-1000-120-1	pgsql	2829	2123	.01	300	784.8	34770059.8	6.53
xt-1M-1000-120-1	pgsql	2829	2123	.01	400	837.6	45579967.2	6.953
xt-1M-1000-120-1	pgsql	2829	2123	.01	500	882.8	51918807	7.313
xt-1M-1000-120-1	pgsql	2829	2123	.01	600	906.6	61851111.4	7.525
xt-1M-1000-120-1	pgsql	2829	2123	.01	700	929.2	57826379.2	5.796
xt-1M-1000-120-1	pgsql	2829	2123	.01	800	922.6	57404065	7.673
xt-1M-1000-120-1	pgsql	2829	2123	.01	900	955	64620765.6	6.887
xt-1M-1000-120-1	pgsql	2829	2123	.01	1000	920	56420720.6	7.632
xt-1M-1000-120-1	pgsql	2829	2142	.01	100	731.2	12081937.6	6.091
xt-1M-1000-120-1	pgsql	2829	2142	.01	200	767.4	23838290.8	6.383
xt-1M-1000-120-1	pgsql	2829	2142	.01	300	808.2	35369150.6	6.717
xt-1M-1000-120-1	pgsql	2829	2142	.01	400	845.2	44199912.6	7.029
xt-1M-1000-120-1	pgsql	2829	2142	.01	500	908.4	52306445	7.545
xt-1M-1000-120-1	pgsql	2829	2142	.01	600	951.8	61356882.8	7.915
xt-1M-1000-120-1	pgsql	2829	2142	.01	700	960.2	59508251	6.068
xt-1M-1000-120-1	pgsql	2829	2142	.01	800	939	56683182.8	7.802
xt-1M-1000-120-1	pgsql	2829	2142	.01	900	956.6	61402935.6	7.482
xt-1M-1000-120-1	pgsql	2829	2142	.01	1000	947.6	57472229.6	7.869
xt-1M-1000-120-1	pgsql	2829	2144	.01	100	754	12071999	6.279
xt-1M-1000-120-1	pgsql	2829	2144	.01	200	800.6	24087060.6	6.663
xt-1M-1000-120-1	pgsql	2829	2144	.01	300	833.8	34737775.8	6.933
xt-1M-1000-120-1	pgsql	2829	2144	.01	400	867.2	44347346.2	7.213
xt-1M-1000-120-1	pgsql	2829	2144	.01	500	930	52107647.8	7.736
xt-1M-1000-120-1	pgsql	2829	2144	.01	600	946.2	58141033.4	7.618
xt-1M-1000-120-1	pgsql	2829	2144	.01	700	973.8	58218147.4	7.333
xt-1M-1000-120-1	pgsql	2829	2144	.01	800	965.8	56592466	8.029
xt-1M-1000-120-1	pgsql	2829	2144	.01	900	973	59773500.6	7.585
xt-1M-1000-120-1	pgsql	2829	2144	.01	1000	960	56454044	7.974
xt-1M-1000-120-1	pgsql	2829	2147	.01	100	773	12026327.8	6.438
xt-1M-1000-120-1	pgsql	2829	2147	.01	200	817.6	24153953.2	6.803
xt-1M-1000-120-1	pgsql	2829	2147	.01	300	849.8	34695686.4	7.068
xt-1M-1000-120-1	pgsql	2829	2147	.01	400	892.6	44584557.8	7.416
xt-1M-1000-120-1	pgsql	2829	2147	.01	500	939.2	52747205.6	7.804
xt-1M-1000-120-1	pgsql	2829	2147	.01	600	986.2	60430841.6	8.182
xt-1M-1000-120-1	pgsql	2829	2147	.01	700	1000.6	59205093.6	7.303
xt-1M-1000-120-1	pgsql	2829	2147	.01	800	991.4	57700254.8	8.243
xt-1M-1000-120-1	pgsql	2829	2147	.01	900	993.6	57952352.4	8.253
xt-1M-1000-120-1	pgsql	2829	2147	.01	1000	997.2	57632992.6	8.272
xt-1M-1000-120-1	pgsql	2829	2503	.1	100	705.6	12017000.2	5.875
xt-1M-1000-120-1	pgsql	2829	2503	.1	200	742.8	23823356.8	6.182
xt-1M-1000-120-1	pgsql	2829	2503	.1	300	776.6	34563934.2	6.449
xt-1M-1000-120-1	pgsql	2829	2503	.1	400	832.8	44967429.8	6.91
xt-1M-1000-120-1	pgsql	2829	2503	.1	500	948.6	56931993.4	7.881
xt-1M-1000-120-1	pgsql	2829	2503	.1	600	935.4	62643645.4	7.717
xt-1M-1000-120-1	pgsql	2829	2503	.1	700	625	43656911.6	4.99
xt-1M-1000-120-1	pgsql	2829	2503	.1	800	924.6	57653395.4	7.674
xt-1M-1000-120-1	pgsql	2829	2503	.1	900	924.2	57411884.8	7.689
xt-1M-1000-120-1	pgsql	2829	2503	.1	1000	918.6	55454606.2	7.49
xt-1M-1000-120-1	pgsql	2829	2522	.1	100	732.6	12027557.6	6.099
xt-1M-1000-120-1	pgsql	2829	2522	.1	200	769.2	23774263.8	6.403
xt-1M-1000-120-1	pgsql	2829	2522	.1	300	799.4	34483037	6.648
xt-1M-1000-120-1	pgsql	2829	2522	.1	400	848.4	44769902.8	7.054
xt-1M-1000-120-1	pgsql	2829	2522	.1	500	942.4	56474499	7.837
xt-1M-1000-120-1	pgsql	2829	2522	.1	600	1023.6	68624199.2	8.5
xt-1M-1000-120-1	pgsql	2829	2522	.1	700	947.6	57548942.2	7.853
xt-1M-1000-120-1	pgsql	2829	2522	.1	800	948.8	57802908.2	7.423
xt-1M-1000-120-1	pgsql	2829	2522	.1	900	944	57062594.4	7.831
xt-1M-1000-120-1	pgsql	2829	2522	.1	1000	951.6	59858458.8	7.426
xt-1M-1000-120-1	pgsql	2829	2541	.1	100	759	12025961.6	6.322
xt-1M-1000-120-1	pgsql	2829	2541	.1	200	789	23814788.8	6.567
xt-1M-1000-120-1	pgsql	2829	2541	.1	300	824.2	34632438	6.854
xt-1M-1000-120-1	pgsql	2829	2541	.1	400	864.4	44418905.6	7.18
xt-1M-1000-120-1	pgsql	2829	2541	.1	500	972.8	56372138.8	8.076
xt-1M-1000-120-1	pgsql	2829	2541	.1	600	1120	73493959.2	9.312
xt-1M-1000-120-1	pgsql	2829	2541	.1	700	963.4	59087705.4	8.012
xt-1M-1000-120-1	pgsql	2829	2541	.1	800	978.8	58240333.6	8.142
xt-1M-1000-120-1	pgsql	2829	2541	.1	900	963.4	56839708.2	7.561
xt-1M-1000-120-1	pgsql	2829	2541	.1	1000	964.8	56890424.8	8.011
xt-1M-1000-120-1	pgsql	2829	2561	.1	100	824.4	12016869.2	6.865
xt-1M-1000-120-1	pgsql	2829	2561	.1	200	820.4	23743752.6	6.832
xt-1M-1000-120-1	pgsql	2829	2561	.1	300	859.8	34647218.4	7.157
xt-1M-1000-120-1	pgsql	2829	2561	.1	400	888.6	43997877.8	7.378
xt-1M-1000-120-1	pgsql	2829	2561	.1	500	990.4	56973167	8.219
xt-1M-1000-120-1	pgsql	2829	2561	.1	600	1117.2	71967069.2	9.273
xt-1M-1000-120-1	pgsql	2829	2561	.1	700	1193.4	84997092.8	9.896
xt-1M-1000-120-1	pgsql	2829	2561	.1	800	993.2	57423474.4	7.811
xt-1M-1000-120-1	pgsql	2829	2561	.1	900	1014.2	60007617.4	8.419
xt-1M-1000-120-1	pgsql	2829	2561	.1	1000	1002.8	59610323	8.347
xt-1M-1000-120-1	pgsql	2829	4105	1	100	709	12014408.4	5.902
xt-1M-1000-120-1	pgsql	2829	4105	1	200	735.8	25176059.8	5.866
xt-1M-1000-120-1	pgsql	2829	4105	1	300	812.8	36345504.6	6.759
xt-1M-1000-120-1	pgsql	2829	4105	1	400	855	53347718.8	6.141
xt-1M-1000-120-1	pgsql	2829	4105	1	500	683.6	46642466.8	5.5
xt-1M-1000-120-1	pgsql	2829	4105	1	600	566	44585317.2	4.235
xt-1M-1000-120-1	pgsql	2829	4105	1	700	477.4	38914608	3.357
xt-1M-1000-120-1	pgsql	2829	4105	1	800	646.6	37597117.8	4.258
xt-1M-1000-120-1	pgsql	2829	4105	1	900	690.8	48579299.8	5.542
xt-1M-1000-120-1	pgsql	2829	4105	1	1000	753.6	50122759.4	6.272
xt-1M-1000-120-1	pgsql	2829	4124	1	100	710.8	12093301.8	5.919
xt-1M-1000-120-1	pgsql	2829	4124	1	200	780.8	25554279.8	6.381
xt-1M-1000-120-1	pgsql	2829	4124	1	300	794.6	37235137.4	6.412
xt-1M-1000-120-1	pgsql	2829	4124	1	400	921.6	53790915.4	6.476
xt-1M-1000-120-1	pgsql	2829	4124	1	500	761	53601362.6	6.307
xt-1M-1000-120-1	pgsql	2829	4124	1	600	625.2	48124800.2	5.01
xt-1M-1000-120-1	pgsql	2829	4124	1	700	568.6	38757070.2	4.008
xt-1M-1000-120-1	pgsql	2829	4124	1	800	696.2	42041824.6	4.959
xt-1M-1000-120-1	pgsql	2829	4124	1	900	705.6	50042727	5.668
xt-1M-1000-120-1	pgsql	2829	4124	1	1000	778	50772648	6.465
xt-1M-1000-120-1	pgsql	2829	4125	1	100	722.4	12160638.6	5.959
xt-1M-1000-120-1	pgsql	2829	4125	1	200	766	24837759.4	6.054
xt-1M-1000-120-1	pgsql	2829	4125	1	300	797.4	36228349.6	6.448
xt-1M-1000-120-1	pgsql	2829	4125	1	400	915.2	54634095.8	6.442
xt-1M-1000-120-1	pgsql	2829	4125	1	500	900.6	61770784.4	7.473
xt-1M-1000-120-1	pgsql	2829	4125	1	600	1072.6	95023020.8	8.075
xt-1M-1000-120-1	pgsql	2829	4125	1	700	516.6	41602342.8	3.779
xt-1M-1000-120-1	pgsql	2829	4125	1	800	663.8	38600375	4.724
xt-1M-1000-120-1	pgsql	2829	4125	1	900	723	50289113.2	5.845
xt-1M-1000-120-1	pgsql	2829	4125	1	1000	781.8	50717205.6	6.505
xt-1M-1000-120-1	pgsql	2829	4144	1	100	758.2	12034713.6	6.293
xt-1M-1000-120-1	pgsql	2829	4144	1	200	769.2	24020766.8	6.204
xt-1M-1000-120-1	pgsql	2829	4144	1	300	786.2	36059478.2	6.54
xt-1M-1000-120-1	pgsql	2829	4144	1	400	944.6	53314723	7.495
xt-1M-1000-120-1	pgsql	2829	4144	1	500	888.4	60771652	7.383
xt-1M-1000-120-1	pgsql	2829	4144	1	600	1200.4	103884204.6	9.303
xt-1M-1000-120-1	pgsql	2829	4144	1	700	547.4	43506530.8	4.124
xt-1M-1000-120-1	pgsql	2829	4144	1	800	680.4	38691490.8	4.677
xt-1M-1000-120-1	pgsql	2829	4144	1	900	759.2	52542992.8	6.129
xt-1M-1000-120-1	pgsql	2829	4144	1	1000	798.4	51364890.6	6.641
xt-1M-1000-120-2	pgsql	2769	902	.01	100	716.6	11890539.4	5.972
xt-1M-1000-120-2	pgsql	2769	902	.01	200	800	23714166.2	6.666
xt-1M-1000-120-2	pgsql	2769	902	.01	300	882.6	35115853.8	7.355
xt-1M-1000-120-2	pgsql	2769	902	.01	400	858.4	46070404.8	7.153
xt-1M-1000-120-2	pgsql	2769	902	.01	500	1002.2	57461504.2	8.351
xt-1M-1000-120-2	pgsql	2769	902	.01	600	991.4	67541542.4	8.261
xt-1M-1000-120-2	pgsql	2769	902	.01	700	937.8	78175696.4	7.815
xt-1M-1000-120-2	pgsql	2769	902	.01	800	960	89681203.8	7.999
xt-1M-1000-120-2	pgsql	2769	902	.01	900	1035.4	97985978.8	8.625
xt-1M-1000-120-2	pgsql	2769	902	.01	1000	1132.2	107614432.6	9.434
xt-1M-1000-120-2	pgsql	2769	941	.01	100	750	11980203	6.25
xt-1M-1000-120-2	pgsql	2769	941	.01	200	791.4	23479608.4	6.595
xt-1M-1000-120-2	pgsql	2769	941	.01	300	893.6	35311600.4	7.447
xt-1M-1000-120-2	pgsql	2769	941	.01	400	863	46356946.8	7.191
xt-1M-1000-120-2	pgsql	2769	941	.01	500	1004.2	57738133	8.368
xt-1M-1000-120-2	pgsql	2769	941	.01	600	1094	68552976.4	9.116
xt-1M-1000-120-2	pgsql	2769	941	.01	700	965.8	79154905.8	8.048
xt-1M-1000-120-2	pgsql	2769	941	.01	800	986.6	88980918	8.221
xt-1M-1000-120-2	pgsql	2769	941	.01	900	1034.8	99443076	8.62
xt-1M-1000-120-2	pgsql	2769	941	.01	1000	1130.2	108681357.8	9.417
xt-1M-1000-120-2	pgsql	2769	962	.01	100	771.4	11981178.2	6.428
xt-1M-1000-120-2	pgsql	2769	962	.01	200	806.8	23787047	6.723
xt-1M-1000-120-2	pgsql	2769	962	.01	300	897.6	35301450.2	7.479
xt-1M-1000-120-2	pgsql	2769	962	.01	400	886.4	46312490.6	7.386
xt-1M-1000-120-2	pgsql	2769	962	.01	500	1008	57708044	8.4
xt-1M-1000-120-2	pgsql	2769	962	.01	600	1123.8	68890301.4	9.364
xt-1M-1000-120-2	pgsql	2769	962	.01	700	1007.2	79612095.6	8.393
xt-1M-1000-120-2	pgsql	2769	962	.01	800	1024.2	88832322.8	8.535
xt-1M-1000-120-2	pgsql	2769	962	.01	900	1036.6	100717313.8	8.636
xt-1M-1000-120-2	pgsql	2769	962	.01	1000	1119.6	109771582.4	9.329
xt-1M-1000-120-2	pgsql	2769	1001	.01	100	791.6	11996438.6	6.596
xt-1M-1000-120-2	pgsql	2769	1001	.01	200	814.8	23800481.6	6.79
xt-1M-1000-120-2	pgsql	2769	1001	.01	300	901.4	35291743.6	7.511
xt-1M-1000-120-2	pgsql	2769	1001	.01	400	900.8	46773355.6	7.506
xt-1M-1000-120-2	pgsql	2769	1001	.01	500	1011.4	57387100.4	8.428
xt-1M-1000-120-2	pgsql	2769	1001	.01	600	1143	68416498.4	9.524
xt-1M-1000-120-2	pgsql	2769	1001	.01	700	1043.2	79423502.8	8.693
xt-1M-1000-120-2	pgsql	2769	1001	.01	800	1022	89843686.8	8.516
xt-1M-1000-120-2	pgsql	2769	1001	.01	900	1042.4	101302806	8.686
xt-1M-1000-120-2	pgsql	2769	1001	.01	1000	1111.4	110705430.4	9.261
xt-1M-1000-120-2	pgsql	2769	1441	.1	100	716.4	11981322.4	5.97
xt-1M-1000-120-2	pgsql	2769	1441	.1	200	799.2	23757586.4	6.66
xt-1M-1000-120-2	pgsql	2769	1441	.1	300	886	35335690.4	7.383
xt-1M-1000-120-2	pgsql	2769	1441	.1	400	852.2	46097374.4	7.101
xt-1M-1000-120-2	pgsql	2769	1441	.1	500	997	57199146.8	8.307
xt-1M-1000-120-2	pgsql	2769	1441	.1	600	991.8	67480950.6	8.264
xt-1M-1000-120-2	pgsql	2769	1441	.1	700	985.2	79526131.8	8.209
xt-1M-1000-120-2	pgsql	2769	1441	.1	800	982.6	88771177	8.188
xt-1M-1000-120-2	pgsql	2769	1441	.1	900	1055.4	98538179	8.793
xt-1M-1000-120-2	pgsql	2769	1441	.1	1000	1127.6	108807550	9.395
xt-1M-1000-120-2	pgsql	2769	1461	.1	100	738.6	11996634.4	6.155
xt-1M-1000-120-2	pgsql	2769	1461	.1	200	802.4	23707935.2	6.686
xt-1M-1000-120-2	pgsql	2769	1461	.1	300	893.6	35159330	7.445
xt-1M-1000-120-2	pgsql	2769	1461	.1	400	862.4	46496817.6	7.186
xt-1M-1000-120-2	pgsql	2769	1461	.1	500	1005	57723241.2	8.375
xt-1M-1000-120-2	pgsql	2769	1461	.1	600	1056.2	67762758.4	8.801
xt-1M-1000-120-2	pgsql	2769	1461	.1	700	964.4	79002049.2	8.035
xt-1M-1000-120-2	pgsql	2769	1461	.1	800	994	89104941	8.282
xt-1M-1000-120-2	pgsql	2769	1461	.1	900	1037.2	99486820.2	8.642
xt-1M-1000-120-2	pgsql	2769	1461	.1	1000	1107.8	112017464	9.23
xt-1M-1000-120-2	pgsql	2769	1482	.1	100	775.2	11974295.6	6.459
xt-1M-1000-120-2	pgsql	2769	1482	.1	200	805.6	23779477.2	6.713
xt-1M-1000-120-2	pgsql	2769	1482	.1	300	896.8	35097797.6	7.473
xt-1M-1000-120-2	pgsql	2769	1482	.1	400	886.2	46361541	7.384
xt-1M-1000-120-2	pgsql	2769	1482	.1	500	1016.8	56877206	8.473
xt-1M-1000-120-2	pgsql	2769	1482	.1	600	1104.8	68261554.6	9.205
xt-1M-1000-120-2	pgsql	2769	1482	.1	700	989	79319363.6	8.241
xt-1M-1000-120-2	pgsql	2769	1482	.1	800	948.2	83122657.2	7.901
xt-1M-1000-120-2	pgsql	2769	1482	.1	900	1035.2	99406466	8.627
xt-1M-1000-120-2	pgsql	2769	1482	.1	1000	1126.6	108872631.4	9.388
xt-1M-1000-120-2	pgsql	2769	1501	.1	100	788.8	11979122	6.573
xt-1M-1000-120-2	pgsql	2769	1501	.1	200	812.8	23773184.2	6.773
xt-1M-1000-120-2	pgsql	2769	1501	.1	300	902.4	35273259.6	7.519
xt-1M-1000-120-2	pgsql	2769	1501	.1	400	886.6	46199884.4	7.387
xt-1M-1000-120-2	pgsql	2769	1501	.1	500	1015.2	57618770.6	8.459
xt-1M-1000-120-2	pgsql	2769	1501	.1	600	1150.6	68943075.6	9.588
xt-1M-1000-120-2	pgsql	2769	1501	.1	700	1018.8	79881664	8.489
xt-1M-1000-120-2	pgsql	2769	1501	.1	800	1021.6	90752162.4	8.513
xt-1M-1000-120-2	pgsql	2769	1501	.1	900	1030.4	101639582.4	8.586
xt-1M-1000-120-2	pgsql	2769	1501	.1	1000	1078.4	107468135.4	8.985
xt-1M-1000-120-2	pgsql	2769	1821	1	100	708	11971232.8	5.899
xt-1M-1000-120-2	pgsql	2769	1821	1	200	784.4	23541794	6.536
xt-1M-1000-120-2	pgsql	2769	1821	1	300	870.8	35010879	7.256
xt-1M-1000-120-2	pgsql	2769	1821	1	400	838.2	46087841.4	6.985
xt-1M-1000-120-2	pgsql	2769	1821	1	500	997.2	57457236.2	8.309
xt-1M-1000-120-2	pgsql	2769	1821	1	600	956.4	66609834.8	7.97
xt-1M-1000-120-2	pgsql	2769	1821	1	700	938.2	80147705	7.816
xt-1M-1000-120-2	pgsql	2769	1821	1	800	943.4	93324077.8	7.736
xt-1M-1000-120-2	pgsql	2769	1821	1	900	1020	98783399	8.5
xt-1M-1000-120-2	pgsql	2769	1821	1	1000	1107.6	108293446.4	9.229
xt-1M-1000-120-2	pgsql	2769	1841	1	100	725.8	11971935.2	6.048
xt-1M-1000-120-2	pgsql	2769	1841	1	200	799.8	23664434	6.657
xt-1M-1000-120-2	pgsql	2769	1841	1	300	890.2	35239081.6	7.417
xt-1M-1000-120-2	pgsql	2769	1841	1	400	843.8	47228720.2	7.031
xt-1M-1000-120-2	pgsql	2769	1841	1	500	997.8	58347425	8.291
xt-1M-1000-120-2	pgsql	2769	1841	1	600	1023.6	69708519.2	8.427
xt-1M-1000-120-2	pgsql	2769	1841	1	700	946.6	78227035.8	7.888
xt-1M-1000-120-2	pgsql	2769	1841	1	800	983.2	90258119.6	8.192
xt-1M-1000-120-2	pgsql	2769	1841	1	900	1031.8	98931656.6	8.598
xt-1M-1000-120-2	pgsql	2769	1841	1	1000	1091.2	110722588.2	8.995
xt-1M-1000-120-2	pgsql	2769	1861	1	100	755.8	11967680	6.297
xt-1M-1000-120-2	pgsql	2769	1861	1	200	804.4	23699091	6.703
xt-1M-1000-120-2	pgsql	2769	1861	1	300	892.6	35274717.2	7.438
xt-1M-1000-120-2	pgsql	2769	1861	1	400	863.4	47200623.2	7.099
xt-1M-1000-120-2	pgsql	2769	1861	1	500	1002	57686508.2	8.35
xt-1M-1000-120-2	pgsql	2769	1861	1	600	1060.2	69252275.6	8.754
xt-1M-1000-120-2	pgsql	2769	1861	1	700	965.2	78248604	8.042
xt-1M-1000-120-2	pgsql	2769	1861	1	800	989.4	88967950.4	8.244
xt-1M-1000-120-2	pgsql	2769	1861	1	900	1031.8	100137766.4	8.597
xt-1M-1000-120-2	pgsql	2769	1861	1	1000	1106.8	112100785.8	9.021
xt-1M-1000-120-2	pgsql	2769	1881	1	100	778.6	11982249	6.488
xt-1M-1000-120-2	pgsql	2769	1881	1	200	805.6	23750131.6	6.713
xt-1M-1000-120-2	pgsql	2769	1881	1	300	898.8	35281845.2	7.49
xt-1M-1000-120-2	pgsql	2769	1881	1	400	880.4	46741553	7.336
xt-1M-1000-120-2	pgsql	2769	1881	1	500	1008.2	57933519.6	8.401
xt-1M-1000-120-2	pgsql	2769	1881	1	600	1095.8	67979609	9.119
xt-1M-1000-120-2	pgsql	2769	1881	1	700	1010	79229986.6	8.416
xt-1M-1000-120-2	pgsql	2769	1881	1	800	997.2	88943023.6	8.31
xt-1M-1000-120-2	pgsql	2769	1881	1	900	1033	101280927.2	8.484
xt-1M-1000-120-2	pgsql	2769	1881	1	1000	1085.6	117003214.4	8.666
xt-1M-1000-120-4	pgsql	2589	2362	.01	100	1346.6	11903060	11.221
xt-1M-1000-120-4	pgsql	2589	2362	.01	200	1491.4	23947033.8	12.428
xt-1M-1000-120-4	pgsql	2589	2362	.01	300	1541.2	35665396.8	12.843
xt-1M-1000-120-4	pgsql	2589	2362	.01	400	1668.8	47136577.4	13.906
xt-1M-1000-120-4	pgsql	2589	2362	.01	500	1764.2	59358285.2	14.7
xt-1M-1000-120-4	pgsql	2589	2362	.01	600	1818.8	71490780	15.153
xt-1M-1000-120-4	pgsql	2589	2362	.01	700	1930.4	85325012.6	16.081
xt-1M-1000-120-4	pgsql	2589	2362	.01	800	1827.8	97253436.4	15.223
xt-1M-1000-120-4	pgsql	2589	2362	.01	900	1906.4	110883001.4	15.872
xt-1M-1000-120-4	pgsql	2589	2362	.01	1000	2054.6	124097716.6	17.093
xt-1M-1000-120-4	pgsql	2589	2382	.01	100	1396.2	11981299.4	11.635
xt-1M-1000-120-4	pgsql	2589	2382	.01	200	1470.8	23493419.8	12.256
xt-1M-1000-120-4	pgsql	2589	2382	.01	300	1602.4	35567097	13.353
xt-1M-1000-120-4	pgsql	2589	2382	.01	400	1678.8	47112551.8	13.99
xt-1M-1000-120-4	pgsql	2589	2382	.01	500	1837.8	59542650.2	15.31
xt-1M-1000-120-4	pgsql	2589	2382	.01	600	1843.4	71933958.8	15.359
xt-1M-1000-120-4	pgsql	2589	2382	.01	700	1925.4	84632462.8	16.035
xt-1M-1000-120-4	pgsql	2589	2382	.01	800	1881.2	96441878.4	15.674
xt-1M-1000-120-4	pgsql	2589	2382	.01	900	1941.8	111010526.4	16.172
xt-1M-1000-120-4	pgsql	2589	2382	.01	1000	2088.2	124444143.4	17.386
xt-1M-1000-120-4	pgsql	2589	2384	.01	100	1525.8	11995702.8	12.715
xt-1M-1000-120-4	pgsql	2589	2384	.01	200	1537.2	23849529.6	12.81
xt-1M-1000-120-4	pgsql	2589	2384	.01	300	1631.6	35579561.2	13.596
xt-1M-1000-120-4	pgsql	2589	2384	.01	400	1733.8	47082107.2	14.448
xt-1M-1000-120-4	pgsql	2589	2384	.01	500	1884.4	59867438.8	15.703
xt-1M-1000-120-4	pgsql	2589	2384	.01	600	1866.6	72447748.4	15.552
xt-1M-1000-120-4	pgsql	2589	2384	.01	700	1979.8	84333714.4	16.488
xt-1M-1000-120-4	pgsql	2589	2384	.01	800	1929.8	96788444.2	16.075
xt-1M-1000-120-4	pgsql	2589	2384	.01	900	1961.4	110722554.6	16.331
xt-1M-1000-120-4	pgsql	2589	2384	.01	1000	2117.6	122949527	17.646
xt-1M-1000-120-4	pgsql	2589	2387	.01	100	1571.2	11983441.6	13.093
xt-1M-1000-120-4	pgsql	2589	2387	.01	200	1596.6	23866602	13.305
xt-1M-1000-120-4	pgsql	2589	2387	.01	300	1674.4	35466278.6	13.953
xt-1M-1000-120-4	pgsql	2589	2387	.01	400	1785.4	47227173.2	14.878
xt-1M-1000-120-4	pgsql	2589	2387	.01	500	1891	59246007.4	15.757
xt-1M-1000-120-4	pgsql	2589	2387	.01	600	1909	71653064	15.907
xt-1M-1000-120-4	pgsql	2589	2387	.01	700	2004.4	84006005.4	16.702
xt-1M-1000-120-4	pgsql	2589	2387	.01	800	2041.8	96328563.4	17.008
xt-1M-1000-120-4	pgsql	2589	2387	.01	900	2006.6	109630455.4	16.718
xt-1M-1000-120-4	pgsql	2589	2387	.01	1000	2089	124660074.4	17.4
xt-1M-1000-120-4	pgsql	2589	3003	.1	100	1417.6	11992197.4	11.813
xt-1M-1000-120-4	pgsql	2589	3003	.1	200	1515	23881899.6	12.625
xt-1M-1000-120-4	pgsql	2589	3003	.1	300	1551	35465412	12.925
xt-1M-1000-120-4	pgsql	2589	3003	.1	400	1640.4	47399914	13.669
xt-1M-1000-120-4	pgsql	2589	3003	.1	500	1758.2	59626694.8	14.648
xt-1M-1000-120-4	pgsql	2589	3003	.1	600	1842.6	71573924.6	15.353
xt-1M-1000-120-4	pgsql	2589	3003	.1	700	1914.4	84769298.2	15.942
xt-1M-1000-120-4	pgsql	2589	3003	.1	800	1803.4	96633145	15.013
xt-1M-1000-120-4	pgsql	2589	3003	.1	900	1898.6	110602317.4	15.811
xt-1M-1000-120-4	pgsql	2589	3003	.1	1000	2036.8	125616390.2	16.955
xt-1M-1000-120-4	pgsql	2589	3004	.1	100	1514.6	12005324.6	12.621
xt-1M-1000-120-4	pgsql	2589	3004	.1	200	1495.8	23804952.8	12.465
xt-1M-1000-120-4	pgsql	2589	3004	.1	300	1590.6	35828648.4	13.254
xt-1M-1000-120-4	pgsql	2589	3004	.1	400	1689.2	47185742.4	14.076
xt-1M-1000-120-4	pgsql	2589	3004	.1	500	1822	59812367.6	15.182
xt-1M-1000-120-4	pgsql	2589	3004	.1	600	1832.8	71473239.8	15.271
xt-1M-1000-120-4	pgsql	2589	3004	.1	700	1922.2	84181439.4	16.007
xt-1M-1000-120-4	pgsql	2589	3004	.1	800	1868.2	96606209.8	15.557
xt-1M-1000-120-4	pgsql	2589	3004	.1	900	1931.6	112091536.8	16.072
xt-1M-1000-120-4	pgsql	2589	3004	.1	1000	2009	125446964	16.736
xt-1M-1000-120-4	pgsql	2589	3023	.1	100	1466.6	11974948.2	12.222
xt-1M-1000-120-4	pgsql	2589	3023	.1	200	1551.4	23823992	12.928
xt-1M-1000-120-4	pgsql	2589	3023	.1	300	1621.4	35592172.4	13.512
xt-1M-1000-120-4	pgsql	2589	3023	.1	400	1720.8	47290202	14.34
xt-1M-1000-120-4	pgsql	2589	3023	.1	500	1849.8	59218406.6	15.413
xt-1M-1000-120-4	pgsql	2589	3023	.1	600	1868	72016026.6	15.566
xt-1M-1000-120-4	pgsql	2589	3023	.1	700	1993	84557789.2	16.607
xt-1M-1000-120-4	pgsql	2589	3023	.1	800	1957	96770138.8	16.302
xt-1M-1000-120-4	pgsql	2589	3023	.1	900	1968.6	110719691	16.403
xt-1M-1000-120-4	pgsql	2589	3023	.1	1000	2094	122924794	17.442
xt-1M-1000-120-4	pgsql	2589	3024	.1	100	1510.4	11987803.4	12.586
xt-1M-1000-120-4	pgsql	2589	3024	.1	200	1587.8	23885146.6	13.231
xt-1M-1000-120-4	pgsql	2589	3024	.1	300	1669.4	35552533.2	13.911
xt-1M-1000-120-4	pgsql	2589	3024	.1	400	1797.4	47212807.6	14.978
xt-1M-1000-120-4	pgsql	2589	3024	.1	500	1892.4	58988719.2	15.769
xt-1M-1000-120-4	pgsql	2589	3024	.1	600	1908.2	71128651	15.899
xt-1M-1000-120-4	pgsql	2589	3024	.1	700	2008.4	84741566.4	16.734
xt-1M-1000-120-4	pgsql	2589	3024	.1	800	2032.6	97325913.2	16.933
xt-1M-1000-120-4	pgsql	2589	3024	.1	900	2025.4	109053088.4	16.866
xt-1M-1000-120-4	pgsql	2589	3024	.1	1000	2127.8	125252166	17.721
xt-1M-1000-120-4	pgsql	2589	3183	1	100	1379.6	11982803.2	11.496
xt-1M-1000-120-4	pgsql	2589	3183	1	200	1438.2	23820260.6	11.985
xt-1M-1000-120-4	pgsql	2589	3183	1	300	1526.4	35686027.2	12.72
xt-1M-1000-120-4	pgsql	2589	3183	1	400	1639.8	47349470.8	13.664
xt-1M-1000-120-4	pgsql	2589	3183	1	500	1720.8	60366429	14.335
xt-1M-1000-120-4	pgsql	2589	3183	1	600	1803.4	72444439	15.025
xt-1M-1000-120-4	pgsql	2589	3183	1	700	1855.6	85411111.8	15.454
xt-1M-1000-120-4	pgsql	2589	3183	1	800	1774.6	99089329.6	14.782
xt-1M-1000-120-4	pgsql	2589	3183	1	900	1891.4	113500350.6	15.751
xt-1M-1000-120-4	pgsql	2589	3183	1	1000	1978.6	123261315.8	16.254
xt-1M-1000-120-4	pgsql	2589	3184	1	100	1358.2	11925003.4	11.318
xt-1M-1000-120-4	pgsql	2589	3184	1	200	1484.4	23903330	12.369
xt-1M-1000-120-4	pgsql	2589	3184	1	300	1555.6	35548253.6	12.963
xt-1M-1000-120-4	pgsql	2589	3184	1	400	1649.6	47259365.4	13.746
xt-1M-1000-120-4	pgsql	2589	3184	1	500	1756.2	59869168.2	14.631
xt-1M-1000-120-4	pgsql	2589	3184	1	600	1820.6	72819816.4	15.168
xt-1M-1000-120-4	pgsql	2589	3184	1	700	1860.4	83844971	15.495
xt-1M-1000-120-4	pgsql	2589	3184	1	800	1847.4	97913866	15.386
xt-1M-1000-120-4	pgsql	2589	3184	1	900	1877.6	113325459.2	15.115
xt-1M-1000-120-4	pgsql	2589	3184	1	1000	1989	126796903.4	16.084
xt-1M-1000-120-4	pgsql	2589	3203	1	100	1389.4	11942373.6	11.578
xt-1M-1000-120-4	pgsql	2589	3203	1	200	1506.8	23893500.4	12.557
xt-1M-1000-120-4	pgsql	2589	3203	1	300	1592.6	35619412.6	13.272
xt-1M-1000-120-4	pgsql	2589	3203	1	400	1714.2	47183621.4	14.285
xt-1M-1000-120-4	pgsql	2589	3203	1	500	1831.6	60162660.2	15.263
xt-1M-1000-120-4	pgsql	2589	3203	1	600	1839	72247264.4	15.32
xt-1M-1000-120-4	pgsql	2589	3203	1	700	1932	84516676.4	16.092
xt-1M-1000-120-4	pgsql	2589	3203	1	800	1915	98435317.2	15.953
xt-1M-1000-120-4	pgsql	2589	3203	1	900	1968	112094501	16.397
xt-1M-1000-120-4	pgsql	2589	3203	1	1000	2042.6	133695058.2	15.866
xt-1M-1000-120-4	pgsql	2589	3204	1	100	1532.8	11986555.8	12.773
xt-1M-1000-120-4	pgsql	2589	3204	1	200	1549.6	23862460.2	12.913
xt-1M-1000-120-4	pgsql	2589	3204	1	300	1634.4	35551182.2	13.62
xt-1M-1000-120-4	pgsql	2589	3204	1	400	1763.2	47076015.8	14.693
xt-1M-1000-120-4	pgsql	2589	3204	1	500	1830.2	58996105.6	15.25
xt-1M-1000-120-4	pgsql	2589	3204	1	600	1866.4	72257294.2	15.551
xt-1M-1000-120-4	pgsql	2589	3204	1	700	1975.6	84683280.6	16.46
xt-1M-1000-120-4	pgsql	2589	3204	1	800	1953.8	96453304	16.276
xt-1M-1000-120-4	pgsql	2589	3204	1	900	2001.8	110022247.2	16.673
xt-1M-1000-120-4	pgsql	2589	3204	1	1000	2080	126874684	17.112
xt-1M-1000-120-6	pgsql	3070	9810	.01	100	1766.4	11956499.8	14.72
xt-1M-1000-120-6	pgsql	3070	9810	.01	200	1921.4	24068424.8	16.012
xt-1M-1000-120-6	pgsql	3070	9810	.01	300	2054.8	35736898.4	17.123
xt-1M-1000-120-6	pgsql	3070	9810	.01	400	2261.6	47536458	18.847
xt-1M-1000-120-6	pgsql	3070	9810	.01	500	2393.2	58679369.6	19.943
xt-1M-1000-120-6	pgsql	3070	9810	.01	600	2449.6	71428490.2	20.411
xt-1M-1000-120-6	pgsql	3070	9810	.01	700	2654.4	83980371	22.116
xt-1M-1000-120-6	pgsql	3070	9810	.01	800	2528.6	96229420.8	21.061
xt-1M-1000-120-6	pgsql	3070	9810	.01	900	2714.8	109116794	22.618
xt-1M-1000-120-6	pgsql	3070	9810	.01	1000	2893	121694350.2	24.094
xt-1M-1000-120-6	pgsql	3070	9811	.01	100	1912	11991701.6	15.933
xt-1M-1000-120-6	pgsql	3070	9811	.01	200	1984.6	23964116.6	16.538
xt-1M-1000-120-6	pgsql	3070	9811	.01	300	2133	35811937	17.775
xt-1M-1000-120-6	pgsql	3070	9811	.01	400	2271.2	47724319.8	18.927
xt-1M-1000-120-6	pgsql	3070	9811	.01	500	2460.6	59541293.4	20.505
xt-1M-1000-120-6	pgsql	3070	9811	.01	600	2481.2	71629234.4	20.675
xt-1M-1000-120-6	pgsql	3070	9811	.01	700	2708.2	84754530.4	22.563
xt-1M-1000-120-6	pgsql	3070	9811	.01	800	2552.4	96149571	21.266
xt-1M-1000-120-6	pgsql	3070	9811	.01	900	2726.2	110329345	22.712
xt-1M-1000-120-6	pgsql	3070	9811	.01	1000	2888.4	121805600.4	24.059
xt-1M-1000-120-6	pgsql	3070	9812	.01	100	2031.2	11969296.6	16.927
xt-1M-1000-120-6	pgsql	3070	9812	.01	200	1999.4	23891676.8	16.662
xt-1M-1000-120-6	pgsql	3070	9812	.01	300	2126.6	35683659.8	17.722
xt-1M-1000-120-6	pgsql	3070	9812	.01	400	2278.8	47312885.4	18.99
xt-1M-1000-120-6	pgsql	3070	9812	.01	500	2433	59185688.6	20.275
xt-1M-1000-120-6	pgsql	3070	9812	.01	600	2507	71015351.2	20.888
xt-1M-1000-120-6	pgsql	3070	9812	.01	700	2690	83274119.2	22.415
xt-1M-1000-120-6	pgsql	3070	9812	.01	800	2594.8	95993807.4	21.619
xt-1M-1000-120-6	pgsql	3070	9812	.01	900	2748.6	108285896.2	22.903
xt-1M-1000-120-6	pgsql	3070	9812	.01	1000	2851	121438157.8	23.751
xt-1M-1000-120-6	pgsql	3070	9813	.01	100	1890.6	11916997.2	15.755
xt-1M-1000-120-6	pgsql	3070	9813	.01	200	2049.2	23850237.4	17.077
xt-1M-1000-120-6	pgsql	3070	9813	.01	300	2160.8	35563644.6	18.007
xt-1M-1000-120-6	pgsql	3070	9813	.01	400	2314.6	47403443.6	19.288
xt-1M-1000-120-6	pgsql	3070	9813	.01	500	2474	59128314.6	20.616
xt-1M-1000-120-6	pgsql	3070	9813	.01	600	2602.8	71288158	21.689
xt-1M-1000-120-6	pgsql	3070	9813	.01	700	2693.2	83747708.2	22.441
xt-1M-1000-120-6	pgsql	3070	9813	.01	800	2674.2	96004889	22.283
xt-1M-1000-120-6	pgsql	3070	9813	.01	900	2772	108358949.2	23.093
xt-1M-1000-120-6	pgsql	3070	9813	.01	1000	2943	121384377	24.523
xt-1M-1000-120-6	pgsql	3070	9814	.1	100	1877.6	11974949.8	15.647
xt-1M-1000-120-6	pgsql	3070	9814	.1	200	1929.8	23880483.6	16.082
xt-1M-1000-120-6	pgsql	3070	9814	.1	300	2071.4	35630984.8	17.262
xt-1M-1000-120-6	pgsql	3070	9814	.1	400	2237.2	47418950	18.643
xt-1M-1000-120-6	pgsql	3070	9814	.1	500	2415.8	59447528.6	20.131
xt-1M-1000-120-6	pgsql	3070	9814	.1	600	2426.4	71600140.6	20.219
xt-1M-1000-120-6	pgsql	3070	9814	.1	700	2622.2	84463229.6	21.848
xt-1M-1000-120-6	pgsql	3070	9814	.1	800	2521.4	96852339.8	21.006
xt-1M-1000-120-6	pgsql	3070	9814	.1	900	2700.8	110109476.2	22.502
xt-1M-1000-120-6	pgsql	3070	9814	.1	1000	2800.8	121299987.2	23.337
xt-1M-1000-120-6	pgsql	3070	9815	.1	100	1791.4	11958199.2	14.928
xt-1M-1000-120-6	pgsql	3070	9815	.1	200	1935.2	23815198	16.127
xt-1M-1000-120-6	pgsql	3070	9815	.1	300	2108	35637926	17.567
xt-1M-1000-120-6	pgsql	3070	9815	.1	400	2254.8	47212152.8	18.79
xt-1M-1000-120-6	pgsql	3070	9815	.1	500	2425.2	59154455.6	20.209
xt-1M-1000-120-6	pgsql	3070	9815	.1	600	2445	71209315.2	20.374
xt-1M-1000-120-6	pgsql	3070	9815	.1	700	2638.4	83641007.2	21.985
xt-1M-1000-120-6	pgsql	3070	9815	.1	800	2556.2	96456995.6	21.297
xt-1M-1000-120-6	pgsql	3070	9815	.1	900	2707.6	108952172	22.551
xt-1M-1000-120-6	pgsql	3070	9815	.1	1000	2827.8	121264196.8	23.557
xt-1M-1000-120-6	pgsql	3070	9816	.1	100	1909.2	11968346.8	15.91
xt-1M-1000-120-6	pgsql	3070	9816	.1	200	1962.2	23701547.2	16.352
xt-1M-1000-120-6	pgsql	3070	9816	.1	300	2136	35618855.8	17.8
xt-1M-1000-120-6	pgsql	3070	9816	.1	400	2241.6	47336980.4	18.68
xt-1M-1000-120-6	pgsql	3070	9816	.1	500	2455.2	59212325.2	20.46
xt-1M-1000-120-6	pgsql	3070	9816	.1	600	2520.8	71157330.2	21.006
xt-1M-1000-120-6	pgsql	3070	9816	.1	700	2681.2	83802099.6	22.341
xt-1M-1000-120-6	pgsql	3070	9816	.1	800	2611	96207327.6	21.756
xt-1M-1000-120-6	pgsql	3070	9816	.1	900	2754.6	108082249.4	22.953
xt-1M-1000-120-6	pgsql	3070	9816	.1	1000	2891.2	121538604.8	24.087
xt-1M-1000-120-6	pgsql	3070	9817	.1	100	1916.2	11980056	15.968
xt-1M-1000-120-6	pgsql	3070	9817	.1	200	2010	23756986.4	16.75
xt-1M-1000-120-6	pgsql	3070	9817	.1	300	2161.4	35628395.6	18.012
xt-1M-1000-120-6	pgsql	3070	9817	.1	400	2311	47419828	19.258
xt-1M-1000-120-6	pgsql	3070	9817	.1	500	2446.4	59104186.8	20.386
xt-1M-1000-120-6	pgsql	3070	9817	.1	600	2539.6	70757713.8	21.163
xt-1M-1000-120-6	pgsql	3070	9817	.1	700	2665.8	82903128.4	22.214
xt-1M-1000-120-6	pgsql	3070	9817	.1	800	2649.2	96067112.6	22.074
xt-1M-1000-120-6	pgsql	3070	9817	.1	900	2771.8	108495665	23.093
xt-1M-1000-120-6	pgsql	3070	9817	.1	1000	2907.8	121472193	24.225
xt-1M-1000-120-6	pgsql	3070	9826	1	100	1786.8	11992774	14.89
xt-1M-1000-120-6	pgsql	3070	9826	1	200	1928	23983192.6	16.067
xt-1M-1000-120-6	pgsql	3070	9826	1	300	2043	35790524.8	17.025
xt-1M-1000-120-6	pgsql	3070	9826	1	400	2210.4	47750244.6	18.42
xt-1M-1000-120-6	pgsql	3070	9826	1	500	2385.2	59788375.8	19.876
xt-1M-1000-120-6	pgsql	3070	9826	1	600	2410	72504941.6	20.082
xt-1M-1000-120-6	pgsql	3070	9826	1	700	2480.6	84812321.2	20.669
xt-1M-1000-120-6	pgsql	3070	9826	1	800	2497.4	98779367.2	20.807
xt-1M-1000-120-6	pgsql	3070	9826	1	900	2696.4	113546065.2	22.462
xt-1M-1000-120-6	pgsql	3070	9826	1	1000	2620.2	124285767.6	21.448
xt-1M-1000-120-6	pgsql	3070	9827	1	100	1821.8	11963132.4	15.182
xt-1M-1000-120-6	pgsql	3070	9827	1	200	1961.4	23935374.4	16.345
xt-1M-1000-120-6	pgsql	3070	9827	1	300	2081.4	35862055	17.345
xt-1M-1000-120-6	pgsql	3070	9827	1	400	2241	47735480	18.675
xt-1M-1000-120-6	pgsql	3070	9827	1	500	2426.4	59498904.4	20.22
xt-1M-1000-120-6	pgsql	3070	9827	1	600	2448.4	71588161	20.401
xt-1M-1000-120-6	pgsql	3070	9827	1	700	2623.4	84486390.4	21.859
xt-1M-1000-120-6	pgsql	3070	9827	1	800	2524	97114356.4	20.811
xt-1M-1000-120-6	pgsql	3070	9827	1	900	3404.8	110737030.2	28.365
xt-1M-1000-120-6	pgsql	3070	9827	1	1000	2737.4	122414549.4	22.615
xt-1M-1000-120-6	pgsql	3070	9828	1	100	1831.8	11962078.6	15.265
xt-1M-1000-120-6	pgsql	3070	9828	1	200	1988.2	23931016.6	16.568
xt-1M-1000-120-6	pgsql	3070	9828	1	300	2074.8	35609301.2	17.29
xt-1M-1000-120-6	pgsql	3070	9828	1	400	2222.6	47401107.2	18.522
xt-1M-1000-120-6	pgsql	3070	9828	1	500	2394.4	59166244.8	19.953
xt-1M-1000-120-6	pgsql	3070	9828	1	600	2449.4	71339373.2	20.41
xt-1M-1000-120-6	pgsql	3070	9828	1	700	2549.4	83338086.6	21.243
xt-1M-1000-120-6	pgsql	3070	9828	1	800	2547.2	98208234.2	21.223
xt-1M-1000-120-6	pgsql	3070	9828	1	900	2709.8	109822069.4	22.578
xt-1M-1000-120-6	pgsql	3070	9828	1	1000	2799.6	121187918.2	23.328
xt-1M-1000-120-6	pgsql	3070	9829	1	100	1903	11939937.4	15.858
xt-1M-1000-120-6	pgsql	3070	9829	1	200	2064.6	23934657.2	17.205
xt-1M-1000-120-6	pgsql	3070	9829	1	300	2136.2	35758859.4	17.802
xt-1M-1000-120-6	pgsql	3070	9829	1	400	2219.6	47231560.4	18.497
xt-1M-1000-120-6	pgsql	3070	9829	1	500	2405	59277504.4	20.041
xt-1M-1000-120-6	pgsql	3070	9829	1	600	2513	71256722.4	20.941
xt-1M-1000-120-6	pgsql	3070	9829	1	700	2629	83633825.8	21.906
xt-1M-1000-120-6	pgsql	3070	9829	1	800	2582.8	96547424	21.473
xt-1M-1000-120-6	pgsql	3070	9829	1	900	2738	109172508	22.811
xt-1M-1000-120-6	pgsql	3070	9829	1	1000	2892.2	121573737.2	24.089
xt-1M-1000-120-8	pgsql	2749	4765	.01	100	1877.2	11985985.6	15.643
xt-1M-1000-120-8	pgsql	2749	4765	.01	200	1853.8	24082047	15.448
xt-1M-1000-120-8	pgsql	2749	4765	.01	300	1864.6	35895895.2	15.538
xt-1M-1000-120-8	pgsql	2749	4765	.01	400	1998.4	48091125.8	16.653
xt-1M-1000-120-8	pgsql	2749	4765	.01	500	1999.4	59944505.2	16.662
xt-1M-1000-120-8	pgsql	2749	4765	.01	600	2071.6	71946854.4	17.263
xt-1M-1000-120-8	pgsql	2749	4765	.01	700	2097	83843659	17.475
xt-1M-1000-120-8	pgsql	2749	4765	.01	800	2374.2	95627680.2	19.785
xt-1M-1000-120-8	pgsql	2749	4765	.01	900	2299.4	107087223.2	19.162
xt-1M-1000-120-8	pgsql	2749	4765	.01	1000	2080.2	119043662.2	17.335
xt-1M-1000-120-8	pgsql	2749	4805	.01	100	1892.8	11991870	15.773
xt-1M-1000-120-8	pgsql	2749	4805	.01	200	1880.8	23905274.8	15.673
xt-1M-1000-120-8	pgsql	2749	4805	.01	300	1946	35850342	16.217
xt-1M-1000-120-8	pgsql	2749	4805	.01	400	1995.6	47804644.4	16.63
xt-1M-1000-120-8	pgsql	2749	4805	.01	500	2010.4	59737641.8	16.753
xt-1M-1000-120-8	pgsql	2749	4805	.01	600	2140.6	71679851.4	17.838
xt-1M-1000-120-8	pgsql	2749	4805	.01	700	2096.8	83519852.2	17.473
xt-1M-1000-120-8	pgsql	2749	4805	.01	800	2385.8	95654742	19.882
xt-1M-1000-120-8	pgsql	2749	4805	.01	900	2305	107535883.8	19.208
xt-1M-1000-120-8	pgsql	2749	4805	.01	1000	2108.8	119564637	17.573
xt-1M-1000-120-8	pgsql	2749	4824	.01	100	1909.8	11984910.6	15.915
xt-1M-1000-120-8	pgsql	2749	4824	.01	200	1917.8	23953820.4	15.982
xt-1M-1000-120-8	pgsql	2749	4824	.01	300	1957.6	35892458	16.313
xt-1M-1000-120-8	pgsql	2749	4824	.01	400	2004.2	47835937.4	16.702
xt-1M-1000-120-8	pgsql	2749	4824	.01	500	2001.4	59559506.8	16.678
xt-1M-1000-120-8	pgsql	2749	4824	.01	600	2209.4	71651504.6	18.412
xt-1M-1000-120-8	pgsql	2749	4824	.01	700	2113.8	83672583.6	17.615
xt-1M-1000-120-8	pgsql	2749	4824	.01	800	2390	95620178.4	19.917
xt-1M-1000-120-8	pgsql	2749	4824	.01	900	2359.8	107335753.4	19.665
xt-1M-1000-120-8	pgsql	2749	4824	.01	1000	2132	119319068.8	17.767
xt-1M-1000-120-8	pgsql	2749	4844	.01	100	1969	11963440.8	16.408
xt-1M-1000-120-8	pgsql	2749	4844	.01	200	1937.8	23933669	16.148
xt-1M-1000-120-8	pgsql	2749	4844	.01	300	2009.8	35906988.6	16.748
xt-1M-1000-120-8	pgsql	2749	4844	.01	400	2044.8	47817890.2	17.04
xt-1M-1000-120-8	pgsql	2749	4844	.01	500	2074.8	59676141.8	17.29
xt-1M-1000-120-8	pgsql	2749	4844	.01	600	2234.4	71676021.4	18.62
xt-1M-1000-120-8	pgsql	2749	4844	.01	700	2125.4	83546956	17.712
xt-1M-1000-120-8	pgsql	2749	4844	.01	800	2392.8	95676633.2	19.94
xt-1M-1000-120-8	pgsql	2749	4844	.01	900	2451.4	107658627.2	20.428
xt-1M-1000-120-8	pgsql	2749	4844	.01	1000	2177.8	118775027	18.148
xt-1M-1000-120-8	pgsql	2749	5205	.1	100	1878.2	11991338.2	15.652
xt-1M-1000-120-8	pgsql	2749	5205	.1	200	1839.6	23946478	15.33
xt-1M-1000-120-8	pgsql	2749	5205	.1	300	1882.8	35868010.6	15.69
xt-1M-1000-120-8	pgsql	2749	5205	.1	400	1995.6	47766082.2	16.63
xt-1M-1000-120-8	pgsql	2749	5205	.1	500	1995.6	59630114	16.63
xt-1M-1000-120-8	pgsql	2749	5205	.1	600	2064.8	71688649.8	17.207
xt-1M-1000-120-8	pgsql	2749	5205	.1	700	2098.2	83655666.8	17.485
xt-1M-1000-120-8	pgsql	2749	5205	.1	800	2376.4	95521404.6	19.803
xt-1M-1000-120-8	pgsql	2749	5205	.1	900	2246.8	107262943	18.723
xt-1M-1000-120-8	pgsql	2749	5205	.1	1000	2085	119614310.6	17.375
xt-1M-1000-120-8	pgsql	2749	5245	.1	100	1914	11993368.4	15.95
xt-1M-1000-120-8	pgsql	2749	5245	.1	200	1895.4	23947885	15.795
xt-1M-1000-120-8	pgsql	2749	5245	.1	300	1932.8	35831887.8	16.107
xt-1M-1000-120-8	pgsql	2749	5245	.1	400	1993.8	47790484.6	16.615
xt-1M-1000-120-8	pgsql	2749	5245	.1	500	2007.4	59741780.6	16.728
xt-1M-1000-120-8	pgsql	2749	5245	.1	600	2161.6	71760803.8	18.013
xt-1M-1000-120-8	pgsql	2749	5245	.1	700	2102.2	83705873.6	17.518
xt-1M-1000-120-8	pgsql	2749	5245	.1	800	2393.8	95665710.2	19.948
xt-1M-1000-120-8	pgsql	2749	5245	.1	900	2344.8	107654674.2	19.54
xt-1M-1000-120-8	pgsql	2749	5245	.1	1000	2085.4	119650870.6	17.378
xt-1M-1000-120-8	pgsql	2749	5284	.1	100	1918.4	11986227.2	15.987
xt-1M-1000-120-8	pgsql	2749	5284	.1	200	1915.4	23963270	15.962
xt-1M-1000-120-8	pgsql	2749	5284	.1	300	1947.4	35911973.6	16.228
xt-1M-1000-120-8	pgsql	2749	5284	.1	400	2002.2	47786711.2	16.685
xt-1M-1000-120-8	pgsql	2749	5284	.1	500	2012.8	59796081.2	16.773
xt-1M-1000-120-8	pgsql	2749	5284	.1	600	2170.2	71714208.4	18.085
xt-1M-1000-120-8	pgsql	2749	5284	.1	700	2104.6	83563612.2	17.538
xt-1M-1000-120-8	pgsql	2749	5284	.1	800	2392.6	95703553.4	19.938
xt-1M-1000-120-8	pgsql	2749	5284	.1	900	2360.6	107508136.4	19.672
xt-1M-1000-120-8	pgsql	2749	5284	.1	1000	2146.8	119502266.2	17.89
xt-1M-1000-120-8	pgsql	2749	5304	.1	100	1954.8	11966747.2	16.29
xt-1M-1000-120-8	pgsql	2749	5304	.1	200	1944.6	23920576.2	16.205
xt-1M-1000-120-8	pgsql	2749	5304	.1	300	1996.2	35877406.4	16.635
xt-1M-1000-120-8	pgsql	2749	5304	.1	400	2019.8	47814218	16.832
xt-1M-1000-120-8	pgsql	2749	5304	.1	500	2038.2	59811017	16.985
xt-1M-1000-120-8	pgsql	2749	5304	.1	600	2221.8	71683053.4	18.515
xt-1M-1000-120-8	pgsql	2749	5304	.1	700	2120	83692018.6	17.667
xt-1M-1000-120-8	pgsql	2749	5304	.1	800	2383	95469303	19.858
xt-1M-1000-120-8	pgsql	2749	5304	.1	900	2452.6	107641839.6	20.438
xt-1M-1000-120-8	pgsql	2749	5304	.1	1000	2171.2	119150441.8	18.093
xt-1M-1000-120-8	pgsql	2749	5606	1	100	1852.6	11989588.4	15.438
xt-1M-1000-120-8	pgsql	2749	5606	1	200	1810.8	23937774.6	15.09
xt-1M-1000-120-8	pgsql	2749	5606	1	300	1837.6	35797894.8	15.313
xt-1M-1000-120-8	pgsql	2749	5606	1	400	1992.8	47772118.2	16.607
xt-1M-1000-120-8	pgsql	2749	5606	1	500	1998.8	59795787.6	16.657
xt-1M-1000-120-8	pgsql	2749	5606	1	600	1987.8	71650789.8	16.565
xt-1M-1000-120-8	pgsql	2749	5606	1	700	2094	83613394.8	17.45
xt-1M-1000-120-8	pgsql	2749	5606	1	800	2374	95637096.4	19.783
xt-1M-1000-120-8	pgsql	2749	5606	1	900	2157.2	108145300.2	17.977
xt-1M-1000-120-8	pgsql	2749	5606	1	1000	2057.4	118989371	17.145
xt-1M-1000-120-8	pgsql	2749	5608	1	100	1871.8	11992510.2	15.598
xt-1M-1000-120-8	pgsql	2749	5608	1	200	1815.2	23854777	15.127
xt-1M-1000-120-8	pgsql	2749	5608	1	300	1867.6	35804140.6	15.563
xt-1M-1000-120-8	pgsql	2749	5608	1	400	1993.8	47731988.6	16.615
xt-1M-1000-120-8	pgsql	2749	5608	1	500	1991.8	59659308.4	16.598
xt-1M-1000-120-8	pgsql	2749	5608	1	600	2025	71560525.2	16.875
xt-1M-1000-120-8	pgsql	2749	5608	1	700	2088	83483864	17.4
xt-1M-1000-120-8	pgsql	2749	5608	1	800	2388.6	95730113	19.905
xt-1M-1000-120-8	pgsql	2749	5608	1	900	2221.8	106917826.4	18.515
xt-1M-1000-120-8	pgsql	2749	5608	1	1000	2064.2	119380810.2	17.202
xt-1M-1000-120-8	pgsql	2749	5626	1	100	1862.6	11958158	15.522
xt-1M-1000-120-8	pgsql	2749	5626	1	200	1878.6	23927443.2	15.655
xt-1M-1000-120-8	pgsql	2749	5626	1	300	1925.4	35798091.2	16.045
xt-1M-1000-120-8	pgsql	2749	5626	1	400	1994.2	47777010	16.618
xt-1M-1000-120-8	pgsql	2749	5626	1	500	2006.6	59763365	16.722
xt-1M-1000-120-8	pgsql	2749	5626	1	600	2120.4	71507920.8	17.67
xt-1M-1000-120-8	pgsql	2749	5626	1	700	2105.2	83724594.2	17.543
xt-1M-1000-120-8	pgsql	2749	5626	1	800	2377	95434295.4	19.808
xt-1M-1000-120-8	pgsql	2749	5626	1	900	2311.8	107510212.6	19.265
xt-1M-1000-120-8	pgsql	2749	5626	1	1000	2091.6	119642356.2	17.43
xt-1M-1000-120-8	pgsql	2749	5628	1	100	1916	11992493	15.967
xt-1M-1000-120-8	pgsql	2749	5628	1	200	1887.8	23950883.4	15.732
xt-1M-1000-120-8	pgsql	2749	5628	1	300	1957.6	35898759.8	16.313
xt-1M-1000-120-8	pgsql	2749	5628	1	400	2010.6	47825781.8	16.755
xt-1M-1000-120-8	pgsql	2749	5628	1	500	2026.8	59506317.8	16.89
xt-1M-1000-120-8	pgsql	2749	5628	1	600	2162.2	71652686	18.018
xt-1M-1000-120-8	pgsql	2749	5628	1	700	2107.4	83604876.6	17.562
xt-1M-1000-120-8	pgsql	2749	5628	1	800	2376.6	95513655.6	19.805
xt-1M-1000-120-8	pgsql	2749	5628	1	900	2351	107537730.4	19.592
xt-1M-1000-120-8	pgsql	2749	5628	1	1000	2157.4	119583120	17.978
