DBMS	EXPERIMENTNAME	RUNID	BATCHSETID	PK	NUMPROCESSORS	ACTROWPOOL	PCTREAD	PCTUPDATE/100	SRTTXNRATE	ATP	MAXMPL
db2	pk-xt-1M-1000-50-120-1	3507	9986	1	1	1	0	.25	0	41.67	1100
db2	pk-xt-1M-1000-50-120-1	3507	10006	1	1	1	0	.5	0	111940.47	1100
db2	pk-xt-1M-1000-50-120-1	3507	10008	1	1	1	0	.75	0	113125.014	800
db2	pk-xt-1M-1000-50-120-1	3507	10010	1	1	1	0	1	0	113867.893	1100
db2	pk-xt-1M-1000-50-120-1	3507	10044	1	1	1	.01	0	0	112659.089	1100
db2	pk-xt-1M-1000-50-120-1	3507	10045	1	1	1	.1	0	0	13972.356	500
db2	pk-xt-1M-1000-50-120-1	3507	10046	1	1	1	1	0	0	17538.487	800
db2	xt-1M-1000-50-120-1	3530	10012	0	1	1	0	.25	0	271.936	1100
db2	xt-1M-1000-50-120-1	3530	10015	0	1	1	0	.5	0	24.19	1100
db2	xt-1M-1000-50-120-1	3530	10016	0	1	1	0	.75	0	24.487	1100
db2	xt-1M-1000-50-120-1	3530	10017	0	1	1	0	1	0	25.029	1100
db2	xt-1M-1000-50-120-1	3530	10019	0	1	1	.01	0	0	24.521	1100
db2	xt-1M-1000-50-120-1	3530	10021	0	1	1	.1	0	0	24.554	1100
db2	xt-1M-1000-50-120-1	3530	10023	0	1	1	1	0	0	24.54	1100
db2	xt-1M-1000-50-120-8	3570	10072	0	8	1	0	.25	0	28069.717	500
db2	xt-1M-1000-50-120-8	3570	10086	0	8	1	0	.5	0	109097.03	1100
db2	xt-1M-1000-50-120-8	3570	10087	0	8	1	0	.75	0	260.502	1100
db2	xt-1M-1000-50-120-8	3570	10088	0	8	1	0	1	0	6.124	1100
db2	xt-1M-1000-50-120-8	3570	10106	0	8	1	.01	0	0	6.451	1100
db2	xt-1M-1000-50-120-8	3570	10107	0	8	1	.1	0	0	6.252	1100
db2	xt-1M-1000-50-120-8	3570	10126	0	8	1	1	0	0	6.041	1100
mysql	pk-xt-1M-1000-50-120-1	3503	9986	1	1	1	0	.25	0	2314.239	300
mysql	pk-xt-1M-1000-50-120-1	3503	10006	1	1	1	0	.5	0	3679.75	100
mysql	pk-xt-1M-1000-50-120-1	3503	10008	1	1	1	0	.75	0	5087.219	100
mysql	pk-xt-1M-1000-50-120-1	3503	10010	1	1	1	0	1	0	5805.621	100
mysql	pk-xt-1M-1000-50-120-1	3503	10044	1	1	1	.01	0	0	150.553	1100
mysql	pk-xt-1M-1000-50-120-1	3503	10045	1	1	1	.1	0	0	227.314	1100
mysql	pk-xt-1M-1000-50-120-1	3503	10046	1	1	1	1	0	0	554.754	100
mysql	pk-xt-1M-1000-50-120-8	3550	10014	1	8	1	0	.25	0	3209.152	300
mysql	pk-xt-1M-1000-50-120-8	3550	10066	1	8	1	0	.5	0	5212.188	100
mysql	pk-xt-1M-1000-50-120-8	3550	10067	1	8	1	0	.75	0	5855.817	100
mysql	pk-xt-1M-1000-50-120-8	3550	10068	1	8	1	0	1	0	6184.104	100
mysql	pk-xt-1M-1000-50-120-8	3550	10069	1	8	1	.01	0	0	18.214	1100
mysql	pk-xt-1M-1000-50-120-8	3550	10070	1	8	1	.1	0	0	24.133	1100
mysql	pk-xt-1M-1000-50-120-8	3550	10071	1	8	1	1	0	0	45.738	1100
mysql	xt-1M-1000-50-120-1	3504	10012	0	1	1	0	.25	0	50528.61	1100
mysql	xt-1M-1000-50-120-1	3504	10015	0	1	1	0	.5	0	50529.51	1100
mysql	xt-1M-1000-50-120-1	3504	10016	0	1	1	0	.75	0	50528.048	1100
mysql	xt-1M-1000-50-120-1	3504	10017	0	1	1	0	1	0	50521.648	1100
mysql	xt-1M-1000-50-120-1	3504	10019	0	1	1	.01	0	0	79949.96	200
mysql	xt-1M-1000-50-120-1	3504	10021	0	1	1	.1	0	0	76958.373	200
mysql	xt-1M-1000-50-120-1	3504	10023	0	1	1	1	0	0	80645.916	200
mysql	xt-1M-1000-50-120-8	3572	10072	0	8	1	0	.25	0	49310.017	1100
mysql	xt-1M-1000-50-120-8	3572	10086	0	8	1	0	.5	0	49354.944	1100
mysql	xt-1M-1000-50-120-8	3572	10087	0	8	1	0	.75	0	49357.758	1100
mysql	xt-1M-1000-50-120-8	3572	10088	0	8	1	0	1	0	49302.702	1100
mysql	xt-1M-1000-50-120-8	3572	10106	0	8	1	.01	0	0	61702.195	400
mysql	xt-1M-1000-50-120-8	3572	10107	0	8	1	.1	0	0	63825.11	400
mysql	xt-1M-1000-50-120-8	3572	10126	0	8	1	1	0	0	60696.136	400
oracle	pk-xt-1M-1000-50-120-1	3506	9986	1	1	1	0	.25	0	3035.722	800
oracle	pk-xt-1M-1000-50-120-1	3506	10006	1	1	1	0	.5	0	29529.159	1100
oracle	pk-xt-1M-1000-50-120-1	3506	10008	1	1	1	0	.75	0	21698.401	1100
oracle	pk-xt-1M-1000-50-120-1	3506	10010	1	1	1	0	1	0	91390.916	600
oracle	pk-xt-1M-1000-50-120-1	3506	10044	1	1	1	.01	0	0	8987.201	1100
oracle	pk-xt-1M-1000-50-120-1	3506	10045	1	1	1	.1	0	0	9337.57	1100
oracle	pk-xt-1M-1000-50-120-1	3506	10046	1	1	1	1	0	0	9598.408	1100
oracle	xt-1M-1000-50-120-1	3531	10012	0	1	1	0	.25	0	21434.306	1100
oracle	xt-1M-1000-50-120-1	3531	10015	0	1	1	0	.5	0	58151.684	1100
oracle	xt-1M-1000-50-120-1	3531	10016	0	1	1	0	.75	0	36028.908	1100
oracle	xt-1M-1000-50-120-1	3531	10017	0	1	1	0	1	0	24410.99	1100
oracle	xt-1M-1000-50-120-1	3531	10019	0	1	1	.01	0	0	9374.741	1100
oracle	xt-1M-1000-50-120-1	3531	10021	0	1	1	.1	0	0	7603.456	1100
oracle	xt-1M-1000-50-120-1	3531	10023	0	1	1	1	0	0	10440.16	700
oracle	xt-1M-1000-50-120-8	3569	10072	0	8	1	0	.25	0	31942.402	500
oracle	xt-1M-1000-50-120-8	3569	10086	0	8	1	0	.5	0	1865.612	300
oracle	xt-1M-1000-50-120-8	3569	10087	0	8	1	0	.75	0	40410.584	800
oracle	xt-1M-1000-50-120-8	3569	10088	0	8	1	0	1	0	50220.653	400
oracle	xt-1M-1000-50-120-8	3569	10106	0	8	1	.01	0	0	5340.795	600
oracle	xt-1M-1000-50-120-8	3569	10107	0	8	1	.1	0	0	5814.052	300
oracle	xt-1M-1000-50-120-8	3569	10126	0	8	1	1	0	0	4009.79	600
pgsql	pk-xt-1M-1000-50-120-1	3508	9986	1	1	1	0	.25	0	2507.047	100
pgsql	pk-xt-1M-1000-50-120-1	3508	10006	1	1	1	0	.5	0	67205.198	100
pgsql	pk-xt-1M-1000-50-120-1	3508	10008	1	1	1	0	.75	0	74426.519	100
pgsql	pk-xt-1M-1000-50-120-1	3508	10010	1	1	1	0	1	0	74457.216	100
pgsql	pk-xt-1M-1000-50-120-1	3508	10044	1	1	1	.01	0	0	47462.545	1100
pgsql	pk-xt-1M-1000-50-120-1	3508	10045	1	1	1	.1	0	0	47722.578	1100
pgsql	pk-xt-1M-1000-50-120-1	3508	10046	1	1	1	1	0	0	48476.981	1100
pgsql	pk-xt-1M-1000-50-120-8	3551	10014	1	8	1	0	.25	0	1851.931	1100
pgsql	pk-xt-1M-1000-50-120-8	3551	10066	1	8	1	0	.5	0	79185.945	100
pgsql	pk-xt-1M-1000-50-120-8	3551	10067	1	8	1	0	.75	0	74471.064	100
pgsql	pk-xt-1M-1000-50-120-8	3551	10068	1	8	1	0	1	0	71631.819	200
pgsql	pk-xt-1M-1000-50-120-8	3551	10069	1	8	1	.01	0	0	25169.488	1100
pgsql	pk-xt-1M-1000-50-120-8	3551	10070	1	8	1	.1	0	0	25210.501	1100
pgsql	pk-xt-1M-1000-50-120-8	3551	10071	1	8	1	1	0	0	25436.902	1100
pgsql	xt-1M-1000-50-120-8	3571	10072	0	8	1	0	.25	0	2934.629	600
pgsql	xt-1M-1000-50-120-8	3571	10086	0	8	1	0	.5	0	71808.383	100
pgsql	xt-1M-1000-50-120-8	3571	10087	0	8	1	0	.75	0	75643.241	100
pgsql	xt-1M-1000-50-120-8	3571	10088	0	8	1	0	1	0	74422.272	100
pgsql	xt-1M-1000-50-120-8	3571	10106	0	8	1	.01	0	0	4546.064	100
pgsql	xt-1M-1000-50-120-8	3571	10107	0	8	1	.1	0	0	20946.197	1100
pgsql	xt-1M-1000-50-120-8	3571	10126	0	8	1	1	0	0	21123.294	1100
sqlserver	pk-xt-30K-1000-50-120-1	3509	9987	1	1	1	0	.25	0	22508.844	700
sqlserver	pk-xt-30K-1000-50-120-1	3509	10007	1	1	1	0	.5	0	88523.863	700
sqlserver	pk-xt-30K-1000-50-120-1	3509	10009	1	1	1	0	.75	0	90825.358	800
sqlserver	pk-xt-30K-1000-50-120-1	3509	10011	1	1	1	0	1	0	92610.074	800
sqlserver	pk-xt-30K-1000-50-120-1	3509	10018	1	1	1	.01	0	0	55686.397	600
sqlserver	pk-xt-30K-1000-50-120-1	3509	10020	1	1	1	.1	0	0	56874.659	600
sqlserver	pk-xt-30K-1000-50-120-1	3509	10022	1	1	1	1	0	0	54868.461	600
sqlserver	xt-30K-1000-50-120-1	3533	10013	0	1	1	0	.25	0	91035.432	800
sqlserver	xt-30K-1000-50-120-1	3533	10024	0	1	1	0	.5	0	90499.051	700
sqlserver	xt-30K-1000-50-120-1	3533	10025	0	1	1	0	.75	0	90834.585	700
sqlserver	xt-30K-1000-50-120-1	3533	10026	0	1	1	0	1	0	90790.676	700
sqlserver	xt-30K-1000-50-120-1	3533	10027	0	1	1	.01	0	0	56712.835	600
sqlserver	xt-30K-1000-50-120-1	3533	10028	0	1	1	.1	0	0	56636.238	600
sqlserver	xt-30K-1000-50-120-1	3533	10029	0	1	1	1	0	0	57848.448	600
