EXPERIMENTNAME	DBMS	RUNID	BATCHSETID	PCTREAD	MPL	NUMEXTS		PROCTIME	TPS
pk-xt-30K-1000-120-1	sqlserver	2809	4584	.01	100	334.6	15039930.2	2.788
pk-xt-30K-1000-120-1	sqlserver	2809	4584	.01	200	410.2	38589165.2	3.418
pk-xt-30K-1000-120-1	sqlserver	2809	4584	.01	300	344.6	39413311	2.871
pk-xt-30K-1000-120-1	sqlserver	2809	4584	.01	400	443	84467841	3.691
pk-xt-30K-1000-120-1	sqlserver	2809	4584	.01	500	1077.2	63908857	8.976
pk-xt-30K-1000-120-1	sqlserver	2809	4584	.01	600	1136.8	85206754.6	9.472
pk-xt-30K-1000-120-1	sqlserver	2809	4584	.01	700	1151.2	106768108.6	9.592
pk-xt-30K-1000-120-1	sqlserver	2809	4584	.01	800	1224.8	136828070.2	10.206
pk-xt-30K-1000-120-1	sqlserver	2809	4584	.01	900	1291.4	157067287.4	10.761
pk-xt-30K-1000-120-1	sqlserver	2809	4584	.01	1000	1355.2	182154186.6	11.292
pk-xt-30K-1000-120-1	sqlserver	2809	4585	.01	100	299.2	15225686	2.493
pk-xt-30K-1000-120-1	sqlserver	2809	4585	.01	200	369.6	38959784.6	3.08
pk-xt-30K-1000-120-1	sqlserver	2809	4585	.01	300	300	38293134	2.5
pk-xt-30K-1000-120-1	sqlserver	2809	4585	.01	400	446.8	82514099.2	3.723
pk-xt-30K-1000-120-1	sqlserver	2809	4585	.01	500	1083.6	62012358.8	9.029
pk-xt-30K-1000-120-1	sqlserver	2809	4585	.01	600	1149	85173222.4	9.574
pk-xt-30K-1000-120-1	sqlserver	2809	4585	.01	700	1157.2	106677429.4	9.643
pk-xt-30K-1000-120-1	sqlserver	2809	4585	.01	800	1220.4	136029822	10.169
pk-xt-30K-1000-120-1	sqlserver	2809	4585	.01	900	1290.8	155251250.4	10.756
pk-xt-30K-1000-120-1	sqlserver	2809	4585	.01	1000	1354	180518747.8	11.282
pk-xt-30K-1000-120-1	sqlserver	2809	4624	.01	100	299.2	14768350.6	2.493
pk-xt-30K-1000-120-1	sqlserver	2809	4624	.01	200	366.6	38814586.8	3.055
pk-xt-30K-1000-120-1	sqlserver	2809	4624	.01	300	300	38314676.6	2.5
pk-xt-30K-1000-120-1	sqlserver	2809	4624	.01	400	448	82101873.2	3.733
pk-xt-30K-1000-120-1	sqlserver	2809	4624	.01	500	1106	65280592.8	9.216
pk-xt-30K-1000-120-1	sqlserver	2809	4624	.01	600	1159.2	86613515.8	9.659
pk-xt-30K-1000-120-1	sqlserver	2809	4624	.01	700	1162.4	105831926.4	9.686
pk-xt-30K-1000-120-1	sqlserver	2809	4624	.01	800	1225.6	135164042.6	10.212
pk-xt-30K-1000-120-1	sqlserver	2809	4624	.01	900	1286.8	155356528.8	10.722
pk-xt-30K-1000-120-1	sqlserver	2809	4624	.01	1000	1355.6	179731369.4	11.296
pk-xt-30K-1000-120-1	sqlserver	2809	4626	.01	100	299.2	15132496.6	2.493
pk-xt-30K-1000-120-1	sqlserver	2809	4626	.01	200	364.4	40743279.8	3.036
pk-xt-30K-1000-120-1	sqlserver	2809	4626	.01	300	348	38843803.8	2.9
pk-xt-30K-1000-120-1	sqlserver	2809	4626	.01	400	443.8	83919121.8	3.698
pk-xt-30K-1000-120-1	sqlserver	2809	4626	.01	500	1115	62509090	9.291
pk-xt-30K-1000-120-1	sqlserver	2809	4626	.01	600	1156.2	85921397.6	9.634
pk-xt-30K-1000-120-1	sqlserver	2809	4626	.01	700	872.4	114687945.8	7.269
pk-xt-30K-1000-120-1	sqlserver	2809	4626	.01	800	1244.6	134958544.2	10.371
pk-xt-30K-1000-120-1	sqlserver	2809	4626	.01	900	1309.2	156106961.4	10.909
pk-xt-30K-1000-120-1	sqlserver	2809	4626	.01	1000	1375	178914628.2	11.457
pk-xt-30K-1000-120-1	sqlserver	2809	4804	.1	100	299.2	15375612.8	2.493
pk-xt-30K-1000-120-1	sqlserver	2809	4804	.1	200	364	40626858.8	3.033
pk-xt-30K-1000-120-1	sqlserver	2809	4804	.1	300	348.2	39235630	2.901
pk-xt-30K-1000-120-1	sqlserver	2809	4804	.1	400	446.8	84158615.4	3.723
pk-xt-30K-1000-120-1	sqlserver	2809	4804	.1	500	1080.4	62669437.8	9.002
pk-xt-30K-1000-120-1	sqlserver	2809	4804	.1	600	1140	83962827	9.499
pk-xt-30K-1000-120-1	sqlserver	2809	4804	.1	700	1151.2	107141993	9.592
pk-xt-30K-1000-120-1	sqlserver	2809	4804	.1	800	1225.6	136709083	10.212
pk-xt-30K-1000-120-1	sqlserver	2809	4804	.1	900	1293.4	156383422.8	10.777
pk-xt-30K-1000-120-1	sqlserver	2809	4804	.1	1000	1355.6	181610393.6	11.296
pk-xt-30K-1000-120-1	sqlserver	2809	4806	.1	100	276	15865837	2.3
pk-xt-30K-1000-120-1	sqlserver	2809	4806	.1	200	406	38570872.2	3.383
pk-xt-30K-1000-120-1	sqlserver	2809	4806	.1	300	347.2	38854004	2.893
pk-xt-30K-1000-120-1	sqlserver	2809	4806	.1	400	446.2	83577928.4	3.718
pk-xt-30K-1000-120-1	sqlserver	2809	4806	.1	500	1102	73083922.4	9.182
pk-xt-30K-1000-120-1	sqlserver	2809	4806	.1	600	1152.6	86563678.6	9.604
pk-xt-30K-1000-120-1	sqlserver	2809	4806	.1	700	1155.6	106417048	9.629
pk-xt-30K-1000-120-1	sqlserver	2809	4806	.1	800	1220.8	135371305.4	10.172
pk-xt-30K-1000-120-1	sqlserver	2809	4806	.1	900	1288.4	155383024.6	10.736
pk-xt-30K-1000-120-1	sqlserver	2809	4806	.1	1000	1352.4	180596762.8	11.269
pk-xt-30K-1000-120-1	sqlserver	2809	4825	.1	100	299	15064812.2	2.491
pk-xt-30K-1000-120-1	sqlserver	2809	4825	.1	200	368.6	40309156.6	3.071
pk-xt-30K-1000-120-1	sqlserver	2809	4825	.1	300	346	38572122.4	2.883
pk-xt-30K-1000-120-1	sqlserver	2809	4825	.1	400	448	82427833.2	3.733
pk-xt-30K-1000-120-1	sqlserver	2809	4825	.1	500	1107.4	62438897.2	9.227
pk-xt-30K-1000-120-1	sqlserver	2809	4825	.1	600	1154	86377704.4	9.616
pk-xt-30K-1000-120-1	sqlserver	2809	4825	.1	700	1171.4	106856974.8	9.761
pk-xt-30K-1000-120-1	sqlserver	2809	4825	.1	800	1227.2	133538928.4	10.226
pk-xt-30K-1000-120-1	sqlserver	2809	4825	.1	900	1291.2	155324006.2	10.759
pk-xt-30K-1000-120-1	sqlserver	2809	4825	.1	1000	1359.6	179411710.6	11.329
pk-xt-30K-1000-120-1	sqlserver	2809	4845	.1	100	299.2	15086421.8	2.493
pk-xt-30K-1000-120-1	sqlserver	2809	4845	.1	200	367	40805266.6	3.058
pk-xt-30K-1000-120-1	sqlserver	2809	4845	.1	300	348.2	38598170.4	2.901
pk-xt-30K-1000-120-1	sqlserver	2809	4845	.1	400	443	84081700	3.691
pk-xt-30K-1000-120-1	sqlserver	2809	4845	.1	500	1108.8	62629144.8	9.239
pk-xt-30K-1000-120-1	sqlserver	2809	4845	.1	600	1163.6	85246776.2	9.696
pk-xt-30K-1000-120-1	sqlserver	2809	4845	.1	700	1201	108298855.6	10.007
pk-xt-30K-1000-120-1	sqlserver	2809	4845	.1	800	1009.4	144613920.4	8.411
pk-xt-30K-1000-120-1	sqlserver	2809	4845	.1	900	1308.4	155395830	10.902
pk-xt-30K-1000-120-1	sqlserver	2809	4845	.1	1000	1366.4	178391293.8	11.386
pk-xt-30K-1000-120-1	sqlserver	2809	5066	1	100	331.4	15045095.4	2.761
pk-xt-30K-1000-120-1	sqlserver	2809	5066	1	200	400	38323191.6	3.333
pk-xt-30K-1000-120-1	sqlserver	2809	5066	1	300	347.6	39173870.6	2.896
pk-xt-30K-1000-120-1	sqlserver	2809	5066	1	400	443.2	85067835.4	3.693
pk-xt-30K-1000-120-1	sqlserver	2809	5066	1	500	1073.8	62865344.6	8.947
pk-xt-30K-1000-120-1	sqlserver	2809	5066	1	600	1133.2	85192861.2	9.442
pk-xt-30K-1000-120-1	sqlserver	2809	5066	1	700	1162.4	108319366	9.686
pk-xt-30K-1000-120-1	sqlserver	2809	5066	1	800	1228	139776340.2	10.232
pk-xt-30K-1000-120-1	sqlserver	2809	5066	1	900	1299.2	159694148.2	10.826
pk-xt-30K-1000-120-1	sqlserver	2809	5066	1	1000	1358.6	185030012.2	11.321
pk-xt-30K-1000-120-1	sqlserver	2809	5085	1	100	298.8	14983359.8	2.49
pk-xt-30K-1000-120-1	sqlserver	2809	5085	1	200	366.4	38913230	3.053
pk-xt-30K-1000-120-1	sqlserver	2809	5085	1	300	300	38556114.6	2.5
pk-xt-30K-1000-120-1	sqlserver	2809	5085	1	400	400	83101183.2	3.333
pk-xt-30K-1000-120-1	sqlserver	2809	5085	1	500	1073.6	65100679	8.946
pk-xt-30K-1000-120-1	sqlserver	2809	5085	1	600	1144.6	86204810.8	9.537
pk-xt-30K-1000-120-1	sqlserver	2809	5085	1	700	1155.6	108513028.6	9.629
pk-xt-30K-1000-120-1	sqlserver	2809	5085	1	800	1224	138113105	10.199
pk-xt-30K-1000-120-1	sqlserver	2809	5085	1	900	1290.8	158031189.4	10.756
pk-xt-30K-1000-120-1	sqlserver	2809	5085	1	1000	1359.8	184685930.8	11.331
pk-xt-30K-1000-120-1	sqlserver	2809	5105	1	100	298.8	15053733.8	2.49
pk-xt-30K-1000-120-1	sqlserver	2809	5105	1	200	369.2	40984980	3.076
pk-xt-30K-1000-120-1	sqlserver	2809	5105	1	300	345.8	38549150	2.881
pk-xt-30K-1000-120-1	sqlserver	2809	5105	1	400	444.6	82564159.4	3.705
pk-xt-30K-1000-120-1	sqlserver	2809	5105	1	500	1086.8	62497647.2	9.056
pk-xt-30K-1000-120-1	sqlserver	2809	5105	1	600	1147.6	86214795.6	9.562
pk-xt-30K-1000-120-1	sqlserver	2809	5105	1	700	1156.2	107300052.4	9.634
pk-xt-30K-1000-120-1	sqlserver	2809	5105	1	800	1224.8	138040317.8	10.206
pk-xt-30K-1000-120-1	sqlserver	2809	5105	1	900	1288.2	157368945.6	10.734
pk-xt-30K-1000-120-1	sqlserver	2809	5105	1	1000	1357.6	183221264.4	11.312
pk-xt-30K-1000-120-1	sqlserver	2809	5125	1	100	299.2	15330331.8	2.493
pk-xt-30K-1000-120-1	sqlserver	2809	5125	1	200	366.4	40062690	3.053
pk-xt-30K-1000-120-1	sqlserver	2809	5125	1	300	344.2	38739570.8	2.868
pk-xt-30K-1000-120-1	sqlserver	2809	5125	1	400	443.8	82582058	3.698
pk-xt-30K-1000-120-1	sqlserver	2809	5125	1	500	1066.8	61440856	8.889
pk-xt-30K-1000-120-1	sqlserver	2809	5125	1	600	1153.4	85853648.2	9.611
pk-xt-30K-1000-120-1	sqlserver	2809	5125	1	700	1159.8	107339538.2	9.664
pk-xt-30K-1000-120-1	sqlserver	2809	5125	1	800	1021.4	150419659.2	8.511
pk-xt-30K-1000-120-1	sqlserver	2809	5125	1	900	1286.2	156314370.6	10.717
pk-xt-30K-1000-120-1	sqlserver	2809	5125	1	1000	1355.6	183064460.6	11.296
pk-xt-30K-1000-120-2	sqlserver	2649	7386	.01	100	27135.2	12007685.8	226.104
pk-xt-30K-1000-120-2	sqlserver	2649	7386	.01	200	27088.2	24000847.6	225.713
pk-xt-30K-1000-120-2	sqlserver	2649	7386	.01	300	27502.8	35377029.2	229.167
pk-xt-30K-1000-120-2	sqlserver	2649	7386	.01	400	22927.6	46981198.8	191.045
pk-xt-30K-1000-120-2	sqlserver	2649	7386	.01	500	13265.6	57920800.2	110.536
pk-xt-30K-1000-120-2	sqlserver	2649	7386	.01	600	19448.2	70054408.8	162.053
pk-xt-30K-1000-120-2	sqlserver	2649	7386	.01	700	27173.6	82527291.2	226.426
pk-xt-30K-1000-120-2	sqlserver	2649	7386	.01	800	27113.6	94463293	225.925
pk-xt-30K-1000-120-2	sqlserver	2649	7386	.01	900	27320.4	106749549	227.648
pk-xt-30K-1000-120-2	sqlserver	2649	7386	.01	1000	27174.4	118807966.8	226.432
pk-xt-30K-1000-120-2	sqlserver	2649	7407	.01	100	27526.6	12009170.4	229.367
pk-xt-30K-1000-120-2	sqlserver	2649	7407	.01	200	27866	23903363.2	232.194
pk-xt-30K-1000-120-2	sqlserver	2649	7407	.01	300	27592.4	35597225	229.915
pk-xt-30K-1000-120-2	sqlserver	2649	7407	.01	400	27694.4	47250166.4	230.764
pk-xt-30K-1000-120-2	sqlserver	2649	7407	.01	500	27389.2	58729724	228.222
pk-xt-30K-1000-120-2	sqlserver	2649	7407	.01	600	28156.8	70972469	234.618
pk-xt-30K-1000-120-2	sqlserver	2649	7407	.01	700	27804.2	82453273.4	231.679
pk-xt-30K-1000-120-2	sqlserver	2649	7407	.01	800	27695.6	94295940	230.774
pk-xt-30K-1000-120-2	sqlserver	2649	7407	.01	900	27605.4	106211240.4	230.022
pk-xt-30K-1000-120-2	sqlserver	2649	7407	.01	1000	27881	117912538.2	232.319
pk-xt-30K-1000-120-2	sqlserver	2649	7426	.01	100	28048.8	11991486.6	233.718
pk-xt-30K-1000-120-2	sqlserver	2649	7426	.01	200	27989.6	23982766.4	233.233
pk-xt-30K-1000-120-2	sqlserver	2649	7426	.01	300	28314.4	35477174.4	235.934
pk-xt-30K-1000-120-2	sqlserver	2649	7426	.01	400	28609.4	46424421.2	238.389
pk-xt-30K-1000-120-2	sqlserver	2649	7426	.01	500	28044.2	58418726.2	233.679
pk-xt-30K-1000-120-2	sqlserver	2649	7426	.01	600	28214.2	70847141.2	235.097
pk-xt-30K-1000-120-2	sqlserver	2649	7426	.01	700	28022.4	82585829	233.497
pk-xt-30K-1000-120-2	sqlserver	2649	7426	.01	800	28192.4	94548912.8	234.914
pk-xt-30K-1000-120-2	sqlserver	2649	7426	.01	900	28223.8	107003876.2	235.176
pk-xt-30K-1000-120-2	sqlserver	2649	7426	.01	1000	28295.4	118436608.4	235.773
pk-xt-30K-1000-120-2	sqlserver	2649	7446	.01	100	28658.6	12008270	238.798
pk-xt-30K-1000-120-2	sqlserver	2649	7446	.01	200	28946.6	24021928.6	241.198
pk-xt-30K-1000-120-2	sqlserver	2649	7446	.01	300	28730.2	35623844.8	239.396
pk-xt-30K-1000-120-2	sqlserver	2649	7446	.01	400	28738	47448508.2	239.46
pk-xt-30K-1000-120-2	sqlserver	2649	7446	.01	500	28626.8	58910667.2	238.534
pk-xt-30K-1000-120-2	sqlserver	2649	7446	.01	600	28962	70523162.8	241.327
pk-xt-30K-1000-120-2	sqlserver	2649	7446	.01	700	28613.6	82572323.6	238.424
pk-xt-30K-1000-120-2	sqlserver	2649	7446	.01	800	28750.4	94031693.6	239.564
pk-xt-30K-1000-120-2	sqlserver	2649	7446	.01	900	28457.8	106241150.6	237.125
pk-xt-30K-1000-120-2	sqlserver	2649	7446	.01	1000	28690.8	117962612	239.067
pk-xt-30K-1000-120-2	sqlserver	2649	9506	.1	100	26939.4	12001618.2	224.473
pk-xt-30K-1000-120-2	sqlserver	2649	9506	.1	200	26965.2	24000472.8	224.688
pk-xt-30K-1000-120-2	sqlserver	2649	9506	.1	300	27313.6	35802817.4	227.591
pk-xt-30K-1000-120-2	sqlserver	2649	9506	.1	400	27217.6	47218409.4	226.793
pk-xt-30K-1000-120-2	sqlserver	2649	9506	.1	500	27132.6	58928709	226.083
pk-xt-30K-1000-120-2	sqlserver	2649	9506	.1	600	27103.4	71116648	225.84
pk-xt-30K-1000-120-2	sqlserver	2649	9506	.1	700	27295.2	82788359.2	227.438
pk-xt-30K-1000-120-2	sqlserver	2649	9506	.1	800	27350.8	94762351	227.872
pk-xt-30K-1000-120-2	sqlserver	2649	9506	.1	900	27089.8	106881716.8	225.727
pk-xt-30K-1000-120-2	sqlserver	2649	9506	.1	1000	27350.2	119119387.8	227.897
pk-xt-30K-1000-120-2	sqlserver	2649	9526	.1	100	27255	12002316.2	227.103
pk-xt-30K-1000-120-2	sqlserver	2649	9526	.1	200	27493.8	23915934.2	229.092
pk-xt-30K-1000-120-2	sqlserver	2649	9526	.1	300	27562	35546105	229.654
pk-xt-30K-1000-120-2	sqlserver	2649	9526	.1	400	27376	47717680.4	228.111
pk-xt-30K-1000-120-2	sqlserver	2649	9526	.1	500	27293.4	59275649.4	227.423
pk-xt-30K-1000-120-2	sqlserver	2649	9526	.1	600	27297.6	71206134.6	227.458
pk-xt-30K-1000-120-2	sqlserver	2649	9526	.1	700	27741.2	82846611.6	231.154
pk-xt-30K-1000-120-2	sqlserver	2649	9526	.1	800	27816.2	95496235	231.779
pk-xt-30K-1000-120-2	sqlserver	2649	9526	.1	900	27637.6	106881378	230.291
pk-xt-30K-1000-120-2	sqlserver	2649	9526	.1	1000	27736.8	119240854.2	231.117
pk-xt-30K-1000-120-2	sqlserver	2649	9527	.1	100	28251.8	11929214.6	235.409
pk-xt-30K-1000-120-2	sqlserver	2649	9527	.1	200	28110.4	23834190.6	234.231
pk-xt-30K-1000-120-2	sqlserver	2649	9527	.1	300	27934.6	35637908.8	232.766
pk-xt-30K-1000-120-2	sqlserver	2649	9527	.1	400	28230	47328739	235.226
pk-xt-30K-1000-120-2	sqlserver	2649	9527	.1	500	28296.4	58824159.6	235.781
pk-xt-30K-1000-120-2	sqlserver	2649	9527	.1	600	27978.2	70430964.6	233.13
pk-xt-30K-1000-120-2	sqlserver	2649	9527	.1	700	28237	82788501.4	235.286
pk-xt-30K-1000-120-2	sqlserver	2649	9527	.1	800	28295.6	94459654.2	235.774
pk-xt-30K-1000-120-2	sqlserver	2649	9527	.1	900	28699.8	106880210.2	239.141
pk-xt-30K-1000-120-2	sqlserver	2649	9527	.1	1000	28218.8	118225022.2	235.134
pk-xt-30K-1000-120-2	sqlserver	2649	9528	.1	100	28776	11978534.4	239.777
pk-xt-30K-1000-120-2	sqlserver	2649	9528	.1	200	28843.8	23813565	240.342
pk-xt-30K-1000-120-2	sqlserver	2649	9528	.1	300	28744.6	35386357	239.515
pk-xt-30K-1000-120-2	sqlserver	2649	9528	.1	400	28517.8	46902389.4	237.625
pk-xt-30K-1000-120-2	sqlserver	2649	9528	.1	500	28818.8	59105223.4	240.133
pk-xt-30K-1000-120-2	sqlserver	2649	9528	.1	600	28761.2	70094356.2	239.653
pk-xt-30K-1000-120-2	sqlserver	2649	9528	.1	700	28869.2	82529416.4	240.553
pk-xt-30K-1000-120-2	sqlserver	2649	9528	.1	800	28567.2	94140980.6	238.037
pk-xt-30K-1000-120-2	sqlserver	2649	9528	.1	900	28655.6	106928188	238.774
pk-xt-30K-1000-120-2	sqlserver	2649	9528	.1	1000	28844.2	118483125	240.345
pk-xt-30K-1000-120-2	sqlserver	2649	9529	1	100	26465.6	11999522.4	220.525
pk-xt-30K-1000-120-2	sqlserver	2649	9529	1	200	26314	23853170.8	219.263
pk-xt-30K-1000-120-2	sqlserver	2649	9529	1	300	26534	35845944.8	221.095
pk-xt-30K-1000-120-2	sqlserver	2649	9529	1	400	26592.8	47617081	221.586
pk-xt-30K-1000-120-2	sqlserver	2649	9529	1	500	26483	58883465	220.671
pk-xt-30K-1000-120-2	sqlserver	2649	9529	1	600	26803.6	70652288.6	223.345
pk-xt-30K-1000-120-2	sqlserver	2649	9529	1	700	26724.4	82138974.8	222.685
pk-xt-30K-1000-120-2	sqlserver	2649	9529	1	800	26958	94749488.4	224.628
pk-xt-30K-1000-120-2	sqlserver	2649	9529	1	900	26877.4	106928146.4	223.957
pk-xt-30K-1000-120-2	sqlserver	2649	9529	1	1000	26792.8	118879904.4	223.251
pk-xt-30K-1000-120-2	sqlserver	2649	9530	1	100	26691.6	11982437.8	222.408
pk-xt-30K-1000-120-2	sqlserver	2649	9530	1	200	26740.8	23792922.8	222.818
pk-xt-30K-1000-120-2	sqlserver	2649	9530	1	300	26932.6	35822918.8	224.416
pk-xt-30K-1000-120-2	sqlserver	2649	9530	1	400	27076.4	47259981.6	225.615
pk-xt-30K-1000-120-2	sqlserver	2649	9530	1	500	27131	58862770	226.064
pk-xt-30K-1000-120-2	sqlserver	2649	9530	1	600	26709.8	70303002.4	222.56
pk-xt-30K-1000-120-2	sqlserver	2649	9530	1	700	27163	82333437	226.336
pk-xt-30K-1000-120-2	sqlserver	2649	9530	1	800	27161.4	94782119.6	226.306
pk-xt-30K-1000-120-2	sqlserver	2649	9530	1	900	27163.4	106401192.8	226.339
pk-xt-30K-1000-120-2	sqlserver	2649	9530	1	1000	27229.6	119234001	226.892
pk-xt-30K-1000-120-2	sqlserver	2649	9531	1	100	27434.2	11966167.2	228.596
pk-xt-30K-1000-120-2	sqlserver	2649	9531	1	200	27149.6	23838463.6	226.225
pk-xt-30K-1000-120-2	sqlserver	2649	9531	1	300	27013.6	35597362.4	225.092
pk-xt-30K-1000-120-2	sqlserver	2649	9531	1	400	26973	47006812	224.754
pk-xt-30K-1000-120-2	sqlserver	2649	9531	1	500	27175.8	58851891.6	226.443
pk-xt-30K-1000-120-2	sqlserver	2649	9531	1	600	27148	70601111.2	226.211
pk-xt-30K-1000-120-2	sqlserver	2649	9531	1	700	27545.4	82448032.6	229.523
pk-xt-30K-1000-120-2	sqlserver	2649	9531	1	800	27813.8	94508351.4	231.76
pk-xt-30K-1000-120-2	sqlserver	2649	9531	1	900	27492.2	106579613.2	229.08
pk-xt-30K-1000-120-2	sqlserver	2649	9531	1	1000	27202	119043799.6	226.661
pk-xt-30K-1000-120-2	sqlserver	2649	9532	1	100	27703.2	11992871.8	230.838
pk-xt-30K-1000-120-2	sqlserver	2649	9532	1	200	27829.4	23877604.4	231.889
pk-xt-30K-1000-120-2	sqlserver	2649	9532	1	300	27829.8	35378319.4	231.893
pk-xt-30K-1000-120-2	sqlserver	2649	9532	1	400	26568.4	47208496	221.383
pk-xt-30K-1000-120-2	sqlserver	2649	9532	1	500	27641.2	56494089.4	230.321
pk-xt-30K-1000-120-2	sqlserver	2649	9532	1	600	27308.4	68899296.8	227.536
pk-xt-30K-1000-120-2	sqlserver	2649	9532	1	700	27882	82554464.2	232.327
pk-xt-30K-1000-120-2	sqlserver	2649	9532	1	800	27955.6	94192118.6	232.941
pk-xt-30K-1000-120-2	sqlserver	2649	9532	1	900	27746.6	106656668.2	231.204
pk-xt-30K-1000-120-2	sqlserver	2649	9532	1	1000	27850	118719685.8	232.065
pk-xt-30K-1000-120-4	sqlserver	2409	8966	.01	100	77078.2	12003148.8	642.261
pk-xt-30K-1000-120-4	sqlserver	2409	8966	.01	200	77219.2	23993715.2	643.434
pk-xt-30K-1000-120-4	sqlserver	2409	8966	.01	300	77300.6	36013994.2	644.113
pk-xt-30K-1000-120-4	sqlserver	2409	8966	.01	400	77330.6	47962013.2	644.38
pk-xt-30K-1000-120-4	sqlserver	2409	8966	.01	500	76825.4	59833244	640.151
pk-xt-30K-1000-120-4	sqlserver	2409	8966	.01	600	76722.2	71904974.2	639.295
pk-xt-30K-1000-120-4	sqlserver	2409	8966	.01	700	76585.2	84026440.6	638.155
pk-xt-30K-1000-120-4	sqlserver	2409	8966	.01	800	76478.4	96088007.8	637.263
pk-xt-30K-1000-120-4	sqlserver	2409	8966	.01	900	76563	108162839	637.968
pk-xt-30K-1000-120-4	sqlserver	2409	8966	.01	1000	76176.6	120119124.8	634.747
pk-xt-30K-1000-120-4	sqlserver	2409	8986	.01	100	78572.8	12002648	654.714
pk-xt-30K-1000-120-4	sqlserver	2409	8986	.01	200	78830.2	24004344	656.86
pk-xt-30K-1000-120-4	sqlserver	2409	8986	.01	300	78738	35970873.8	656.093
pk-xt-30K-1000-120-4	sqlserver	2409	8986	.01	400	78489.8	47911228.8	654.023
pk-xt-30K-1000-120-4	sqlserver	2409	8986	.01	500	78367.4	59789089.4	653.003
pk-xt-30K-1000-120-4	sqlserver	2409	8986	.01	600	78097.8	71955919.8	650.755
pk-xt-30K-1000-120-4	sqlserver	2409	8986	.01	700	78272.6	84083985.8	652.213
pk-xt-30K-1000-120-4	sqlserver	2409	8986	.01	800	78001.4	95902022.8	649.953
pk-xt-30K-1000-120-4	sqlserver	2409	8986	.01	900	77923	108118703.8	649.3
pk-xt-30K-1000-120-4	sqlserver	2409	8986	.01	1000	77828.4	119931252.4	648.512
pk-xt-30K-1000-120-4	sqlserver	2409	9006	.01	100	79366.6	12003287.8	661.33
pk-xt-30K-1000-120-4	sqlserver	2409	9006	.01	200	79664.8	24005244.8	663.815
pk-xt-30K-1000-120-4	sqlserver	2409	9006	.01	300	79576.4	35989713.4	663.077
pk-xt-30K-1000-120-4	sqlserver	2409	9006	.01	400	79398.4	47931050.4	661.594
pk-xt-30K-1000-120-4	sqlserver	2409	9006	.01	500	68061.6	60034511.4	567.129
pk-xt-30K-1000-120-4	sqlserver	2409	9006	.01	600	67783.6	71965604.6	564.812
pk-xt-30K-1000-120-4	sqlserver	2409	9006	.01	700	73318.4	83976003	610.931
pk-xt-30K-1000-120-4	sqlserver	2409	9006	.01	800	78947.2	96012052.8	657.836
pk-xt-30K-1000-120-4	sqlserver	2409	9006	.01	900	79173.6	107932481.4	659.721
pk-xt-30K-1000-120-4	sqlserver	2409	9006	.01	1000	78721	120012042.8	655.949
pk-xt-30K-1000-120-4	sqlserver	2409	9026	.01	100	81342.4	12001689.8	677.791
pk-xt-30K-1000-120-4	sqlserver	2409	9026	.01	200	81307.4	23981931.8	677.502
pk-xt-30K-1000-120-4	sqlserver	2409	9026	.01	300	81779	35987758.2	681.429
pk-xt-30K-1000-120-4	sqlserver	2409	9026	.01	400	80781.2	47947418	673.115
pk-xt-30K-1000-120-4	sqlserver	2409	9026	.01	500	80864.4	59817764.4	673.808
pk-xt-30K-1000-120-4	sqlserver	2409	9026	.01	600	80805.8	71843026	673.32
pk-xt-30K-1000-120-4	sqlserver	2409	9026	.01	700	80648.8	83997007.8	672.012
pk-xt-30K-1000-120-4	sqlserver	2409	9026	.01	800	80490.2	96037420.2	670.69
pk-xt-30K-1000-120-4	sqlserver	2409	9026	.01	900	80209.2	108023009.8	668.351
pk-xt-30K-1000-120-4	sqlserver	2409	9026	.01	1000	80379.6	120103990.8	669.77
pk-xt-30K-1000-120-4	sqlserver	2409	9046	.1	100	77058.2	12003690.2	642.094
pk-xt-30K-1000-120-4	sqlserver	2409	9046	.1	200	77264.8	24008650.2	643.814
pk-xt-30K-1000-120-4	sqlserver	2409	9046	.1	300	76940.6	35978788.8	641.115
pk-xt-30K-1000-120-4	sqlserver	2409	9046	.1	400	76997.2	47869561.2	641.587
pk-xt-30K-1000-120-4	sqlserver	2409	9046	.1	500	76425.8	59837356.2	636.823
pk-xt-30K-1000-120-4	sqlserver	2409	9046	.1	600	76492.8	71808043.8	637.384
pk-xt-30K-1000-120-4	sqlserver	2409	9046	.1	700	76416.6	83891080	636.749
pk-xt-30K-1000-120-4	sqlserver	2409	9046	.1	800	76481.2	95982483.8	637.288
pk-xt-30K-1000-120-4	sqlserver	2409	9046	.1	900	76471.6	107947993.8	637.205
pk-xt-30K-1000-120-4	sqlserver	2409	9046	.1	1000	76122.8	120012496.6	634.3
pk-xt-30K-1000-120-4	sqlserver	2409	9067	.1	100	78399.4	12003232.2	653.268
pk-xt-30K-1000-120-4	sqlserver	2409	9067	.1	200	78535.2	24005500.4	654.401
pk-xt-30K-1000-120-4	sqlserver	2409	9067	.1	300	78472.8	35970890.2	653.88
pk-xt-30K-1000-120-4	sqlserver	2409	9067	.1	400	78245	47926990	652.004
pk-xt-30K-1000-120-4	sqlserver	2409	9067	.1	500	78120.4	59843285	650.943
pk-xt-30K-1000-120-4	sqlserver	2409	9067	.1	600	77766.8	71912987.6	647.998
pk-xt-30K-1000-120-4	sqlserver	2409	9067	.1	700	77854.6	83957861.2	648.729
pk-xt-30K-1000-120-4	sqlserver	2409	9067	.1	800	77545.6	96002004.6	646.156
pk-xt-30K-1000-120-4	sqlserver	2409	9067	.1	900	77646.8	108074685.6	646.998
pk-xt-30K-1000-120-4	sqlserver	2409	9067	.1	1000	77409.6	120210681.6	645.023
pk-xt-30K-1000-120-4	sqlserver	2409	9086	.1	100	79121	12002070.2	659.282
pk-xt-30K-1000-120-4	sqlserver	2409	9086	.1	200	79410.8	24003950.2	661.697
pk-xt-30K-1000-120-4	sqlserver	2409	9086	.1	300	79425	35954180.6	661.815
pk-xt-30K-1000-120-4	sqlserver	2409	9086	.1	400	79202.8	47906612.4	659.964
pk-xt-30K-1000-120-4	sqlserver	2409	9086	.1	500	78904.8	59806107.6	657.481
pk-xt-30K-1000-120-4	sqlserver	2409	9086	.1	600	78811.6	71974199	656.704
pk-xt-30K-1000-120-4	sqlserver	2409	9086	.1	700	78796.2	83951952.4	656.575
pk-xt-30K-1000-120-4	sqlserver	2409	9086	.1	800	78316.2	96099925.2	652.575
pk-xt-30K-1000-120-4	sqlserver	2409	9086	.1	900	78830.6	108000630.6	656.863
pk-xt-30K-1000-120-4	sqlserver	2409	9086	.1	1000	78525.2	120068160.6	654.317
pk-xt-30K-1000-120-4	sqlserver	2409	9106	.1	100	81516.6	12003212	679.244
pk-xt-30K-1000-120-4	sqlserver	2409	9106	.1	200	80643.2	24006867.6	671.967
pk-xt-30K-1000-120-4	sqlserver	2409	9106	.1	300	80955.8	35997193.6	674.571
pk-xt-30K-1000-120-4	sqlserver	2409	9106	.1	400	80692	47899365.2	672.372
pk-xt-30K-1000-120-4	sqlserver	2409	9106	.1	500	80517	59835108.4	670.915
pk-xt-30K-1000-120-4	sqlserver	2409	9106	.1	600	80664.8	71923312.6	672.147
pk-xt-30K-1000-120-4	sqlserver	2409	9106	.1	700	80149.2	83964732.2	667.849
pk-xt-30K-1000-120-4	sqlserver	2409	9106	.1	800	80375.8	95949990.4	669.738
pk-xt-30K-1000-120-4	sqlserver	2409	9106	.1	900	80401	108078883.2	669.948
pk-xt-30K-1000-120-4	sqlserver	2409	9106	.1	1000	80199	120040272.2	668.266
pk-xt-30K-1000-120-4	sqlserver	2409	9126	1	100	74954.8	12002878.4	624.567
pk-xt-30K-1000-120-4	sqlserver	2409	9126	1	200	74788	24009168.2	623.177
pk-xt-30K-1000-120-4	sqlserver	2409	9126	1	300	74862.8	36000054.4	623.795
pk-xt-30K-1000-120-4	sqlserver	2409	9126	1	400	74725.4	47949254	622.669
pk-xt-30K-1000-120-4	sqlserver	2409	9126	1	500	73976.2	59887682	616.412
pk-xt-30K-1000-120-4	sqlserver	2409	9126	1	600	74129.6	71928513.8	617.69
pk-xt-30K-1000-120-4	sqlserver	2409	9126	1	700	74200.8	83908613.6	618.283
pk-xt-30K-1000-120-4	sqlserver	2409	9126	1	800	74157.2	96023089.8	617.922
pk-xt-30K-1000-120-4	sqlserver	2409	9126	1	900	74234.8	108071329.6	618.567
pk-xt-30K-1000-120-4	sqlserver	2409	9126	1	1000	74172.6	120103929.4	618.048
pk-xt-30K-1000-120-4	sqlserver	2409	9146	1	100	76025.2	12002803	633.486
pk-xt-30K-1000-120-4	sqlserver	2409	9146	1	200	76073.4	24004959.6	633.887
pk-xt-30K-1000-120-4	sqlserver	2409	9146	1	300	76012.8	35981366	633.384
pk-xt-30K-1000-120-4	sqlserver	2409	9146	1	400	75879.8	47952327.2	632.274
pk-xt-30K-1000-120-4	sqlserver	2409	9146	1	500	75891	59860082	632.37
pk-xt-30K-1000-120-4	sqlserver	2409	9146	1	600	75695.8	71938310.8	630.742
pk-xt-30K-1000-120-4	sqlserver	2409	9146	1	700	75931	84027983.4	632.7
pk-xt-30K-1000-120-4	sqlserver	2409	9146	1	800	75343.8	96075725.4	627.808
pk-xt-30K-1000-120-4	sqlserver	2409	9146	1	900	75398.8	108138613.8	628.267
pk-xt-30K-1000-120-4	sqlserver	2409	9146	1	1000	75256.2	120121525.6	627.081
pk-xt-30K-1000-120-4	sqlserver	2409	9166	1	100	77258.6	12002590.2	643.763
pk-xt-30K-1000-120-4	sqlserver	2409	9166	1	200	77149.8	23996103	642.857
pk-xt-30K-1000-120-4	sqlserver	2409	9166	1	300	77159.6	35974435.8	642.939
pk-xt-30K-1000-120-4	sqlserver	2409	9166	1	400	76832.4	47963209.6	640.211
pk-xt-30K-1000-120-4	sqlserver	2409	9166	1	500	76888.2	59864505.6	640.678
pk-xt-30K-1000-120-4	sqlserver	2409	9166	1	600	76501.6	72071337.8	637.455
pk-xt-30K-1000-120-4	sqlserver	2409	9166	1	700	66071.2	84090573.2	550.543
pk-xt-30K-1000-120-4	sqlserver	2409	9166	1	800	66981	96028443	558.125
pk-xt-30K-1000-120-4	sqlserver	2409	9166	1	900	73399.6	108032019.6	611.607
pk-xt-30K-1000-120-4	sqlserver	2409	9166	1	1000	76354.2	120128666	636.228
pk-xt-30K-1000-120-4	sqlserver	2409	9186	1	100	77896	12003666.2	649.074
pk-xt-30K-1000-120-4	sqlserver	2409	9186	1	200	77948.6	24002122	649.514
pk-xt-30K-1000-120-4	sqlserver	2409	9186	1	300	77669.6	36011048.6	647.192
pk-xt-30K-1000-120-4	sqlserver	2409	9186	1	400	77799.4	47925526.6	648.263
pk-xt-30K-1000-120-4	sqlserver	2409	9186	1	500	77883.4	59942277.6	648.97
pk-xt-30K-1000-120-4	sqlserver	2409	9186	1	600	77541.2	71986342.2	646.119
pk-xt-30K-1000-120-4	sqlserver	2409	9186	1	700	77542.8	84053847.8	646.131
pk-xt-30K-1000-120-4	sqlserver	2409	9186	1	800	77266.8	96155096.8	643.831
pk-xt-30K-1000-120-4	sqlserver	2409	9186	1	900	77285.4	108097560	643.988
pk-xt-30K-1000-120-4	sqlserver	2409	9186	1	1000	77436.4	120383398.4	645.244
pk-xt-30K-1000-120-6	sqlserver	3150	9627	.01	100	126322.2	11999951	1052.601
pk-xt-30K-1000-120-6	sqlserver	3150	9627	.01	200	126676.4	24002561.4	1055.536
pk-xt-30K-1000-120-6	sqlserver	3150	9627	.01	300	126681.2	36005201	1055.575
pk-xt-30K-1000-120-6	sqlserver	3150	9627	.01	400	126550.4	48028142.2	1054.485
pk-xt-30K-1000-120-6	sqlserver	3150	9627	.01	500	126067.2	60012719.8	1050.457
pk-xt-30K-1000-120-6	sqlserver	3150	9627	.01	600	125321.4	72020461.6	1044.248
pk-xt-30K-1000-120-6	sqlserver	3150	9627	.01	700	125047.6	84068267.8	1041.961
pk-xt-30K-1000-120-6	sqlserver	3150	9627	.01	800	124557.4	96073717.2	1037.881
pk-xt-30K-1000-120-6	sqlserver	3150	9627	.01	900	124394.6	108127665	1036.521
pk-xt-30K-1000-120-6	sqlserver	3150	9627	.01	1000	124411.6	120176342.6	1036.665
pk-xt-30K-1000-120-6	sqlserver	3150	9629	.01	100	128420.6	12000899.6	1070.068
pk-xt-30K-1000-120-6	sqlserver	3150	9629	.01	200	128357.4	24000730.6	1069.542
pk-xt-30K-1000-120-6	sqlserver	3150	9629	.01	300	128165.4	36002685.4	1067.944
pk-xt-30K-1000-120-6	sqlserver	3150	9629	.01	400	127847	47994905.6	1065.285
pk-xt-30K-1000-120-6	sqlserver	3150	9629	.01	500	127558.4	60005269.2	1062.884
pk-xt-30K-1000-120-6	sqlserver	3150	9629	.01	600	127381	72012758.2	1061.411
pk-xt-30K-1000-120-6	sqlserver	3150	9629	.01	700	127307.8	84053583.4	1060.799
pk-xt-30K-1000-120-6	sqlserver	3150	9629	.01	800	126807	96026293.4	1056.625
pk-xt-30K-1000-120-6	sqlserver	3150	9629	.01	900	126713.8	108060175.4	1055.85
pk-xt-30K-1000-120-6	sqlserver	3150	9629	.01	1000	126626.6	120210648.2	1055.116
pk-xt-30K-1000-120-6	sqlserver	3150	9631	.01	100	130363.2	12001105.8	1086.257
pk-xt-30K-1000-120-6	sqlserver	3150	9631	.01	200	131354.8	24001548	1094.521
pk-xt-30K-1000-120-6	sqlserver	3150	9631	.01	300	130318.2	36000147.8	1085.88
pk-xt-30K-1000-120-6	sqlserver	3150	9631	.01	400	130016.6	48009069.2	1083.367
pk-xt-30K-1000-120-6	sqlserver	3150	9631	.01	500	129719	59996495.2	1080.887
pk-xt-30K-1000-120-6	sqlserver	3150	9631	.01	600	128985.2	72000391.2	1074.776
pk-xt-30K-1000-120-6	sqlserver	3150	9631	.01	700	128889.6	84014123.8	1073.978
pk-xt-30K-1000-120-6	sqlserver	3150	9631	.01	800	128726.8	96094310.2	1072.62
pk-xt-30K-1000-120-6	sqlserver	3150	9631	.01	900	128199	108099140.6	1068.227
pk-xt-30K-1000-120-6	sqlserver	3150	9631	.01	1000	128093.4	120175520.2	1067.345
pk-xt-30K-1000-120-6	sqlserver	3150	9646	.01	100	132356.4	12000772.6	1102.865
pk-xt-30K-1000-120-6	sqlserver	3150	9646	.01	200	132688.4	23998278.4	1105.628
pk-xt-30K-1000-120-6	sqlserver	3150	9646	.01	300	132706.2	35989051	1105.78
pk-xt-30K-1000-120-6	sqlserver	3150	9646	.01	400	132539.2	47987917.6	1104.387
pk-xt-30K-1000-120-6	sqlserver	3150	9646	.01	500	131143.4	60013511.8	1092.754
pk-xt-30K-1000-120-6	sqlserver	3150	9646	.01	600	131182	72017129	1093.078
pk-xt-30K-1000-120-6	sqlserver	3150	9646	.01	700	131573	84046005	1096.334
pk-xt-30K-1000-120-6	sqlserver	3150	9646	.01	800	131046.8	96054965.4	1091.949
pk-xt-30K-1000-120-6	sqlserver	3150	9646	.01	900	130776.8	108105075.4	1089.589
pk-xt-30K-1000-120-6	sqlserver	3150	9646	.01	1000	130395.2	120193301.2	1086.522
pk-xt-30K-1000-120-6	sqlserver	3150	9648	.1	100	126338.2	12000646.6	1052.717
pk-xt-30K-1000-120-6	sqlserver	3150	9648	.1	200	126841.6	24001265	1056.913
pk-xt-30K-1000-120-6	sqlserver	3150	9648	.1	300	126481.6	35993997	1053.913
pk-xt-30K-1000-120-6	sqlserver	3150	9648	.1	400	126248.8	48009272	1051.973
pk-xt-30K-1000-120-6	sqlserver	3150	9648	.1	500	125845.8	60004543	1048.612
pk-xt-30K-1000-120-6	sqlserver	3150	9648	.1	600	125143.6	72008404.6	1042.761
pk-xt-30K-1000-120-6	sqlserver	3150	9648	.1	700	124925.2	84073234.2	1040.943
pk-xt-30K-1000-120-6	sqlserver	3150	9648	.1	800	124589	96123398.2	1038.141
pk-xt-30K-1000-120-6	sqlserver	3150	9648	.1	900	124634.4	108121901.4	1038.52
pk-xt-30K-1000-120-6	sqlserver	3150	9648	.1	1000	124384.2	120217936.8	1036.44
pk-xt-30K-1000-120-6	sqlserver	3150	9650	.1	100	127732.2	12002168.2	1064.33
pk-xt-30K-1000-120-6	sqlserver	3150	9650	.1	200	127926.2	23997248	1065.947
pk-xt-30K-1000-120-6	sqlserver	3150	9650	.1	300	128046.8	35999247	1066.955
pk-xt-30K-1000-120-6	sqlserver	3150	9650	.1	400	127794	48004385.8	1064.849
pk-xt-30K-1000-120-6	sqlserver	3150	9650	.1	500	127190.8	60030384.2	1059.821
pk-xt-30K-1000-120-6	sqlserver	3150	9650	.1	600	126597.8	71999374.4	1054.85
pk-xt-30K-1000-120-6	sqlserver	3150	9650	.1	700	126261.4	84077739.4	1052.049
pk-xt-30K-1000-120-6	sqlserver	3150	9650	.1	800	126232.8	96113226.4	1051.84
pk-xt-30K-1000-120-6	sqlserver	3150	9650	.1	900	126188.2	108162742.2	1051.484
pk-xt-30K-1000-120-6	sqlserver	3150	9650	.1	1000	125267.4	120192865.4	1043.81
pk-xt-30K-1000-120-6	sqlserver	3150	9652	.1	100	126218.6	12002763.4	1051.72
pk-xt-30K-1000-120-6	sqlserver	3150	9652	.1	200	125420.6	24011740.2	1045.067
pk-xt-30K-1000-120-6	sqlserver	3150	9652	.1	300	128532.2	36016784.2	1071.002
pk-xt-30K-1000-120-6	sqlserver	3150	9652	.1	400	129527.2	48001902.6	1079.289
pk-xt-30K-1000-120-6	sqlserver	3150	9652	.1	500	128808.2	60001118.2	1073.296
pk-xt-30K-1000-120-6	sqlserver	3150	9652	.1	600	127930.4	72015187.6	1065.527
pk-xt-30K-1000-120-6	sqlserver	3150	9652	.1	700	128434.4	84011229.2	1070.183
pk-xt-30K-1000-120-6	sqlserver	3150	9652	.1	800	128264.6	96091929	1068.772
pk-xt-30K-1000-120-6	sqlserver	3150	9652	.1	900	127752.6	108186177	1064.5
pk-xt-30K-1000-120-6	sqlserver	3150	9652	.1	1000	127748.4	120193991.4	1064.469
pk-xt-30K-1000-120-6	sqlserver	3150	9654	.1	100	131784.6	12001580.6	1098.099
pk-xt-30K-1000-120-6	sqlserver	3150	9654	.1	200	132783.4	24002542.2	1106.421
pk-xt-30K-1000-120-6	sqlserver	3150	9654	.1	300	131914.2	36011443	1099.179
pk-xt-30K-1000-120-6	sqlserver	3150	9654	.1	400	131127.2	47996220.4	1092.623
pk-xt-30K-1000-120-6	sqlserver	3150	9654	.1	500	131264.4	60001457.8	1093.766
pk-xt-30K-1000-120-6	sqlserver	3150	9654	.1	600	130770.6	71995432.6	1089.653
pk-xt-30K-1000-120-6	sqlserver	3150	9654	.1	700	130686.4	84003309.6	1088.948
pk-xt-30K-1000-120-6	sqlserver	3150	9654	.1	800	130115.8	96089572.4	1084.195
pk-xt-30K-1000-120-6	sqlserver	3150	9654	.1	900	130147	108109031.6	1084.454
pk-xt-30K-1000-120-6	sqlserver	3150	9654	.1	1000	129918.4	120179975.6	1082.547
pk-xt-30K-1000-120-6	sqlserver	3150	9667	1	100	121685	12001527.6	1013.945
pk-xt-30K-1000-120-6	sqlserver	3150	9667	1	200	122420.8	24002440	1020.073
pk-xt-30K-1000-120-6	sqlserver	3150	9667	1	300	122175.4	35993557.8	1018.03
pk-xt-30K-1000-120-6	sqlserver	3150	9667	1	400	121924.2	48018511.6	1015.935
pk-xt-30K-1000-120-6	sqlserver	3150	9667	1	500	121400.8	59994788.6	1011.576
pk-xt-30K-1000-120-6	sqlserver	3150	9667	1	600	120914.4	72003799.6	1007.526
pk-xt-30K-1000-120-6	sqlserver	3150	9667	1	700	120944.2	84045683.2	1007.769
pk-xt-30K-1000-120-6	sqlserver	3150	9667	1	800	120674.4	96078462	1005.521
pk-xt-30K-1000-120-6	sqlserver	3150	9667	1	900	120353.2	108109602.6	1002.846
pk-xt-30K-1000-120-6	sqlserver	3150	9667	1	1000	120040.8	120167051.8	1000.242
pk-xt-30K-1000-120-6	sqlserver	3150	9669	1	100	123855.6	12001704	1032.044
pk-xt-30K-1000-120-6	sqlserver	3150	9669	1	200	123990	24004441.8	1033.157
pk-xt-30K-1000-120-6	sqlserver	3150	9669	1	300	124247.6	36008188.6	1035.298
pk-xt-30K-1000-120-6	sqlserver	3150	9669	1	400	123550	48008585	1029.48
pk-xt-30K-1000-120-6	sqlserver	3150	9669	1	500	123401.6	60003958.6	1028.247
pk-xt-30K-1000-120-6	sqlserver	3150	9669	1	600	123122.8	72029557	1025.926
pk-xt-30K-1000-120-6	sqlserver	3150	9669	1	700	122359.2	84093628.6	1019.56
pk-xt-30K-1000-120-6	sqlserver	3150	9669	1	800	122272.6	96090054.2	1018.845
pk-xt-30K-1000-120-6	sqlserver	3150	9669	1	900	122112.6	108123677.4	1017.51
pk-xt-30K-1000-120-6	sqlserver	3150	9669	1	1000	121994.2	120236374.4	1016.52
pk-xt-30K-1000-120-6	sqlserver	3150	9671	1	100	125665.2	12001202.2	1047.109
pk-xt-30K-1000-120-6	sqlserver	3150	9671	1	200	125685	24000320.6	1047.274
pk-xt-30K-1000-120-6	sqlserver	3150	9671	1	300	125934.2	35996582.2	1049.322
pk-xt-30K-1000-120-6	sqlserver	3150	9671	1	400	124743	48021986	1039.423
pk-xt-30K-1000-120-6	sqlserver	3150	9671	1	500	124976	60004006.2	1041.368
pk-xt-30K-1000-120-6	sqlserver	3150	9671	1	600	124647.2	72008129.4	1038.625
pk-xt-30K-1000-120-6	sqlserver	3150	9671	1	700	124415.2	84033210.8	1036.691
pk-xt-30K-1000-120-6	sqlserver	3150	9671	1	800	124404.2	96087982.4	1036.598
pk-xt-30K-1000-120-6	sqlserver	3150	9671	1	900	123909.4	108070618.6	1032.48
pk-xt-30K-1000-120-6	sqlserver	3150	9671	1	1000	123575.8	120194559.2	1029.699
pk-xt-30K-1000-120-6	sqlserver	3150	9673	1	100	127492	12001570.4	1062.329
pk-xt-30K-1000-120-6	sqlserver	3150	9673	1	200	127817	23996855.4	1065.035
pk-xt-30K-1000-120-6	sqlserver	3150	9673	1	300	127653.8	36004858.8	1063.679
pk-xt-30K-1000-120-6	sqlserver	3150	9673	1	400	127518.6	48021330.6	1062.552
pk-xt-30K-1000-120-6	sqlserver	3150	9673	1	500	126594	60003769.4	1054.767
pk-xt-30K-1000-120-6	sqlserver	3150	9673	1	600	126549.8	72009978.4	1054.481
pk-xt-30K-1000-120-6	sqlserver	3150	9673	1	700	126267	84031069.4	1052.125
pk-xt-30K-1000-120-6	sqlserver	3150	9673	1	800	126059.6	96109314.2	1050.395
pk-xt-30K-1000-120-6	sqlserver	3150	9673	1	900	126125.6	108154736	1050.943
pk-xt-30K-1000-120-6	sqlserver	3150	9673	1	1000	125838.6	120117445.2	1048.554
pk-xt-30K-1000-120-8	sqlserver	2049	9462	.01	100	174890.8	12000734.2	1457.292
pk-xt-30K-1000-120-8	sqlserver	2049	9462	.01	200	174827	24002218	1456.761
pk-xt-30K-1000-120-8	sqlserver	2049	9462	.01	300	174636.4	36004211.8	1455.172
pk-xt-30K-1000-120-8	sqlserver	2049	9462	.01	400	174484.2	48011383.6	1453.924
pk-xt-30K-1000-120-8	sqlserver	2049	9462	.01	500	174174	60016890.6	1451.329
pk-xt-30K-1000-120-8	sqlserver	2049	9462	.01	600	163528.4	72028942.4	1362.612
pk-xt-30K-1000-120-8	sqlserver	2049	9462	.01	700	158542	84062558	1321.064
pk-xt-30K-1000-120-8	sqlserver	2049	9462	.01	800	165356.6	96081755.2	1377.845
pk-xt-30K-1000-120-8	sqlserver	2049	9462	.01	900	172157.2	108102250.8	1434.519
pk-xt-30K-1000-120-8	sqlserver	2049	9462	.01	1000	171963.8	120172027.6	1432.9
pk-xt-30K-1000-120-8	sqlserver	2049	9463	.01	100	178387.6	12000946.8	1486.43
pk-xt-30K-1000-120-8	sqlserver	2049	9463	.01	200	177579.6	24001713.2	1479.694
pk-xt-30K-1000-120-8	sqlserver	2049	9463	.01	300	177604.4	36024121.4	1479.903
pk-xt-30K-1000-120-8	sqlserver	2049	9463	.01	400	177433	48021391.2	1478.473
pk-xt-30K-1000-120-8	sqlserver	2049	9463	.01	500	177290.2	60011858.4	1477.283
pk-xt-30K-1000-120-8	sqlserver	2049	9463	.01	600	175728	72026983.8	1464.266
pk-xt-30K-1000-120-8	sqlserver	2049	9463	.01	700	175271	84056753.4	1460.46
pk-xt-30K-1000-120-8	sqlserver	2049	9463	.01	800	175152.2	96080992.2	1459.47
pk-xt-30K-1000-120-8	sqlserver	2049	9463	.01	900	174987.4	108151448.2	1458.102
pk-xt-30K-1000-120-8	sqlserver	2049	9463	.01	1000	174928.4	120189220.8	1457.608
pk-xt-30K-1000-120-8	sqlserver	2049	9464	.01	100	180924.6	12000827.8	1507.569
pk-xt-30K-1000-120-8	sqlserver	2049	9464	.01	200	180028.2	24003029.4	1500.1
pk-xt-30K-1000-120-8	sqlserver	2049	9464	.01	300	180077	36007233	1500.507
pk-xt-30K-1000-120-8	sqlserver	2049	9464	.01	400	179426	48015104	1495.08
pk-xt-30K-1000-120-8	sqlserver	2049	9464	.01	500	178784.2	60012306	1489.734
pk-xt-30K-1000-120-8	sqlserver	2049	9464	.01	600	178654.8	72017117.2	1488.659
pk-xt-30K-1000-120-8	sqlserver	2049	9464	.01	700	178077.4	84038355	1483.842
pk-xt-30K-1000-120-8	sqlserver	2049	9464	.01	800	177466.8	96076686.8	1478.754
pk-xt-30K-1000-120-8	sqlserver	2049	9464	.01	900	178188.2	108168436.2	1484.766
pk-xt-30K-1000-120-8	sqlserver	2049	9464	.01	1000	177568.2	120134232.6	1479.599
pk-xt-30K-1000-120-8	sqlserver	2049	9465	.01	100	183929.6	12000866.6	1532.609
pk-xt-30K-1000-120-8	sqlserver	2049	9465	.01	200	182929.2	24001960.4	1524.273
pk-xt-30K-1000-120-8	sqlserver	2049	9465	.01	300	183464.8	36008627.8	1528.733
pk-xt-30K-1000-120-8	sqlserver	2049	9465	.01	400	183645.6	48013216	1530.24
pk-xt-30K-1000-120-8	sqlserver	2049	9465	.01	500	182351.4	60020399.4	1519.458
pk-xt-30K-1000-120-8	sqlserver	2049	9465	.01	600	181515.6	72028946	1512.494
pk-xt-30K-1000-120-8	sqlserver	2049	9465	.01	700	181849	84041049.8	1515.272
pk-xt-30K-1000-120-8	sqlserver	2049	9465	.01	800	181897.4	96059064	1515.731
pk-xt-30K-1000-120-8	sqlserver	2049	9465	.01	900	180579.2	108130125.8	1504.679
pk-xt-30K-1000-120-8	sqlserver	2049	9465	.01	1000	180168	120183762.2	1501.262
pk-xt-30K-1000-120-8	sqlserver	2049	9466	.1	100	174581	12000923.4	1454.713
pk-xt-30K-1000-120-8	sqlserver	2049	9466	.1	200	174972.4	24003974.6	1457.97
pk-xt-30K-1000-120-8	sqlserver	2049	9466	.1	300	174854.4	36005348.6	1456.989
pk-xt-30K-1000-120-8	sqlserver	2049	9466	.1	400	174266.2	48010149.8	1452.09
pk-xt-30K-1000-120-8	sqlserver	2049	9466	.1	500	173906.6	60016778.4	1449.091
pk-xt-30K-1000-120-8	sqlserver	2049	9466	.1	600	172856	72013644	1440.335
pk-xt-30K-1000-120-8	sqlserver	2049	9466	.1	700	172462	84032232.8	1437.054
pk-xt-30K-1000-120-8	sqlserver	2049	9466	.1	800	172384.8	96096640.2	1436.375
pk-xt-30K-1000-120-8	sqlserver	2049	9466	.1	900	172096.6	108185342.6	1434.007
pk-xt-30K-1000-120-8	sqlserver	2049	9466	.1	1000	171683.2	120147402.4	1430.562
pk-xt-30K-1000-120-8	sqlserver	2049	9467	.1	100	177482	12001050.8	1478.884
pk-xt-30K-1000-120-8	sqlserver	2049	9467	.1	200	177399.4	24001225.6	1478.193
pk-xt-30K-1000-120-8	sqlserver	2049	9467	.1	300	177475.8	36017864.4	1478.829
pk-xt-30K-1000-120-8	sqlserver	2049	9467	.1	400	176970.6	48006774.4	1474.622
pk-xt-30K-1000-120-8	sqlserver	2049	9467	.1	500	176164.8	60011980	1467.908
pk-xt-30K-1000-120-8	sqlserver	2049	9467	.1	600	175394	72028886.4	1461.483
pk-xt-30K-1000-120-8	sqlserver	2049	9467	.1	700	175067.2	84038951.8	1458.76
pk-xt-30K-1000-120-8	sqlserver	2049	9467	.1	800	174944.8	96093802.2	1457.74
pk-xt-30K-1000-120-8	sqlserver	2049	9467	.1	900	174803	108110702.4	1456.561
pk-xt-30K-1000-120-8	sqlserver	2049	9467	.1	1000	174366.8	120122863.2	1452.856
pk-xt-30K-1000-120-8	sqlserver	2049	9468	.1	100	180091.2	12000679.2	1500.622
pk-xt-30K-1000-120-8	sqlserver	2049	9468	.1	200	180207.8	24001733.2	1501.594
pk-xt-30K-1000-120-8	sqlserver	2049	9468	.1	300	180637.2	36001959.8	1505.137
pk-xt-30K-1000-120-8	sqlserver	2049	9468	.1	400	179607.2	48020337.2	1496.589
pk-xt-30K-1000-120-8	sqlserver	2049	9468	.1	500	178760.2	60017094.8	1489.532
pk-xt-30K-1000-120-8	sqlserver	2049	9468	.1	600	178762	72008251.6	1489.547
pk-xt-30K-1000-120-8	sqlserver	2049	9468	.1	700	177926.4	84062439.8	1482.587
pk-xt-30K-1000-120-8	sqlserver	2049	9468	.1	800	177377.8	96080102.4	1478.018
pk-xt-30K-1000-120-8	sqlserver	2049	9468	.1	900	177580.6	108122786.4	1479.705
pk-xt-30K-1000-120-8	sqlserver	2049	9468	.1	1000	177260.4	120180294	1477.035
pk-xt-30K-1000-120-8	sqlserver	2049	9469	.1	100	183003.8	12000140.6	1524.948
pk-xt-30K-1000-120-8	sqlserver	2049	9469	.1	200	181214.8	24002270.8	1509.972
pk-xt-30K-1000-120-8	sqlserver	2049	9469	.1	300	177915.8	36016621.2	1482.525
pk-xt-30K-1000-120-8	sqlserver	2049	9469	.1	400	175639.6	48004653.4	1463.527
pk-xt-30K-1000-120-8	sqlserver	2049	9469	.1	500	175991	60036630.2	1466.45
pk-xt-30K-1000-120-8	sqlserver	2049	9469	.1	600	180674.2	72030582.8	1505.48
pk-xt-30K-1000-120-8	sqlserver	2049	9469	.1	700	180905.4	84031356	1507.369
pk-xt-30K-1000-120-8	sqlserver	2049	9469	.1	800	180191.4	96126844.4	1501.46
pk-xt-30K-1000-120-8	sqlserver	2049	9469	.1	900	180188.6	108113044.6	1501.434
pk-xt-30K-1000-120-8	sqlserver	2049	9469	.1	1000	179643.6	120134379	1496.895
pk-xt-30K-1000-120-8	sqlserver	2049	9470	1	100	168871.4	12000949.4	1407.137
pk-xt-30K-1000-120-8	sqlserver	2049	9470	1	200	169931.4	24002434.8	1415.97
pk-xt-30K-1000-120-8	sqlserver	2049	9470	1	300	168965.8	36024338.8	1407.924
pk-xt-30K-1000-120-8	sqlserver	2049	9470	1	400	169121.4	48015934.4	1409.218
pk-xt-30K-1000-120-8	sqlserver	2049	9470	1	500	168773	60018788.2	1406.317
pk-xt-30K-1000-120-8	sqlserver	2049	9470	1	600	167735.4	72047409.8	1397.667
pk-xt-30K-1000-120-8	sqlserver	2049	9470	1	700	167943.8	84049809	1399.406
pk-xt-30K-1000-120-8	sqlserver	2049	9470	1	800	167443.6	96112727.8	1395.238
pk-xt-30K-1000-120-8	sqlserver	2049	9470	1	900	167194.4	108144173	1393.164
pk-xt-30K-1000-120-8	sqlserver	2049	9470	1	1000	167060	120172586.6	1392.041
pk-xt-30K-1000-120-8	sqlserver	2049	9471	1	100	171850.6	12001212	1431.962
pk-xt-30K-1000-120-8	sqlserver	2049	9471	1	200	172043.4	24002345.2	1433.566
pk-xt-30K-1000-120-8	sqlserver	2049	9471	1	300	171642.6	36006033	1430.226
pk-xt-30K-1000-120-8	sqlserver	2049	9471	1	400	165523.8	48022378.8	1379.241
pk-xt-30K-1000-120-8	sqlserver	2049	9471	1	500	157112.8	60057798	1309.156
pk-xt-30K-1000-120-8	sqlserver	2049	9471	1	600	161323.8	72037418.8	1344.244
pk-xt-30K-1000-120-8	sqlserver	2049	9471	1	700	166862.4	84043468	1390.397
pk-xt-30K-1000-120-8	sqlserver	2049	9471	1	800	169473.2	96083211.6	1412.147
pk-xt-30K-1000-120-8	sqlserver	2049	9471	1	900	169443.6	108109210.2	1411.905
pk-xt-30K-1000-120-8	sqlserver	2049	9471	1	1000	169078.4	120140452.6	1408.86
pk-xt-30K-1000-120-8	sqlserver	2049	9472	1	100	173330.6	12000595.8	1444.289
pk-xt-30K-1000-120-8	sqlserver	2049	9472	1	200	174424.8	24002163.4	1453.409
pk-xt-30K-1000-120-8	sqlserver	2049	9472	1	300	173939.2	36005885.2	1449.363
pk-xt-30K-1000-120-8	sqlserver	2049	9472	1	400	173599.6	48009832.6	1446.54
pk-xt-30K-1000-120-8	sqlserver	2049	9472	1	500	172706.8	60012803.8	1439.19
pk-xt-30K-1000-120-8	sqlserver	2049	9472	1	600	171800.2	72024758.6	1431.528
pk-xt-30K-1000-120-8	sqlserver	2049	9472	1	700	172045.2	84017889.6	1433.581
pk-xt-30K-1000-120-8	sqlserver	2049	9472	1	800	171542	96076504	1429.388
pk-xt-30K-1000-120-8	sqlserver	2049	9472	1	900	171470.6	108095207.6	1428.795
pk-xt-30K-1000-120-8	sqlserver	2049	9472	1	1000	171446	120161671.8	1428.586
pk-xt-30K-1000-120-8	sqlserver	2049	9473	1	100	176744.2	12000721.6	1472.738
pk-xt-30K-1000-120-8	sqlserver	2049	9473	1	200	176779.8	24002582.2	1473.035
pk-xt-30K-1000-120-8	sqlserver	2049	9473	1	300	176434.8	36020330.4	1470.16
pk-xt-30K-1000-120-8	sqlserver	2049	9473	1	400	176072.4	48006320	1467.138
pk-xt-30K-1000-120-8	sqlserver	2049	9473	1	500	175588.4	60016186.6	1463.103
pk-xt-30K-1000-120-8	sqlserver	2049	9473	1	600	175053.4	72039104.6	1458.645
pk-xt-30K-1000-120-8	sqlserver	2049	9473	1	700	173983.8	84030571.6	1449.735
pk-xt-30K-1000-120-8	sqlserver	2049	9473	1	800	174954	96084508.2	1457.816
pk-xt-30K-1000-120-8	sqlserver	2049	9473	1	900	174384.2	108124446.8	1453.073
pk-xt-30K-1000-120-8	sqlserver	2049	9473	1	1000	173900	120172164	1449.039
xt-30K-1000-120-2	sqlserver	2669	6286	.01	100	24235.4	12011820.6	201.942
xt-30K-1000-120-2	sqlserver	2669	6286	.01	200	24010.4	23958025.2	200.068
xt-30K-1000-120-2	sqlserver	2669	6286	.01	300	24291.6	35795877.4	202.41
xt-30K-1000-120-2	sqlserver	2669	6286	.01	400	24247.2	47427359.4	202.04
xt-30K-1000-120-2	sqlserver	2669	6286	.01	500	24061	58545975.4	200.489
xt-30K-1000-120-2	sqlserver	2669	6286	.01	600	23995.2	71173088	199.94
xt-30K-1000-120-2	sqlserver	2669	6286	.01	700	24023	82885096.8	200.172
xt-30K-1000-120-2	sqlserver	2669	6286	.01	800	23974.2	94845041.2	199.765
xt-30K-1000-120-2	sqlserver	2669	6286	.01	900	24152.8	106939710.6	201.254
xt-30K-1000-120-2	sqlserver	2669	6286	.01	1000	24086	119527994.6	200.698
xt-30K-1000-120-2	sqlserver	2669	6287	.01	100	24616	12015294.4	205.114
xt-30K-1000-120-2	sqlserver	2669	6287	.01	200	24796	24044085.8	206.613
xt-30K-1000-120-2	sqlserver	2669	6287	.01	300	24672.8	35929374.2	205.587
xt-30K-1000-120-2	sqlserver	2669	6287	.01	400	24678	47663897	205.63
xt-30K-1000-120-2	sqlserver	2669	6287	.01	500	24792.6	58602787.8	206.585
xt-30K-1000-120-2	sqlserver	2669	6287	.01	600	24696.2	70409897.2	205.781
xt-30K-1000-120-2	sqlserver	2669	6287	.01	700	24661.2	82744502.4	205.49
xt-30K-1000-120-2	sqlserver	2669	6287	.01	800	24605.8	94853989.8	205.028
xt-30K-1000-120-2	sqlserver	2669	6287	.01	900	24891.6	106738509	207.417
xt-30K-1000-120-2	sqlserver	2669	6287	.01	1000	24659.2	118582767	205.474
xt-30K-1000-120-2	sqlserver	2669	6306	.01	100	25389.2	12016386.6	211.556
xt-30K-1000-120-2	sqlserver	2669	6306	.01	200	25210.4	23971285.4	210.067
xt-30K-1000-120-2	sqlserver	2669	6306	.01	300	25247.6	35701492	210.377
xt-30K-1000-120-2	sqlserver	2669	6306	.01	400	25314.8	47095245.8	210.936
xt-30K-1000-120-2	sqlserver	2669	6306	.01	500	25295.6	58846112.8	210.776
xt-30K-1000-120-2	sqlserver	2669	6306	.01	600	15396.6	70833865	128.292
xt-30K-1000-120-2	sqlserver	2669	6306	.01	700	11277.8	82709773.2	93.973
xt-30K-1000-120-2	sqlserver	2669	6306	.01	800	25205	94566989.8	210.021
xt-30K-1000-120-2	sqlserver	2669	6306	.01	900	25316.2	106735856.2	210.948
xt-30K-1000-120-2	sqlserver	2669	6306	.01	1000	25356	118326558.6	211.28
xt-30K-1000-120-2	sqlserver	2669	6307	.01	100	25082	12002841.6	208.996
xt-30K-1000-120-2	sqlserver	2669	6307	.01	200	25296.6	24023119.8	210.785
xt-30K-1000-120-2	sqlserver	2669	6307	.01	300	25367	35814448.8	211.371
xt-30K-1000-120-2	sqlserver	2669	6307	.01	400	25244.6	47312023.4	210.352
xt-30K-1000-120-2	sqlserver	2669	6307	.01	500	25487	58909755.6	212.371
xt-30K-1000-120-2	sqlserver	2669	6307	.01	600	25548.2	71118249.8	212.881
xt-30K-1000-120-2	sqlserver	2669	6307	.01	700	25481.2	83070331.2	212.323
xt-30K-1000-120-2	sqlserver	2669	6307	.01	800	25498	95183035.6	212.463
xt-30K-1000-120-2	sqlserver	2669	6307	.01	900	25487.4	107166044.2	212.375
xt-30K-1000-120-2	sqlserver	2669	6307	.01	1000	25641.6	119560498.6	213.66
xt-30K-1000-120-2	sqlserver	2669	6486	.1	100	23883.4	12005346.4	199.009
xt-30K-1000-120-2	sqlserver	2669	6486	.1	200	23813.2	23958707	198.424
xt-30K-1000-120-2	sqlserver	2669	6486	.1	300	23867.8	35855394.2	198.879
xt-30K-1000-120-2	sqlserver	2669	6486	.1	400	24041.4	47285914.8	200.325
xt-30K-1000-120-2	sqlserver	2669	6486	.1	500	24114	59296615.2	200.93
xt-30K-1000-120-2	sqlserver	2669	6486	.1	600	23796.2	71025380	198.282
xt-30K-1000-120-2	sqlserver	2669	6486	.1	700	23757	83219037.6	197.956
xt-30K-1000-120-2	sqlserver	2669	6486	.1	800	23680	95328848.6	197.309
xt-30K-1000-120-2	sqlserver	2669	6486	.1	900	23803	107378824.4	198.339
xt-30K-1000-120-2	sqlserver	2669	6486	.1	1000	23877.6	119252881.2	198.96
xt-30K-1000-120-2	sqlserver	2669	6487	.1	100	24420.4	12012633.2	203.484
xt-30K-1000-120-2	sqlserver	2669	6487	.1	200	24595.6	23881933.4	204.945
xt-30K-1000-120-2	sqlserver	2669	6487	.1	300	24328.2	35904676.2	202.716
xt-30K-1000-120-2	sqlserver	2669	6487	.1	400	24420.8	47480936	203.486
xt-30K-1000-120-2	sqlserver	2669	6487	.1	500	24466	59257196.6	203.863
xt-30K-1000-120-2	sqlserver	2669	6487	.1	600	24604.2	71002984.4	205.015
xt-30K-1000-120-2	sqlserver	2669	6487	.1	700	24506.4	83473422.6	204.201
xt-30K-1000-120-2	sqlserver	2669	6487	.1	800	24611.4	95083218.8	205.075
xt-30K-1000-120-2	sqlserver	2669	6487	.1	900	24605.4	107231150.4	205.025
xt-30K-1000-120-2	sqlserver	2669	6487	.1	1000	24407.6	119392968.6	203.377
xt-30K-1000-120-2	sqlserver	2669	6506	.1	100	24828.8	12010401.4	206.886
xt-30K-1000-120-2	sqlserver	2669	6506	.1	200	24963.2	23913343	208.007
xt-30K-1000-120-2	sqlserver	2669	6506	.1	300	24926.2	35814285.6	207.701
xt-30K-1000-120-2	sqlserver	2669	6506	.1	400	24722.8	47436994.6	206.007
xt-30K-1000-120-2	sqlserver	2669	6506	.1	500	24655.4	59101968.2	205.442
xt-30K-1000-120-2	sqlserver	2669	6506	.1	600	24770.8	70847385.2	206.404
xt-30K-1000-120-2	sqlserver	2669	6506	.1	700	25102.6	83002671.4	209.168
xt-30K-1000-120-2	sqlserver	2669	6506	.1	800	25105.2	95487990.6	209.189
xt-30K-1000-120-2	sqlserver	2669	6506	.1	900	25032.4	107193494.6	208.583
xt-30K-1000-120-2	sqlserver	2669	6506	.1	1000	24883.6	119261077.2	207.344
xt-30K-1000-120-2	sqlserver	2669	6507	.1	100	25795.6	12017110	214.943
xt-30K-1000-120-2	sqlserver	2669	6507	.1	200	25170	23991731.2	209.73
xt-30K-1000-120-2	sqlserver	2669	6507	.1	300	25544	35909641	212.846
xt-30K-1000-120-2	sqlserver	2669	6507	.1	400	25672.6	47537594.6	213.918
xt-30K-1000-120-2	sqlserver	2669	6507	.1	500	25466	58924964.4	212.197
xt-30K-1000-120-2	sqlserver	2669	6507	.1	600	25724.6	70920086.2	214.351
xt-30K-1000-120-2	sqlserver	2669	6507	.1	700	25435	83160653	211.938
xt-30K-1000-120-2	sqlserver	2669	6507	.1	800	25934.6	95353380.8	216.1
xt-30K-1000-120-2	sqlserver	2669	6507	.1	900	23906.8	106629232.6	199.199
xt-30K-1000-120-2	sqlserver	2669	6507	.1	1000	24994.2	119169142.8	208.265
xt-30K-1000-120-2	sqlserver	2669	6726	1	100	23100.4	12014309.2	192.469
xt-30K-1000-120-2	sqlserver	2669	6726	1	200	23074	23837893.2	192.265
xt-30K-1000-120-2	sqlserver	2669	6726	1	300	23522	35618954	195.998
xt-30K-1000-120-2	sqlserver	2669	6726	1	400	23266	47544074.2	193.864
xt-30K-1000-120-2	sqlserver	2669	6726	1	500	23349.4	58645391.2	194.56
xt-30K-1000-120-2	sqlserver	2669	6726	1	600	23200	70765473	193.315
xt-30K-1000-120-2	sqlserver	2669	6726	1	700	23287	83256669.2	194.039
xt-30K-1000-120-2	sqlserver	2669	6726	1	800	23214.4	95289548.4	193.434
xt-30K-1000-120-2	sqlserver	2669	6726	1	900	23308.4	107229535.4	194.219
xt-30K-1000-120-2	sqlserver	2669	6726	1	1000	23532.8	118561500.2	196.088
xt-30K-1000-120-2	sqlserver	2669	6727	1	100	23912.6	12006191.6	199.252
xt-30K-1000-120-2	sqlserver	2669	6727	1	200	23730	23904571	197.731
xt-30K-1000-120-2	sqlserver	2669	6727	1	300	23899.8	35603058.6	199.145
xt-30K-1000-120-2	sqlserver	2669	6727	1	400	23700.4	47061058	197.485
xt-30K-1000-120-2	sqlserver	2669	6727	1	500	23259.2	58880247.4	193.808
xt-30K-1000-120-2	sqlserver	2669	6727	1	600	23680.8	71092338.4	197.325
xt-30K-1000-120-2	sqlserver	2669	6727	1	700	23990.6	82456477	199.904
xt-30K-1000-120-2	sqlserver	2669	6727	1	800	23649.8	95252763.8	197.063
xt-30K-1000-120-2	sqlserver	2669	6727	1	900	23897.6	107033754.8	199.128
xt-30K-1000-120-2	sqlserver	2669	6727	1	1000	23676.4	118397742.4	197.285
xt-30K-1000-120-2	sqlserver	2669	6728	1	100	24046.4	12002031.6	200.368
xt-30K-1000-120-2	sqlserver	2669	6728	1	200	24101.6	23847898.2	200.827
xt-30K-1000-120-2	sqlserver	2669	6728	1	300	24407.6	35434376.8	203.377
xt-30K-1000-120-2	sqlserver	2669	6728	1	400	23789.6	47621079.6	198.228
xt-30K-1000-120-2	sqlserver	2669	6728	1	500	24387	58804808	203.205
xt-30K-1000-120-2	sqlserver	2669	6728	1	600	23767.8	71363645.6	198.045
xt-30K-1000-120-2	sqlserver	2669	6728	1	700	23788.2	83041268.6	198.216
xt-30K-1000-120-2	sqlserver	2669	6728	1	800	24128.2	95438450	201.049
xt-30K-1000-120-2	sqlserver	2669	6728	1	900	24405	106522865	203.355
xt-30K-1000-120-2	sqlserver	2669	6728	1	1000	24207	119017997	201.706
xt-30K-1000-120-2	sqlserver	2669	6746	1	100	24479.6	11998391	203.977
xt-30K-1000-120-2	sqlserver	2669	6746	1	200	24752	23870277.6	206.248
xt-30K-1000-120-2	sqlserver	2669	6746	1	300	24688.6	35557834.2	205.718
xt-30K-1000-120-2	sqlserver	2669	6746	1	400	24545.6	47343693.6	204.527
xt-30K-1000-120-2	sqlserver	2669	6746	1	500	24801	58904262	206.656
xt-30K-1000-120-2	sqlserver	2669	6746	1	600	24952.6	70763139.4	207.918
xt-30K-1000-120-2	sqlserver	2669	6746	1	700	24575.8	82958624.6	204.779
xt-30K-1000-120-2	sqlserver	2669	6746	1	800	24633.2	94508861.6	205.257
xt-30K-1000-120-2	sqlserver	2669	6746	1	900	24908.2	106618656	207.548
xt-30K-1000-120-2	sqlserver	2669	6746	1	1000	25177.2	118064458.6	209.79
xt-30K-1000-120-4	sqlserver	2410	9372	.01	100	69446.2	12004897.4	578.665
xt-30K-1000-120-4	sqlserver	2410	9372	.01	200	69575	24009785.8	579.739
xt-30K-1000-120-4	sqlserver	2410	9372	.01	300	69756.8	36005586.6	581.253
xt-30K-1000-120-4	sqlserver	2410	9372	.01	400	69465	47980934	578.824
xt-30K-1000-120-4	sqlserver	2410	9372	.01	500	69328	59871864.2	577.68
xt-30K-1000-120-4	sqlserver	2410	9372	.01	600	68869.4	71914851.8	573.859
xt-30K-1000-120-4	sqlserver	2410	9372	.01	700	66495	83832976.6	554.075
xt-30K-1000-120-4	sqlserver	2410	9372	.01	800	69117	96065299.6	575.922
xt-30K-1000-120-4	sqlserver	2410	9372	.01	900	68666.2	108042899.2	572.168
xt-30K-1000-120-4	sqlserver	2410	9372	.01	1000	68732	120162704	572.715
xt-30K-1000-120-4	sqlserver	2410	9387	.01	100	70869	12002344.4	590.522
xt-30K-1000-120-4	sqlserver	2410	9387	.01	200	71461.6	24016615.4	595.46
xt-30K-1000-120-4	sqlserver	2410	9387	.01	300	71241.8	35986839.2	593.628
xt-30K-1000-120-4	sqlserver	2410	9387	.01	400	71297.2	47954559.8	594.09
xt-30K-1000-120-4	sqlserver	2410	9387	.01	500	71390.8	59894344	594.871
xt-30K-1000-120-4	sqlserver	2410	9387	.01	600	70997.4	71885431.6	591.592
xt-30K-1000-120-4	sqlserver	2410	9387	.01	700	70632.8	83946740.2	588.553
xt-30K-1000-120-4	sqlserver	2410	9387	.01	800	70901.8	96154767.4	590.796
xt-30K-1000-120-4	sqlserver	2410	9387	.01	900	70508	108079501.8	587.514
xt-30K-1000-120-4	sqlserver	2410	9387	.01	1000	70564.4	120369396	587.983
xt-30K-1000-120-4	sqlserver	2410	9388	.01	100	72292.4	12001226.6	602.382
xt-30K-1000-120-4	sqlserver	2410	9388	.01	200	73160.4	24015502.4	609.615
xt-30K-1000-120-4	sqlserver	2410	9388	.01	300	73051	36004862.8	608.704
xt-30K-1000-120-4	sqlserver	2410	9388	.01	400	72490.4	48005783.4	604.031
xt-30K-1000-120-4	sqlserver	2410	9388	.01	500	72400.2	59768862.8	603.28
xt-30K-1000-120-4	sqlserver	2410	9388	.01	600	72269.2	71831469.8	602.195
xt-30K-1000-120-4	sqlserver	2410	9388	.01	700	72132.4	83922027.6	601.057
xt-30K-1000-120-4	sqlserver	2410	9388	.01	800	71860.8	95944551.4	598.787
xt-30K-1000-120-4	sqlserver	2410	9388	.01	900	72158.4	107997136.4	601.266
xt-30K-1000-120-4	sqlserver	2410	9388	.01	1000	71949.6	120113369.2	599.525
xt-30K-1000-120-4	sqlserver	2410	9389	.01	100	73454.6	12003459.2	612.067
xt-30K-1000-120-4	sqlserver	2410	9389	.01	200	74376.4	23999872.2	619.748
xt-30K-1000-120-4	sqlserver	2410	9389	.01	300	74214.2	35991961.8	618.395
xt-30K-1000-120-4	sqlserver	2410	9389	.01	400	74141.4	47938361.2	617.79
xt-30K-1000-120-4	sqlserver	2410	9389	.01	500	73505.2	59851655	612.489
xt-30K-1000-120-4	sqlserver	2410	9389	.01	600	73334	71848082	611.062
xt-30K-1000-120-4	sqlserver	2410	9389	.01	700	73195.4	83903200.2	609.908
xt-30K-1000-120-4	sqlserver	2410	9389	.01	800	73828.4	95997832	615.18
xt-30K-1000-120-4	sqlserver	2410	9389	.01	900	73198.8	108138740.4	609.934
xt-30K-1000-120-4	sqlserver	2410	9389	.01	1000	73430.2	119976306	611.865
xt-30K-1000-120-4	sqlserver	2410	9390	.1	100	69659	12003573.4	580.438
xt-30K-1000-120-4	sqlserver	2410	9390	.1	200	69682	24001821	580.63
xt-30K-1000-120-4	sqlserver	2410	9390	.1	300	69726.4	36029378.6	581
xt-30K-1000-120-4	sqlserver	2410	9390	.1	400	69776.6	47911847.8	581.418
xt-30K-1000-120-4	sqlserver	2410	9390	.1	500	69497.8	59845003.4	579.096
xt-30K-1000-120-4	sqlserver	2410	9390	.1	600	69135	71875288.8	576.073
xt-30K-1000-120-4	sqlserver	2410	9390	.1	700	68902.2	83895164.2	574.132
xt-30K-1000-120-4	sqlserver	2410	9390	.1	800	64011.2	95945990.4	533.379
xt-30K-1000-120-4	sqlserver	2410	9390	.1	900	56621.6	107913645.4	471.804
xt-30K-1000-120-4	sqlserver	2410	9390	.1	1000	60574.8	119912118.2	504.745
xt-30K-1000-120-4	sqlserver	2410	9391	.1	100	70277.8	12004341.4	585.596
xt-30K-1000-120-4	sqlserver	2410	9391	.1	200	70933.6	24012710.4	591.061
xt-30K-1000-120-4	sqlserver	2410	9391	.1	300	71039.4	35975455	591.941
xt-30K-1000-120-4	sqlserver	2410	9391	.1	400	71005	48012606.2	591.655
xt-30K-1000-120-4	sqlserver	2410	9391	.1	500	70499.2	59791834	587.439
xt-30K-1000-120-4	sqlserver	2410	9391	.1	600	70291.2	71876929.4	585.706
xt-30K-1000-120-4	sqlserver	2410	9391	.1	700	70305	83927383.2	585.822
xt-30K-1000-120-4	sqlserver	2410	9391	.1	800	70387.8	95976063.8	586.511
xt-30K-1000-120-4	sqlserver	2410	9391	.1	900	70530.6	108049456.6	587.719
xt-30K-1000-120-4	sqlserver	2410	9391	.1	1000	70246.8	119951322	585.331
xt-30K-1000-120-4	sqlserver	2410	9392	.1	100	73156	12003099	609.581
xt-30K-1000-120-4	sqlserver	2410	9392	.1	200	72821.6	24007615.8	606.793
xt-30K-1000-120-4	sqlserver	2410	9392	.1	300	72617	36010775.6	605.087
xt-30K-1000-120-4	sqlserver	2410	9392	.1	400	72572.2	47897365.8	604.714
xt-30K-1000-120-4	sqlserver	2410	9392	.1	500	72127.6	59867722	601.008
xt-30K-1000-120-4	sqlserver	2410	9392	.1	600	72022.2	71832830.4	600.132
xt-30K-1000-120-4	sqlserver	2410	9392	.1	700	72034.2	83902283.6	600.232
xt-30K-1000-120-4	sqlserver	2410	9392	.1	800	72106	95926555.8	600.829
xt-30K-1000-120-4	sqlserver	2410	9392	.1	900	71724.6	108093223.4	597.652
xt-30K-1000-120-4	sqlserver	2410	9392	.1	1000	68135.8	120071745	567.746
xt-30K-1000-120-4	sqlserver	2410	9393	.1	100	75385.2	12001404	628.173
xt-30K-1000-120-4	sqlserver	2410	9393	.1	200	74961.6	24008196.8	624.645
xt-30K-1000-120-4	sqlserver	2410	9393	.1	300	74795.4	36002073.6	623.258
xt-30K-1000-120-4	sqlserver	2410	9393	.1	400	75288	47999235	627.355
xt-30K-1000-120-4	sqlserver	2410	9393	.1	500	74498.2	59940187.6	620.777
xt-30K-1000-120-4	sqlserver	2410	9393	.1	600	74542.6	72052363.4	621.148
xt-30K-1000-120-4	sqlserver	2410	9393	.1	700	74594.2	84060383.2	621.578
xt-30K-1000-120-4	sqlserver	2410	9393	.1	800	74828.2	96082295.6	623.527
xt-30K-1000-120-4	sqlserver	2410	9393	.1	900	74701.6	108110532	622.474
xt-30K-1000-120-4	sqlserver	2410	9393	.1	1000	74606	120231686.2	621.676
xt-30K-1000-120-4	sqlserver	2410	9394	1	100	66942.6	11999604.2	557.826
xt-30K-1000-120-4	sqlserver	2410	9394	1	200	66306.8	23989677	552.53
xt-30K-1000-120-4	sqlserver	2410	9394	1	300	65410	36000988	545.028
xt-30K-1000-120-4	sqlserver	2410	9394	1	400	65640.8	47980227.2	546.968
xt-30K-1000-120-4	sqlserver	2410	9394	1	500	66019.8	59922278	550.126
xt-30K-1000-120-4	sqlserver	2410	9394	1	600	65950.8	71933212	549.549
xt-30K-1000-120-4	sqlserver	2410	9394	1	700	66948.8	84090241.8	557.868
xt-30K-1000-120-4	sqlserver	2410	9394	1	800	66904.2	96125120	557.497
xt-30K-1000-120-4	sqlserver	2410	9394	1	900	66717.8	108144717	555.951
xt-30K-1000-120-4	sqlserver	2410	9394	1	1000	66832	120282616	556.882
xt-30K-1000-120-4	sqlserver	2410	9395	1	100	68346.2	12000616	569.513
xt-30K-1000-120-4	sqlserver	2410	9395	1	200	68354	24004428	569.576
xt-30K-1000-120-4	sqlserver	2410	9395	1	300	68752	36007815.8	572.894
xt-30K-1000-120-4	sqlserver	2410	9395	1	400	68615.4	47998261.6	571.753
xt-30K-1000-120-4	sqlserver	2410	9395	1	500	68195.4	59985310	568.256
xt-30K-1000-120-4	sqlserver	2410	9395	1	600	68237.4	71968562.6	568.577
xt-30K-1000-120-4	sqlserver	2410	9395	1	700	68142.2	84094656	567.811
xt-30K-1000-120-4	sqlserver	2410	9395	1	800	68446.8	96112864.8	570.331
xt-30K-1000-120-4	sqlserver	2410	9395	1	900	67792.6	108232553	564.895
xt-30K-1000-120-4	sqlserver	2410	9395	1	1000	67903.8	120237251	565.824
xt-30K-1000-120-4	sqlserver	2410	9396	1	100	70687.2	12002374.4	589.02
xt-30K-1000-120-4	sqlserver	2410	9396	1	200	70211.2	24004815.6	585.05
xt-30K-1000-120-4	sqlserver	2410	9396	1	300	70221	35986825.8	585.135
xt-30K-1000-120-4	sqlserver	2410	9396	1	400	70186.6	47978654.4	584.847
xt-30K-1000-120-4	sqlserver	2410	9396	1	500	69980.2	60004008.6	583.127
xt-30K-1000-120-4	sqlserver	2410	9396	1	600	69435.6	71995745.2	578.593
xt-30K-1000-120-4	sqlserver	2410	9396	1	700	69762.8	84131089	581.313
xt-30K-1000-120-4	sqlserver	2410	9396	1	800	69499	96182455	579.114
xt-30K-1000-120-4	sqlserver	2410	9396	1	900	69532.6	108202680.8	579.394
xt-30K-1000-120-4	sqlserver	2410	9396	1	1000	69518	120233633	579.271
xt-30K-1000-120-4	sqlserver	2410	9397	1	100	71493.6	12003600.2	595.733
xt-30K-1000-120-4	sqlserver	2410	9397	1	200	71933.6	24005521.2	599.402
xt-30K-1000-120-4	sqlserver	2410	9397	1	300	71819.4	35991613.4	598.448
xt-30K-1000-120-4	sqlserver	2410	9397	1	400	72048.2	48013574.4	600.357
xt-30K-1000-120-4	sqlserver	2410	9397	1	500	71317.2	59959635	594.265
xt-30K-1000-120-4	sqlserver	2410	9397	1	600	71094.4	72040226.4	592.408
xt-30K-1000-120-4	sqlserver	2410	9397	1	700	71510.4	84141690.6	595.796
xt-30K-1000-120-4	sqlserver	2410	9397	1	800	71027.4	96130087.6	591.848
xt-30K-1000-120-4	sqlserver	2410	9397	1	900	71128.6	108122166.4	592.693
xt-30K-1000-120-4	sqlserver	2410	9397	1	1000	70830.8	120241669.4	590.21
xt-30K-1000-120-6	sqlserver	3189	9746	.01	100	113605	12002001.6	946.617
xt-30K-1000-120-6	sqlserver	3189	9746	.01	200	113463.2	24006118.6	945.437
xt-30K-1000-120-6	sqlserver	3189	9746	.01	300	113141.2	36008553	942.755
xt-30K-1000-120-6	sqlserver	3189	9746	.01	400	113673.4	48019122.6	947.188
xt-30K-1000-120-6	sqlserver	3189	9746	.01	500	113272.2	60006070.2	943.845
xt-30K-1000-120-6	sqlserver	3189	9746	.01	600	112829.8	72018522.2	940.159
xt-30K-1000-120-6	sqlserver	3189	9746	.01	700	112393	84063103.4	936.519
xt-30K-1000-120-6	sqlserver	3189	9746	.01	800	112257.2	96105155.4	935.388
xt-30K-1000-120-6	sqlserver	3189	9746	.01	900	112013.4	108142598.4	933.352
xt-30K-1000-120-6	sqlserver	3189	9746	.01	1000	111851.2	120201410.2	932
xt-30K-1000-120-6	sqlserver	3189	9747	.01	100	116165	12000750.4	967.95
xt-30K-1000-120-6	sqlserver	3189	9747	.01	200	116356	24003394.8	969.54
xt-30K-1000-120-6	sqlserver	3189	9747	.01	300	116050	36012571.6	966.988
xt-30K-1000-120-6	sqlserver	3189	9747	.01	400	115969.4	48032886.8	966.296
xt-30K-1000-120-6	sqlserver	3189	9747	.01	500	115536.8	60019865.2	962.717
xt-30K-1000-120-6	sqlserver	3189	9747	.01	600	115138.6	72062363	959.399
xt-30K-1000-120-6	sqlserver	3189	9747	.01	700	115064.2	84086028.6	958.75
xt-30K-1000-120-6	sqlserver	3189	9747	.01	800	114775	96082680.8	956.366
xt-30K-1000-120-6	sqlserver	3189	9747	.01	900	106701.8	108217843.8	889.094
xt-30K-1000-120-6	sqlserver	3189	9747	.01	1000	103757.8	120261193.6	864.568
xt-30K-1000-120-6	sqlserver	3189	9748	.01	100	118815.4	12001174	990.061
xt-30K-1000-120-6	sqlserver	3189	9748	.01	200	118761.4	24003222.6	989.589
xt-30K-1000-120-6	sqlserver	3189	9748	.01	300	118733.6	36002951	989.353
xt-30K-1000-120-6	sqlserver	3189	9748	.01	400	118157.2	48007037.4	984.547
xt-30K-1000-120-6	sqlserver	3189	9748	.01	500	117541.8	60017992.6	979.394
xt-30K-1000-120-6	sqlserver	3189	9748	.01	600	117430	72036367.4	978.492
xt-30K-1000-120-6	sqlserver	3189	9748	.01	700	117689.8	84054846.4	980.654
xt-30K-1000-120-6	sqlserver	3189	9748	.01	800	116959.4	96095366.2	974.569
xt-30K-1000-120-6	sqlserver	3189	9748	.01	900	117069.4	108124536.8	975.484
xt-30K-1000-120-6	sqlserver	3189	9748	.01	1000	117061.8	120192368.6	975.419
xt-30K-1000-120-6	sqlserver	3189	9749	.01	100	121249.6	11998375.6	1010.353
xt-30K-1000-120-6	sqlserver	3189	9749	.01	200	120942.4	24003076.6	1007.805
xt-30K-1000-120-6	sqlserver	3189	9749	.01	300	120968	35995561.4	1007.991
xt-30K-1000-120-6	sqlserver	3189	9749	.01	400	120839.8	48026039.8	1006.936
xt-30K-1000-120-6	sqlserver	3189	9749	.01	500	119703	59998187.4	997.444
xt-30K-1000-120-6	sqlserver	3189	9749	.01	600	119592.4	71984249.6	996.547
xt-30K-1000-120-6	sqlserver	3189	9749	.01	700	119283.2	83991703.6	993.972
xt-30K-1000-120-6	sqlserver	3189	9749	.01	800	119445.2	96082403.8	995.275
xt-30K-1000-120-6	sqlserver	3189	9749	.01	900	119108.2	108176940.2	992.507
xt-30K-1000-120-6	sqlserver	3189	9749	.01	1000	118702.2	120215950.4	989.147
xt-30K-1000-120-6	sqlserver	3189	9750	.1	100	113391.6	12001468	944.864
xt-30K-1000-120-6	sqlserver	3189	9750	.1	200	113531.6	24003670	946.065
xt-30K-1000-120-6	sqlserver	3189	9750	.1	300	113503.4	36014156	945.813
xt-30K-1000-120-6	sqlserver	3189	9750	.1	400	113415	48019700.6	945.092
xt-30K-1000-120-6	sqlserver	3189	9750	.1	500	113125.2	59990320	942.693
xt-30K-1000-120-6	sqlserver	3189	9750	.1	600	112331.6	72008241.8	936.036
xt-30K-1000-120-6	sqlserver	3189	9750	.1	700	112561.8	84075748.8	937.976
xt-30K-1000-120-6	sqlserver	3189	9750	.1	800	112395.8	96120856	936.596
xt-30K-1000-120-6	sqlserver	3189	9750	.1	900	112144.8	108157117.2	934.503
xt-30K-1000-120-6	sqlserver	3189	9750	.1	1000	112121	120238201.4	934.279
xt-30K-1000-120-6	sqlserver	3189	9751	.1	100	115809.8	12000317.4	965.037
xt-30K-1000-120-6	sqlserver	3189	9751	.1	200	116255	24005129.8	968.745
xt-30K-1000-120-6	sqlserver	3189	9751	.1	300	116435	36009744.6	970.25
xt-30K-1000-120-6	sqlserver	3189	9751	.1	400	116169.8	48014995.6	968.041
xt-30K-1000-120-6	sqlserver	3189	9751	.1	500	115897.4	60023398.6	965.746
xt-30K-1000-120-6	sqlserver	3189	9751	.1	600	115433.6	72002851.8	961.892
xt-30K-1000-120-6	sqlserver	3189	9751	.1	700	115152.4	84007410.4	959.348
xt-30K-1000-120-6	sqlserver	3189	9751	.1	800	114692	96088832.4	955.706
xt-30K-1000-120-6	sqlserver	3189	9751	.1	900	114825.4	108124516	956.805
xt-30K-1000-120-6	sqlserver	3189	9751	.1	1000	114156	120194630.6	951.238
xt-30K-1000-120-6	sqlserver	3189	9752	.1	100	118178.4	11997904.6	984.745
xt-30K-1000-120-6	sqlserver	3189	9752	.1	200	116764	23997940	972.957
xt-30K-1000-120-6	sqlserver	3189	9752	.1	300	117355.6	36000068.2	977.887
xt-30K-1000-120-6	sqlserver	3189	9752	.1	400	117647.2	47993310.6	980.32
xt-30K-1000-120-6	sqlserver	3189	9752	.1	500	116724.6	60022067	972.629
xt-30K-1000-120-6	sqlserver	3189	9752	.1	600	116373	72014112	969.699
xt-30K-1000-120-6	sqlserver	3189	9752	.1	700	115985.2	84064236.4	966.487
xt-30K-1000-120-6	sqlserver	3189	9752	.1	800	116132.6	96112943.8	967.68
xt-30K-1000-120-6	sqlserver	3189	9752	.1	900	115675.6	108127760.6	963.761
xt-30K-1000-120-6	sqlserver	3189	9752	.1	1000	115648.6	120218916.6	963.664
xt-30K-1000-120-6	sqlserver	3189	9766	.1	100	120984.2	12000189.4	1008.124
xt-30K-1000-120-6	sqlserver	3189	9766	.1	200	120875.4	24002907.6	1007.216
xt-30K-1000-120-6	sqlserver	3189	9766	.1	300	119910.6	35996518	999.178
xt-30K-1000-120-6	sqlserver	3189	9766	.1	400	120125.2	48020219.4	1000.965
xt-30K-1000-120-6	sqlserver	3189	9766	.1	500	119658	59997227.2	997.064
xt-30K-1000-120-6	sqlserver	3189	9766	.1	600	119736.8	71996993.2	997.747
xt-30K-1000-120-6	sqlserver	3189	9766	.1	700	119103.4	84059036	992.452
xt-30K-1000-120-6	sqlserver	3189	9766	.1	800	119295.4	96116586.2	993.896
xt-30K-1000-120-6	sqlserver	3189	9766	.1	900	119368.2	108109217.2	994.657
xt-30K-1000-120-6	sqlserver	3189	9766	.1	1000	118836	120206523.4	990.092
xt-30K-1000-120-6	sqlserver	3189	9767	1	100	110074	12001830.8	917.215
xt-30K-1000-120-6	sqlserver	3189	9767	1	200	110485.2	24003653.2	920.638
xt-30K-1000-120-6	sqlserver	3189	9767	1	300	110431	36002574	920.162
xt-30K-1000-120-6	sqlserver	3189	9767	1	400	110463	48010175.4	920.456
xt-30K-1000-120-6	sqlserver	3189	9767	1	500	110226	59997750.8	918.434
xt-30K-1000-120-6	sqlserver	3189	9767	1	600	109843.4	72071732.4	915.291
xt-30K-1000-120-6	sqlserver	3189	9767	1	700	109561.2	84077067	912.942
xt-30K-1000-120-6	sqlserver	3189	9767	1	800	109432.4	96155830	911.868
xt-30K-1000-120-6	sqlserver	3189	9767	1	900	109143.6	108164234.2	909.366
xt-30K-1000-120-6	sqlserver	3189	9767	1	1000	108865.8	120190157.4	907.145
xt-30K-1000-120-6	sqlserver	3189	9768	1	100	112499.6	12000169.4	937.422
xt-30K-1000-120-6	sqlserver	3189	9768	1	200	112658	23999720.2	938.749
xt-30K-1000-120-6	sqlserver	3189	9768	1	300	112885.2	35999862.6	940.621
xt-30K-1000-120-6	sqlserver	3189	9768	1	400	112789.8	48007366.2	939.834
xt-30K-1000-120-6	sqlserver	3189	9768	1	500	111965.4	60034578	932.967
xt-30K-1000-120-6	sqlserver	3189	9768	1	600	111318.8	72028228.8	927.579
xt-30K-1000-120-6	sqlserver	3189	9768	1	700	111283	84056331.2	927.281
xt-30K-1000-120-6	sqlserver	3189	9768	1	800	111237.6	96065717.2	926.663
xt-30K-1000-120-6	sqlserver	3189	9768	1	900	111395.6	108168647.4	928.219
xt-30K-1000-120-6	sqlserver	3189	9768	1	1000	110832.8	120121678.4	923.528
xt-30K-1000-120-6	sqlserver	3189	9769	1	100	114922	12001901	957.604
xt-30K-1000-120-6	sqlserver	3189	9769	1	200	114962.8	24000319.4	957.944
xt-30K-1000-120-6	sqlserver	3189	9769	1	300	114860.4	36007528.4	957.089
xt-30K-1000-120-6	sqlserver	3189	9769	1	400	114862.2	48016564.2	957.105
xt-30K-1000-120-6	sqlserver	3189	9769	1	500	114829.6	60019463.8	956.81
xt-30K-1000-120-6	sqlserver	3189	9769	1	600	114552.6	72064161.6	954.525
xt-30K-1000-120-6	sqlserver	3189	9769	1	700	114280.4	84105327.2	952.257
xt-30K-1000-120-6	sqlserver	3189	9769	1	800	113591.8	96119943.2	946.496
xt-30K-1000-120-6	sqlserver	3189	9769	1	900	113593.8	108144940.2	946.572
xt-30K-1000-120-6	sqlserver	3189	9769	1	1000	113174.8	120360687.8	943.031
xt-30K-1000-120-6	sqlserver	3189	9770	1	100	116350	12001074.2	969.503
xt-30K-1000-120-6	sqlserver	3189	9770	1	200	117830	24000644.4	981.835
xt-30K-1000-120-6	sqlserver	3189	9770	1	300	117259.4	35999444.2	977.08
xt-30K-1000-120-6	sqlserver	3189	9770	1	400	116765.8	48006885.8	972.967
xt-30K-1000-120-6	sqlserver	3189	9770	1	500	117531.2	60017132.8	979.345
xt-30K-1000-120-6	sqlserver	3189	9770	1	600	116484.2	72042005.8	970.619
xt-30K-1000-120-6	sqlserver	3189	9770	1	700	116412.6	84068180	969.998
xt-30K-1000-120-6	sqlserver	3189	9770	1	800	115612.2	96086609.8	963.278
xt-30K-1000-120-6	sqlserver	3189	9770	1	900	114595.6	108147053.6	954.884
xt-30K-1000-120-6	sqlserver	3189	9770	1	1000	115332.4	120179237.4	961.023
xt-30K-1000-120-8	sqlserver	2269	9303	.01	100	156804	12000187.2	1306.58
xt-30K-1000-120-8	sqlserver	2269	9303	.01	200	156517.4	24002588.2	1304.194
xt-30K-1000-120-8	sqlserver	2269	9303	.01	300	156744.4	36007798.4	1306.084
xt-30K-1000-120-8	sqlserver	2269	9303	.01	400	156385.2	48001953.6	1303.095
xt-30K-1000-120-8	sqlserver	2269	9303	.01	500	156102	60012697.8	1300.731
xt-30K-1000-120-8	sqlserver	2269	9303	.01	600	155078.8	72028971.8	1292.209
xt-30K-1000-120-8	sqlserver	2269	9303	.01	700	154897	84045964.6	1290.718
xt-30K-1000-120-8	sqlserver	2269	9303	.01	800	154432.2	96077493.8	1286.815
xt-30K-1000-120-8	sqlserver	2269	9303	.01	900	154166.2	108166366.2	1284.605
xt-30K-1000-120-8	sqlserver	2269	9303	.01	1000	154237.4	120191867.4	1285.196
xt-30K-1000-120-8	sqlserver	2269	9324	.01	100	159769.4	12001474.6	1331.29
xt-30K-1000-120-8	sqlserver	2269	9324	.01	200	160350.8	24012809.4	1336.134
xt-30K-1000-120-8	sqlserver	2269	9324	.01	300	159887.8	36010271.2	1332.278
xt-30K-1000-120-8	sqlserver	2269	9324	.01	400	159869.8	48014761.4	1332.126
xt-30K-1000-120-8	sqlserver	2269	9324	.01	500	159363.6	60019852.2	1327.91
xt-30K-1000-120-8	sqlserver	2269	9324	.01	600	158850.8	72126452.8	1323.638
xt-30K-1000-120-8	sqlserver	2269	9324	.01	700	157898.2	84098731.2	1315.702
xt-30K-1000-120-8	sqlserver	2269	9324	.01	800	156691.8	96217615.4	1305.648
xt-30K-1000-120-8	sqlserver	2269	9324	.01	900	145328.4	108204034.4	1210.961
xt-30K-1000-120-8	sqlserver	2269	9324	.01	1000	149103.2	120085045.2	1242.413
xt-30K-1000-120-8	sqlserver	2269	9325	.01	100	167500.8	11999137.8	1395.763
xt-30K-1000-120-8	sqlserver	2269	9325	.01	200	167512	24004718.6	1395.78
xt-30K-1000-120-8	sqlserver	2269	9325	.01	300	167968.4	36006330.6	1399.604
xt-30K-1000-120-8	sqlserver	2269	9325	.01	400	167498.8	48011560.4	1395.684
xt-30K-1000-120-8	sqlserver	2269	9325	.01	500	167048.6	60031234.4	1391.96
xt-30K-1000-120-8	sqlserver	2269	9325	.01	600	165886.6	72027018.6	1382.289
xt-30K-1000-120-8	sqlserver	2269	9325	.01	700	165649.4	84073321.8	1380.276
xt-30K-1000-120-8	sqlserver	2269	9325	.01	800	165104	96068710.4	1375.768
xt-30K-1000-120-8	sqlserver	2269	9325	.01	900	165682.2	108145986.2	1380.542
xt-30K-1000-120-8	sqlserver	2269	9325	.01	1000	165727.6	120174267.4	1380.962
xt-30K-1000-120-8	sqlserver	2269	9326	.01	100	168118.8	12001215.2	1400.852
xt-30K-1000-120-8	sqlserver	2269	9326	.01	200	166924.6	24010271.2	1390.897
xt-30K-1000-120-8	sqlserver	2269	9326	.01	300	167111.4	36014256.8	1392.46
xt-30K-1000-120-8	sqlserver	2269	9326	.01	400	166613.8	48008224.4	1388.314
xt-30K-1000-120-8	sqlserver	2269	9326	.01	500	166962.4	60023085.2	1391.219
xt-30K-1000-120-8	sqlserver	2269	9326	.01	600	165959.2	72059971.8	1382.883
xt-30K-1000-120-8	sqlserver	2269	9326	.01	700	165532	84106781.4	1379.3
xt-30K-1000-120-8	sqlserver	2269	9326	.01	800	165714	96070815	1380.821
xt-30K-1000-120-8	sqlserver	2269	9326	.01	900	165802.4	108107433.6	1381.551
xt-30K-1000-120-8	sqlserver	2269	9326	.01	1000	165083	120172009.2	1375.605
xt-30K-1000-120-8	sqlserver	2269	9327	.1	100	157732.4	12002059.4	1314.314
xt-30K-1000-120-8	sqlserver	2269	9327	.1	200	157965.2	24006459.6	1316.245
xt-30K-1000-120-8	sqlserver	2269	9327	.1	300	157709.2	36008825.4	1314.112
xt-30K-1000-120-8	sqlserver	2269	9327	.1	400	157673.8	48009993.6	1313.883
xt-30K-1000-120-8	sqlserver	2269	9327	.1	500	157279.2	60059919.4	1310.581
xt-30K-1000-120-8	sqlserver	2269	9327	.1	600	156388	72030714	1303.105
xt-30K-1000-120-8	sqlserver	2269	9327	.1	700	156167.8	84101896.2	1301.275
xt-30K-1000-120-8	sqlserver	2269	9327	.1	800	153421.4	96124791.2	1278.392
xt-30K-1000-120-8	sqlserver	2269	9327	.1	900	155624	108084921	1296.741
xt-30K-1000-120-8	sqlserver	2269	9327	.1	1000	155662.6	120185353.6	1297.067
xt-30K-1000-120-8	sqlserver	2269	9330	.1	100	160727.2	11999238.4	1339.264
xt-30K-1000-120-8	sqlserver	2269	9330	.1	200	160739.2	24005388.4	1339.406
xt-30K-1000-120-8	sqlserver	2269	9330	.1	300	160538.4	36025322.8	1337.751
xt-30K-1000-120-8	sqlserver	2269	9330	.1	400	159852.6	48012622.8	1331.981
xt-30K-1000-120-8	sqlserver	2269	9330	.1	500	159564.6	60048043	1329.572
xt-30K-1000-120-8	sqlserver	2269	9330	.1	600	158850.6	72046684.8	1323.631
xt-30K-1000-120-8	sqlserver	2269	9330	.1	700	158864.8	84092053	1323.776
xt-30K-1000-120-8	sqlserver	2269	9330	.1	800	158454.8	96072460.4	1320.329
xt-30K-1000-120-8	sqlserver	2269	9330	.1	900	158471	108129276	1320.466
xt-30K-1000-120-8	sqlserver	2269	9330	.1	1000	158281.4	120204693.8	1318.884
xt-30K-1000-120-8	sqlserver	2269	9331	.1	100	163883.2	12003577.2	1365.582
xt-30K-1000-120-8	sqlserver	2269	9331	.1	200	165542	24009778.4	1379.383
xt-30K-1000-120-8	sqlserver	2269	9331	.1	300	164515.8	36013087.6	1370.832
xt-30K-1000-120-8	sqlserver	2269	9331	.1	400	164251.6	48020284.6	1368.633
xt-30K-1000-120-8	sqlserver	2269	9331	.1	500	163423.6	60011413.8	1361.734
xt-30K-1000-120-8	sqlserver	2269	9331	.1	600	162818.8	72044094	1356.692
xt-30K-1000-120-8	sqlserver	2269	9331	.1	700	162084	84076585	1350.574
xt-30K-1000-120-8	sqlserver	2269	9331	.1	800	162019.4	96096933.8	1350.031
xt-30K-1000-120-8	sqlserver	2269	9331	.1	900	162089.8	108132602.6	1350.645
xt-30K-1000-120-8	sqlserver	2269	9331	.1	1000	161580.2	120150870.6	1346.378
xt-30K-1000-120-8	sqlserver	2269	9332	.1	100	168032.4	12001768.8	1400.137
xt-30K-1000-120-8	sqlserver	2269	9332	.1	200	167350.6	24012377	1394.451
xt-30K-1000-120-8	sqlserver	2269	9332	.1	300	168081.6	36006133	1400.549
xt-30K-1000-120-8	sqlserver	2269	9332	.1	400	166589	48054370.4	1388.11
xt-30K-1000-120-8	sqlserver	2269	9332	.1	500	166417.4	60024407.2	1386.678
xt-30K-1000-120-8	sqlserver	2269	9332	.1	600	166092.2	72011743.8	1383.968
xt-30K-1000-120-8	sqlserver	2269	9332	.1	700	165649.8	84059947	1380.293
xt-30K-1000-120-8	sqlserver	2269	9332	.1	800	165761.6	96113638.2	1381.229
xt-30K-1000-120-8	sqlserver	2269	9332	.1	900	165328.4	108119438.2	1377.601
xt-30K-1000-120-8	sqlserver	2269	9332	.1	1000	164795.2	120228143	1373.158
xt-30K-1000-120-8	sqlserver	2269	9333	1	100	153134.4	12000093	1276.001
xt-30K-1000-120-8	sqlserver	2269	9333	1	200	152744.6	24006779.2	1272.751
xt-30K-1000-120-8	sqlserver	2269	9333	1	300	152988.6	36012693.2	1274.78
xt-30K-1000-120-8	sqlserver	2269	9333	1	400	152623.6	48020571.6	1271.745
xt-30K-1000-120-8	sqlserver	2269	9333	1	500	152534.4	60020509	1270.997
xt-30K-1000-120-8	sqlserver	2269	9333	1	600	151934.2	72032070.8	1266.028
xt-30K-1000-120-8	sqlserver	2269	9333	1	700	151559.4	84118555.8	1262.888
xt-30K-1000-120-8	sqlserver	2269	9333	1	800	151390.2	96079633.2	1261.467
xt-30K-1000-120-8	sqlserver	2269	9333	1	900	151343	108150380.4	1261.07
xt-30K-1000-120-8	sqlserver	2269	9333	1	1000	151312.6	120188066.6	1260.814
xt-30K-1000-120-8	sqlserver	2269	9335	1	100	155988.8	12002113.6	1299.781
xt-30K-1000-120-8	sqlserver	2269	9335	1	200	155639.2	24008326.2	1296.868
xt-30K-1000-120-8	sqlserver	2269	9335	1	300	155383.2	36010335.6	1294.735
xt-30K-1000-120-8	sqlserver	2269	9335	1	400	155221.8	48015454	1293.392
xt-30K-1000-120-8	sqlserver	2269	9335	1	500	155248.6	60059701	1293.641
xt-30K-1000-120-8	sqlserver	2269	9335	1	600	154295.2	72032778	1285.667
xt-30K-1000-120-8	sqlserver	2269	9335	1	700	151872.2	84061268	1265.475
xt-30K-1000-120-8	sqlserver	2269	9335	1	800	142130.8	96081888	1184.307
xt-30K-1000-120-8	sqlserver	2269	9335	1	900	146983	108121280.8	1224.742
xt-30K-1000-120-8	sqlserver	2269	9335	1	1000	148900	120119008	1240.716
xt-30K-1000-120-8	sqlserver	2269	9338	1	100	159001.2	12002181.2	1324.882
xt-30K-1000-120-8	sqlserver	2269	9338	1	200	158363.2	24010496.8	1319.594
xt-30K-1000-120-8	sqlserver	2269	9338	1	300	158435.8	36008103.2	1320.199
xt-30K-1000-120-8	sqlserver	2269	9338	1	400	158129.2	48017306.4	1317.618
xt-30K-1000-120-8	sqlserver	2269	9338	1	500	157445.8	60023287.2	1311.922
xt-30K-1000-120-8	sqlserver	2269	9338	1	600	156887.8	72057922.6	1307.272
xt-30K-1000-120-8	sqlserver	2269	9338	1	700	156406.8	84053710.8	1303.268
xt-30K-1000-120-8	sqlserver	2269	9338	1	800	156613.6	96089309.4	1304.987
xt-30K-1000-120-8	sqlserver	2269	9338	1	900	156289	108114662.2	1302.282
xt-30K-1000-120-8	sqlserver	2269	9338	1	1000	156098.2	120176787.2	1300.69
xt-30K-1000-120-8	sqlserver	2269	9386	1	100	162446.6	12000778.2	1353.602
xt-30K-1000-120-8	sqlserver	2269	9386	1	200	161400.4	24015298	1344.871
xt-30K-1000-120-8	sqlserver	2269	9386	1	300	162558.2	36011952	1354.523
xt-30K-1000-120-8	sqlserver	2269	9386	1	400	162139.2	48015601.2	1351.027
xt-30K-1000-120-8	sqlserver	2269	9386	1	500	161207.6	60038073	1343.267
xt-30K-1000-120-8	sqlserver	2269	9386	1	600	161021.6	72044732.6	1341.715
xt-30K-1000-120-8	sqlserver	2269	9386	1	700	160156.8	84080145.2	1334.515
xt-30K-1000-120-8	sqlserver	2269	9386	1	800	159873.8	96081357.8	1332.151
xt-30K-1000-120-8	sqlserver	2269	9386	1	900	159249.6	108117097.2	1326.95
xt-30K-1000-120-8	sqlserver	2269	9386	1	1000	159575	120153275.6	1329.661
