RUNID	BATCHSETID	MPL	NUMEXECXACTS	PT	TPS
609	1	100	3030.33	11797735.67	25.25
609	1	200	3031	23235726	25.26
609	1	300	3026	34248278	25.22
609	1	400	3019.33	44784029.33	25.16
609	1	500	3006	55084873.33	25.05
609	1	600	2969	64668409.67	24.74
609	1	700	2970	73825235.33	24.75
609	1	800	2914	82958185.33	24.28
609	1	900	2931.67	90912627.33	24.43
609	1	1000	2929.33	100696795.33	24.41
609	2	100	3031.67	11790988.33	25.26
609	2	200	3048	23271433.33	25.4
609	2	300	3012	34195142	25.1
609	2	400	3039.33	44952025.33	25.33
609	2	500	2946.67	54823376	24.56
609	2	600	3012.33	65424715.33	25.1
609	2	700	2944	74108105	24.53
609	2	800	2898	82812072.33	24.15
609	2	900	2879.33	91483828.33	23.99
609	2	1000	2914.33	100558086.67	24.29
609	21	100	3078.33	11808179.33	25.65
609	21	200	2993.33	23155766.33	24.94
609	21	300	3003.67	34237698.33	25.03
609	21	400	2972	44783497.67	24.77
609	21	500	2928	54782667.33	24.4
609	21	600	2905.67	64445086.67	24.21
609	21	700	2888	74116722.67	24.07
609	21	800	2948	83358510.67	24.57
609	21	900	2833.67	90053673	23.61
609	21	1000	2927.33	101063030.67	24.39
609	22	100	3103	11812189.67	25.86
609	22	200	3019.67	23205278	25.16
609	22	300	2970	34168137	24.75
609	22	400	2919.67	44810937	24.33
609	22	500	2946.67	55229101	24.56
609	22	600	2867	64220989	23.89
609	22	700	2875.67	73803314	23.96
609	22	800	2852.67	82732337	23.77
609	22	900	2826.67	90908454	23.56
609	22	1000	2842	99703674.33	23.68
609	41	100	3014.33	11810474.33	25.12
609	41	200	2997	23184119.33	24.98
609	41	300	3038	34267287.33	25.32
609	41	400	3046.33	44947904.33	25.39
609	41	500	3011.33	55123770	25.09
609	41	600	3007.33	65121496.33	25.06
609	41	700	2909.67	74124336.33	24.25
609	41	800	2960.67	83323283.33	24.67
609	41	900	2883.67	90423852.67	24.03
609	41	1000	2935.67	100334487.67	24.46
609	42	100	3095	11807691.67	25.79
609	42	200	3042.33	23178017.33	25.35
609	42	300	2988.33	34173740.67	24.9
609	42	400	3002.67	44861202.33	25.02
609	42	500	2997.67	55260547.67	24.98
609	42	600	2964.67	64994973.67	24.71
609	42	700	2920.67	73494108	24.34
609	42	800	2934.67	83207306	24.46
609	42	900	2870	91322430.67	23.92
609	42	1000	2861.33	99946570.33	23.84
609	61	100	3051	11801899.67	25.43
609	61	200	3027.67	23152254.33	25.23
609	61	300	2992.33	34222925.33	24.94
609	61	400	2954.67	44954913	24.62
609	61	500	2932.33	54780376.67	24.44
609	61	600	2967.67	65299655	24.73
609	61	700	2917.33	74032596.67	24.31
609	61	800	2916.67	83034862.33	24.31
609	61	900	2867	90308393.33	23.89
609	61	1000	2878.67	100596170	23.99
609	62	100	3092.67	11814222.33	25.77
609	62	200	2978.67	23192746	24.82
609	62	300	2944	34120694.33	24.53
609	62	400	2935.33	44886429	24.46
609	62	500	2928.33	54802013.67	24.4
609	62	600	2861.67	64354300.67	23.85
609	62	700	2888	74101120	24.07
609	62	800	2753	81789954.67	22.94
609	62	900	2804	90076846.33	23.37
609	62	1000	2834	100006298.67	23.62
609	81	100	3056	11812575	25.47
609	81	200	3050	23196616.33	25.42
609	81	300	3039.67	34278854.33	25.33
609	81	400	3040	44920704.67	25.33
609	81	500	3012.67	55054769.67	25.11
609	81	600	2993.67	64791870.33	24.95
609	81	700	2958	74337501	24.65
609	81	800	2956.33	83442045	24.64
609	81	900	2919	90713652.33	24.33
609	81	1000	2950.33	100917603.67	24.59
609	101	100	3088.67	11788452.67	25.74
609	101	200	3039	23242713.33	25.33
609	101	300	3004.33	34236458	25.04
609	101	400	3003	44880823	25.03
609	101	500	3016	55412666.67	25.13
609	101	600	2944.33	64524348.33	24.54
609	101	700	2961.33	73689444	24.68
609	101	800	2963.67	83465125.33	24.7
609	101	900	2890.67	90477698	24.09
609	101	1000	2907.33	100595429	24.23
609	121	100	3059	11809919	25.49
609	121	200	3037.33	23233144.33	25.31
609	121	300	2987.67	34208277	24.9
609	121	400	2947	44708245	24.56
609	121	500	2945.67	55219378.33	24.55
609	121	600	2866.67	64203678.67	23.89
609	121	700	2902	73803294	24.18
609	121	800	2844.33	82537135.67	23.7
609	121	900	2833.33	89680404	23.61
609	121	1000	2854.67	99930954	23.79
609	141	100	3012.67	11806645.33	25.11
609	141	200	3053.67	23262917.33	25.45
609	141	300	3003.33	34303800	25.03
609	141	400	2942.67	44773925.33	24.52
609	141	500	2936.33	54818227.33	24.47
609	141	600	2908.33	64482441	24.24
609	141	700	2913.33	74141003.33	24.28
609	141	800	2909.33	83038699.67	24.24
609	141	900	2842.33	90714810	23.69
609	141	1000	2844	99863858	23.7
609	142	100	3099	11804154.33	25.83
609	142	200	3055	23212602.67	25.46
609	142	300	3027.33	34285243.33	25.23
609	142	400	3032.33	44891592.33	25.27
609	142	500	3015.67	55155034	25.13
609	142	600	3018	65334765	25.15
609	142	700	2949.67	74197753	24.58
609	142	800	2911.33	82952735	24.26
609	142	900	2855.67	90080920.33	23.8
609	142	1000	2913.33	100709757.33	24.28
609	143	100	3053.67	11806541.33	25.45
609	143	200	3006.33	23206431.33	25.05
609	143	300	3010	34257242.67	25.08
609	143	400	2951.67	44729771.67	24.6
609	143	500	2935	54838951	24.46
609	143	600	2957	64708156.67	24.64
609	143	700	2912.33	74043993.67	24.27
609	143	800	2902.33	82902282.33	24.19
609	143	900	2873.33	90465602.67	23.94
609	143	1000	2925.67	101038409.33	24.38
609	161	100	3045.33	11792690	25.38
609	161	200	3023	23233283.33	25.19
609	161	300	2943.33	34129743	24.53
609	161	400	2982.33	44772516	24.85
609	161	500	2977.67	55229516.33	24.81
609	161	600	2866.67	64254187.67	23.89
609	161	700	2899.67	74116055	24.16
609	161	800	2887.67	82991650.67	24.06
609	161	900	2841	90172355	23.68
609	161	1000	2869.33	99993288.33	23.91
609	162	100	3070	11821149	25.58
609	162	200	2994.67	23204329.67	24.96
609	162	300	2949	34149832.67	24.58
609	162	400	2953	44710428	24.61
609	162	500	2966	55103639.33	24.72
609	162	600	2959	65175165	24.66
609	162	700	2894.67	73402865.33	24.12
609	162	800	2864.33	82695902	23.87
609	162	900	2823.33	90157084.67	23.53
609	162	1000	2856.33	100217230.67	23.8
609	181	100	3058.67	11805159	25.49
609	181	200	3066.33	23278750	25.55
609	181	300	3027.67	34270469	25.23
609	181	400	3008	44877556.33	25.07
609	181	500	3011.33	55077252.33	25.09
609	181	600	2955.33	64626455.67	24.63
609	181	700	2937.33	74274966	24.48
609	181	800	2924.33	83223033.33	24.37
609	181	900	2887	90562887.67	24.06
609	181	1000	2925.33	101097850.33	24.38
609	182	100	3076.33	11808720.67	25.64
609	182	200	3064	23269523	25.53
609	182	300	3003.33	34204635.67	25.03
609	182	400	2973.33	44831876.33	24.78
609	182	500	2996.33	55083639.67	24.97
609	182	600	2954.67	64569446	24.62
609	182	700	2943	73650411.67	24.53
609	182	800	2934.67	83262630.67	24.46
609	182	900	2878.67	90340805	23.99
609	182	1000	2876.67	99813483	23.97
609	201	100	3012.67	11791902	25.11
609	201	200	2988	23212529	24.9
609	201	300	2964.33	34175141	24.7
609	201	400	2970.33	44960284	24.75
609	201	500	2918.67	54828759.67	24.32
609	201	600	2908.67	64893819.67	24.24
609	201	700	2877	73918842.67	23.98
609	201	800	2893	82910534.67	24.11
609	201	900	2825	90359143.67	23.54
609	201	1000	2822	99595165	23.52
609	221	100	3111.33	11806870.67	25.93
609	221	200	3002.33	23196572.33	25.02
609	221	300	2956	34158987.33	24.63
609	221	400	2878.33	44589173	23.99
609	221	500	2930	54791136	24.42
609	221	600	2920.33	64721323	24.34
609	221	700	2878.33	73575480.33	23.99
609	221	800	2894.33	82949312.33	24.12
609	221	900	2840	90021044	23.67
609	221	1000	2849.67	99602914.33	23.75
609	222	100	8676.33	11823460	72.3
609	222	200	8840.67	22645664	73.67
609	222	300	8935	31561795.33	74.46
609	222	400	8944	37267108.67	74.53
609	222	500	9038	42384482.33	75.32
609	222	600	8988	39144517.67	74.9
609	222	700	9026.67	47476613.67	75.22
609	222	800	8987.33	39197986.33	74.89
609	222	900	8977.33	39129184.67	74.81
609	222	1000	8958.33	39066250.67	74.65
609	241	100	8810	11819687	73.42
609	241	200	8907	22671683	74.23
609	241	300	8955.67	31466427.67	74.63
609	241	400	9012.67	37470245.67	75.11
609	241	500	9085	41513717.33	75.71
609	241	600	9039.33	39108912	75.33
609	241	700	9123.67	57566780	76.03
609	241	800	9011	39072506.67	75.09
609	241	900	8971	39761310.67	74.76
609	241	1000	9053.33	39129926	75.44
609	261	100	8850.33	11822825.67	73.75
609	261	200	8933.67	22651654.67	74.45
609	261	300	9100.33	31520992.33	75.84
609	261	400	9052.33	37242885	75.44
609	261	500	9107	39109503	75.89
609	261	600	9095	39023630	75.79
609	261	700	9090.67	56316635	75.76
609	261	800	9096.67	39142494.33	75.81
609	261	900	9069.33	39210580	75.58
609	261	1000	9075	38815697.67	75.63
609	281	100	8968.67	11815388.33	74.74
609	281	200	9031.67	22687104.67	75.26
609	281	300	9128.67	31527333.33	76.07
609	281	400	9166.33	37539888.67	76.39
609	281	500	9191.33	41377291	76.59
609	281	600	9166.67	39120689.67	76.39
609	281	700	9160.33	39005224.33	76.34
609	281	800	9154	39073329	76.28
609	281	900	9251.67	45247501.33	77.1
609	281	1000	9157.67	39059389	76.31
609	301	100	2696	11841790.33	22.47
609	301	200	2707.33	23301979.67	22.56
609	301	300	2717.33	34559046.33	22.64
609	301	400	2777.33	46278595.33	23.14
609	301	500	2765.33	56507995.67	23.04
609	301	600	2696.33	65936387.33	22.47
609	301	700	2830	79044402.67	23.58
609	301	800	2627.67	83200281.33	21.9
609	301	900	2752.67	96711967.67	22.94
609	301	1000	3027	114300661.33	25.23
609	321	100	2689.33	11809858.33	22.41
609	321	200	2707.33	23278011.33	22.56
609	321	300	2765	34929559.33	23.04
609	321	400	2729	45596482.67	22.74
609	321	500	2754	56352267	22.95
609	321	600	2692.33	65794632.67	22.44
609	321	700	2829.33	79164986	23.58
609	321	800	2474	78855748.67	20.62
609	321	900	2751.33	97043618.67	22.93
609	321	1000	3003.67	114195469.67	25.03
609	341	100	2730.67	11849619.67	22.76
609	341	200	2709.67	23132783	22.58
609	341	300	2720.33	34327018.33	22.67
609	341	400	2816.33	46401852	23.47
609	341	500	2677.33	54865348.67	22.31
609	341	600	2793.33	67496983.67	23.28
609	341	700	2833	78605348	23.61
609	341	800	2774.67	86528246.33	23.12
609	341	900	2752.67	96291966.67	22.94
609	341	1000	2796.67	107003109.33	23.31
609	362	100	2731.33	11806086	22.76
609	362	200	2792.33	23550600.33	23.27
609	362	300	2767	34735811.33	23.06
609	362	400	2817.33	46256484	23.48
609	362	500	2771.67	56074884	23.1
609	362	600	2716.67	65359586	22.64
609	362	700	2833.67	78595500	23.61
609	362	800	2509.33	79261765.33	20.91
609	362	900	2754.33	96288327.67	22.95
609	362	1000	2879.33	109661765	23.99
609	381	100	2571.33	11840848	21.43
609	381	200	2700.67	23739798.67	22.51
609	381	300	2667.67	34660962.67	22.23
609	381	400	2615	44994299	21.79
609	381	500	2544	53971726.33	21.2
609	381	600	2455.33	61910593.33	20.46
609	381	700	2822.67	80408414	23.52
609	381	800	2467	80679795	20.56
609	381	900	2743.33	98658139	22.86
609	381	1000	2683.67	105049163.33	22.36
609	402	100	2559.33	11793872	21.33
609	402	200	2699	23686001.67	22.49
609	402	300	2684.67	34764581.67	22.37
609	402	400	2706.33	46018851.67	22.55
609	402	500	2739	57284158.67	22.83
609	402	600	2470.33	61885959.67	20.59
609	402	700	2824.33	80136786.33	23.54
609	402	800	2468.33	80283460.67	20.57
609	402	900	2746	98364780.33	22.88
609	402	1000	2761.33	107714548.33	23.01
609	421	100	2597.67	11857953.33	21.65
609	421	200	2625.67	23010799.67	21.88
609	421	300	2712.33	35032858	22.6
609	421	400	2736	46255353.67	22.8
609	421	500	2543.33	53579997.67	21.19
609	421	600	2718.33	66926581.33	22.65
609	421	700	2611	75250969.33	21.76
609	421	800	2482.67	80569665.67	20.69
609	421	900	2745	98461733.33	22.88
609	421	1000	2790	109357330.33	23.25
609	441	100	2603	11822057	21.69
609	441	200	2675	23340503.67	22.29
609	441	300	2630.67	33938077.33	21.92
609	441	400	2761.33	46371460	23.01
609	441	500	2574.33	53889272	21.45
609	441	600	2644.33	65110525	22.04
609	441	700	2778.67	78589512.67	23.16
609	441	800	2524.33	81290547.67	21.04
609	441	900	2748.33	97679691	22.9
609	441	1000	3017	115139188	25.14
609	461	100	2559	11813641	21.33
609	461	200	2657	23526379	22.14
609	461	300	2682.67	34823024.67	22.36
609	461	400	2741	46591010.33	22.84
609	461	500	2540.33	54022450.67	21.17
609	461	600	2625	65604803.33	21.88
609	461	700	2823	80320665	23.53
609	461	800	2468	80397646	20.57
609	461	900	2743.67	98613725.67	22.86
609	461	1000	2841.67	110886548	23.68
609	481	100	2530	11765114.33	21.08
609	481	200	2640	23220370.67	22
609	481	300	2689.67	34908257.33	22.41
609	481	400	2653.67	45371657.67	22.11
609	481	500	2542	53937752	21.18
609	481	600	2504.33	62867711	20.87
609	481	700	2822.67	80396676.33	23.52
609	481	800	2466.33	80656092	20.55
609	481	900	2743	98777335.33	22.86
609	481	1000	2747	107816178.33	22.89
609	501	100	2588.33	11817531.67	21.57
609	501	200	2631.33	23069853.33	21.93
609	501	300	2677.67	34702930.67	22.31
609	501	400	2614.67	44743045	21.79
609	501	500	2755.67	57425044.33	22.96
609	501	600	2711.67	66874195.67	22.6
609	501	700	2825	80139010	23.54
609	501	800	2545.67	82711833.67	21.21
609	501	900	2744.67	98317776.67	22.87
609	501	1000	2767.33	107855298.33	23.06
609	502	100	2621	11843958.33	21.84
609	502	200	2681.33	23219804.33	22.34
609	502	300	2715.33	34846600.33	22.63
609	502	400	2644	44707528.33	22.03
609	502	500	2639.67	55357415	22
609	502	600	2569.67	63634329	21.41
609	502	700	2705.33	77012295.67	22.54
609	502	800	2488.67	80166289	20.74
609	502	900	2747.67	97651837.67	22.9
609	502	1000	2976.67	114094003.67	24.81
610	102	100	501718.33	5367026.67	4180.99
610	102	200	481042	5215283.67	4008.68
610	102	300	490200	5989101	4085
610	102	400	458610.33	6380434.67	3821.75
610	102	500	488959.33	6722172	4074.66
610	102	600	527281	6512999.33	4394.01
610	102	700	502222.67	7903433	4185.19
610	102	800	509056.33	7970973.67	4242.14
610	102	900	521263	6807088	4343.86
610	102	1000	500288	5916242.67	4169.07
610	282	100	444880.67	7273116	3707.34
610	282	200	420651	7790560.33	3505.43
610	282	300	436387	8056167.67	3636.56
610	282	400	400423	8048377.67	3336.86
610	282	500	453011	8533549	3775.09
610	282	600	434161.67	9014567.33	3618.01
610	282	700	471131	7865461	3926.09
610	282	800	421531.67	8835468.67	3512.76
610	282	900	517735.67	8846642	4314.46
610	282	1000	522808	9228414.67	4356.73
610	322	100	426702.67	8109404.67	3555.86
610	322	200	369282	10005964.67	3077.35
610	322	300	436510.67	9654484.67	3637.59
610	322	400	389080.33	9772870.33	3242.34
610	322	500	414281.33	9243620	3452.34
610	322	600	473523.33	9301273.67	3946.03
610	322	700	397880.67	9526040.33	3315.67
610	322	800	488697.67	9172482	4072.48
610	322	900	388811.67	9745654.67	3240.1
610	322	1000	452814	9836236.33	3773.45
610	361	100	444472.33	9373206	3703.94
610	361	200	397667	10166182.33	3313.89
610	361	300	398800	10613010	3323.33
610	361	400	399823.33	9362478	3331.86
610	361	500	389001.67	9247617.33	3241.68
610	361	600	395182.67	9578077.67	3293.19
610	361	700	452220.33	9115426	3768.5
610	361	800	380018	8190527.33	3166.82
610	361	900	445000	8756147.33	3708.33
610	361	1000	481547.67	10487950.33	4012.9
610	401	100	482878	6263846	4023.98
610	401	200	486389	6091216.33	4053.24
610	401	300	490872.33	6658555	4090.6
610	401	400	493032.67	6608138	4108.61
610	401	500	485582.33	7335124.33	4046.52
610	401	600	484815	6485204.67	4040.13
610	401	700	507276.67	7725227	4227.31
610	401	800	494484	6317435.67	4120.7
610	401	900	540575.33	6756725	4504.79
610	401	1000	522030	5389989.33	4350.25
610	422	100	446819	6943768	3723.49
610	422	200	438507	8680382.67	3654.23
610	422	300	399825.33	8140471	3331.88
610	422	400	421953	8136189.67	3516.28
610	422	500	437603.67	9039464	3646.7
610	422	600	476329.33	7945289	3969.41
610	422	700	461524	8362393	3846.03
610	422	800	466024.33	8473895.67	3883.54
610	422	900	483136.33	9400689.33	4026.14
610	422	1000	465888	8378052.67	3882.4
610	462	100	456167.33	8864803.67	3801.39
610	462	200	388548.67	9436975	3237.91
610	462	300	370339	9371066.33	3086.16
610	462	400	425493	9942855.67	3545.78
610	462	500	434586	9375012.33	3621.55
610	462	600	355289.33	9812714.67	2960.74
610	462	700	403390.33	10186786.67	3361.59
610	462	800	410968.67	9527642.67	3424.74
610	462	900	414435.67	8975803.67	3453.63
610	462	1000	484285.67	9190092.33	4035.71
610	482	100	424849.67	7539676	3540.41
610	482	200	407381.33	9758404.33	3394.84
610	482	300	388526	9096419	3237.72
610	482	400	418597.67	9283712.33	3488.31
610	482	500	414465.33	8836759.67	3453.88
610	482	600	442604.33	9424997.33	3688.37
610	482	700	458426.67	9567296.33	3820.22
610	482	800	433790	9155733	3614.92
610	482	900	420237.67	9066132.67	3501.98
610	482	1000	430323.33	8927180.33	3586.03
610	521	100	499763	6341572.33	4164.69
610	521	200	484965	7280557	4041.38
610	521	300	486481	7131117.33	4054.01
610	521	400	490556	6146342.67	4087.97
610	521	500	495400.33	5220762.33	4128.34
610	521	600	503578.67	5833132.33	4196.49
610	521	700	515482.33	5374401.67	4295.69
610	521	800	499200	8186724.67	4160
610	521	900	510008.33	5067674	4250.07
610	521	1000	529329.67	6897785.33	4411.08
610	542	100	464767.67	8176673.67	3873.06
610	542	200	427478.67	8316003	3562.32
610	542	300	424685	6373108.67	3539.04
610	542	400	413264.67	7560067	3443.87
610	542	500	408468.33	9087574.33	3403.9
610	542	600	440547.67	8238664.67	3671.23
610	542	700	465911.67	9537657.67	3882.6
610	542	800	436561.67	7577694	3638.01
610	542	900	487798	7797280.67	4064.98
610	542	1000	443698	8559346.33	3697.48
610	582	100	428855	7482934	3573.79
610	582	200	357694.67	9784542	2980.79
610	582	300	392616.67	9076536.33	3271.81
610	582	400	404147.33	9499914.67	3367.89
610	582	500	446933.33	8563987.33	3724.44
610	582	600	381554.33	9267699	3179.62
610	582	700	465718.67	8720501	3880.99
610	582	800	508308	9164163.33	4235.9
610	582	900	449600.67	9601228	3746.67
610	582	1000	488584	9926550.33	4071.53
610	601	100	430078.33	7855133.33	3583.99
610	601	200	380865.33	11757819.33	3173.88
610	601	300	377658.33	9049508.67	3147.15
610	601	400	397634.67	8598757	3313.62
610	601	500	404540	9645964.67	3371.17
610	601	600	438546	9433230	3654.55
610	601	700	461533.67	8224349.33	3846.11
610	601	800	391938	9876496.67	3266.15
610	601	900	408414	10040256.67	3403.45
610	601	1000	409422.67	10530624.67	3411.86
610	641	100	268384.33	6548680.67	2236.54
610	641	200	134913	6868990.67	1124.28
610	641	300	112956.33	7577393	941.3
610	641	400	134342.33	6485592	1119.52
610	641	500	137357.33	7106602.67	1144.64
610	641	600	91189.67	6073741	759.91
610	641	700	125630.67	8064917.67	1046.92
610	641	800	75190	7884842.67	626.58
610	641	900	102259	8619959	852.16
610	641	1000	89438.67	5983368.33	745.32
611	1	100	224.33	9444881.67	1.87
611	1	200	265.67	18856322.33	2.21
611	1	300	300	26733327.33	2.5
611	1	400	400	31584014	3.33
611	1	500	2884.67	27989573.33	24.04
611	1	600	3328	41072840.33	27.73
611	1	700	2375.33	58516534	19.79
611	1	800	1517	70492379.33	12.64
611	1	900	1006.67	78741530.67	8.39
611	1	1000	1080.67	89524374.67	9.01
611	2	100	147.67	4381100	1.23
611	2	200	213	14738775.67	1.78
611	2	300	268	23449689.33	2.23
611	2	400	336.67	25055326	2.81
611	2	500	2958.33	31245050	24.65
611	2	600	2795.67	42599260	23.3
611	2	700	2152	55589698.67	17.93
611	2	800	1148.33	61542291.33	9.57
611	2	900	1018	78757128	8.48
611	2	1000	1059	90086593.33	8.83
611	21	100	132.67	3129081.33	1.11
611	21	200	256.67	18357151.33	2.14
611	21	300	266.67	23198790.33	2.22
611	21	400	366.67	28135235	3.06
611	21	500	2856.67	31288203	23.81
611	21	600	2906	42774528	24.22
611	21	700	1686.67	58439986.67	14.06
611	21	800	1027	70461724.33	8.56
611	21	900	1017	79102466.33	8.48
611	21	1000	1096	93781529	9.13
611	22	100	216.33	10925322.33	1.8
611	22	200	227.67	17053353	1.9
611	22	300	274.67	24063811.67	2.29
611	22	400	331.67	24352559	2.76
611	22	500	2855.33	28048796.33	23.79
611	22	600	3404.67	43867062.33	28.37
611	22	700	2037.67	55906994.33	16.98
611	22	800	1082	70532119.33	9.02
611	22	900	1070.67	82170501.33	8.92
611	22	1000	1011.67	85860396.33	8.43
611	41	100	182.33	6248803.67	1.52
611	41	200	225.33	14997914.33	1.88
611	41	300	234.33	19814931.67	1.95
611	41	400	366.67	28081865	3.06
611	41	500	2870	34972516.67	23.92
611	41	600	3818	46974775.67	31.82
611	41	700	3132.33	55266331	26.1
611	41	800	1225.33	70563840.33	10.21
611	41	900	1088.67	81935778.33	9.07
611	41	1000	1117	93862445	9.31
611	42	100	207	8355806	1.73
611	42	200	210.67	14652242	1.76
611	42	300	243.67	20844459.67	2.03
611	42	400	297.33	20664265.33	2.48
611	42	500	3007	34919549.67	25.06
611	42	600	3711.33	41407029	30.93
611	42	700	2324	58698638.33	19.37
611	42	800	1075.33	67688279	8.96
611	42	900	1110.67	81447724.33	9.26
611	42	1000	1158.33	93703528.67	9.65
611	61	100	174.67	6099702.33	1.46
611	61	200	273	19846266.67	2.28
611	61	300	237.67	20192338.67	1.98
611	61	400	354.33	26822672	2.95
611	61	500	2907	35047083	24.23
611	61	600	3274	43433396.67	27.28
611	61	700	2126.67	58634291.33	17.72
611	61	800	1028.67	70528329	8.57
611	61	900	1053	79291166.67	8.78
611	61	1000	1106.67	90030699.33	9.22
611	62	100	207.33	8562059.33	1.73
611	62	200	223	16822602.33	1.86
611	62	300	101.67	9270141.67	.85
611	62	400	400	31763998	3.33
611	62	500	2777.67	23690885.67	23.15
611	62	600	3730	38784578	31.08
611	62	700	1663.67	58678294	13.86
611	62	800	1488	70366459	12.4
611	62	900	1029.33	79305145	8.58
611	62	1000	1053.33	86574519	8.78
611	81	100	180.67	5983683.33	1.51
611	81	200	217	15067129.33	1.81
611	81	300	238.33	20245707.33	1.99
611	81	400	400	31730391.67	3.33
611	81	500	2736.67	31104409	22.81
611	81	600	3674	41515419.67	30.62
611	81	700	2806.67	58530891.33	23.39
611	81	800	1142.67	70397796	9.52
611	81	900	1017.67	78965931	8.48
611	81	1000	1116.67	93871344.67	9.31
611	101	100	230	10929471.33	1.92
611	101	200	265.33	18641995.67	2.21
611	101	300	300	26790195.33	2.5
611	101	400	381.33	29605327.67	3.18
611	101	500	2846.33	34952427.67	23.72
611	101	600	3543	46698689.33	29.53
611	101	700	1951.67	58663132.33	16.26
611	101	800	1127	70445527.67	9.39
611	101	900	1061	81995622.33	8.84
611	101	1000	1137.33	93740553.67	9.48
611	121	100	235	9868527.33	1.96
611	121	200	273.67	19886618	2.28
611	121	300	300	26748703	2.5
611	121	400	400	31806749	3.33
611	121	500	2809.33	34919589.33	23.41
611	121	600	3727.33	46805161	31.06
611	121	700	1343.33	35298804	11.19
611	121	800	1150.67	70400320.33	9.59
611	121	900	1065.67	81303656.67	8.88
611	121	1000	1140.33	93852323.67	9.5
611	141	100	225.33	9635417.33	1.88
611	141	200	264	19823570.33	2.2
611	141	300	300	26899645	2.5
611	141	400	400	31825116.33	3.33
611	141	500	2840	34854923.67	23.67
611	141	600	3086	45230782.33	25.72
611	141	700	1554.67	58542990.67	12.96
611	141	800	1024.33	70213183.33	8.54
611	141	900	1111.33	81893126.33	9.26
611	141	1000	1118	93663196.33	9.32
611	142	100	188	10576854.67	1.57
611	142	200	200	17946379.33	1.67
611	142	300	299.67	23122041.67	2.5
611	142	400	400	30921811.33	3.33
611	142	500	2372.67	27718306.33	19.77
611	142	600	3580.33	46206059.33	29.84
611	142	700	2548.33	58645554.67	21.24
611	142	800	1188.33	69665797.67	9.9
611	142	900	1084.67	81691884.33	9.04
611	142	1000	1140.33	93805478.67	9.5
611	143	100	241	10867396.33	2.01
611	143	200	278	19935053	2.32
611	143	300	300	26832741.67	2.5
611	143	400	399.67	31675438.33	3.33
611	143	500	2918	33677288.33	24.32
611	143	600	3639.33	46705985	30.33
611	143	700	2638.67	58542023	21.99
611	143	800	1174.33	70319030	9.79
611	143	900	1022.33	78887173.33	8.52
611	143	1000	1094.67	93325603.33	9.12
611	161	100	221.67	10940017.33	1.85
611	161	200	273	19944679.67	2.28
611	161	300	300	26702635	2.5
611	161	400	400	31884301	3.33
611	161	500	2829	34986315.33	23.58
611	161	600	3594	46912726	29.95
611	161	700	2338.67	58662383	19.49
611	161	800	1114.33	70373637.67	9.29
611	161	900	1069	81915771	8.91
611	161	1000	1123.33	93662198.67	9.36
611	162	100	199	7606574.67	1.66
611	162	200	271	19700910.67	2.26
611	162	300	300	26750347.67	2.5
611	162	400	371.33	28595898.33	3.09
611	162	500	2796.67	34855285.33	23.31
611	162	600	2423	44691778.67	20.19
611	162	700	1631.33	56078457.67	13.59
611	162	800	1118.67	69633244	9.32
611	162	900	1062.33	80875559	8.85
611	162	1000	1082.33	89592742.67	9.02
611	181	100	238	10919477	1.98
611	181	200	239.33	16725783	1.99
611	181	300	300	26749171.67	2.5
611	181	400	400	31782203	3.33
611	181	500	2679.67	31345873.67	22.33
611	181	600	3543.33	45672268.67	29.53
611	181	700	2730.67	58905779.67	22.76
611	181	800	1179.67	69143391.67	9.83
611	181	900	1052.67	80569107.67	8.77
611	181	1000	1114	94029710.67	9.28
611	182	100	222	9623679	1.85
611	182	200	292	19891843.33	2.43
611	182	300	300	26875118	2.5
611	182	400	400	31709762.67	3.33
611	182	500	2820.33	34893537.67	23.5
611	182	600	3764.67	46601545	31.37
611	182	700	2134.67	58485402.67	17.79
611	182	800	1280	69657765.33	10.67
611	182	900	1101.33	81691108.33	9.18
611	182	1000	1133.67	93683369.33	9.45
611	201	100	248.67	10946413.67	2.07
611	201	200	279	19901451.33	2.33
611	201	300	300	26789532.33	2.5
611	201	400	400	31709694	3.33
611	201	500	2699	39910052	22.49
611	201	600	3704.33	45808868.33	30.87
611	201	700	2353.67	57313873	19.61
611	201	800	1021.67	74452700.67	8.51
611	201	900	1097	80521022.33	9.14
611	201	1000	1177	90112511.33	9.81
611	221	100	236	10926943.33	1.97
611	221	200	264.33	19662759	2.2
611	221	300	263	22663708.33	2.19
611	221	400	361	27592000.67	3.01
611	221	500	2816.33	34832650.33	23.47
611	221	600	3483.33	45883595.33	29.03
611	221	700	2010.33	56419456	16.75
611	221	800	1108	70558138.67	9.23
611	221	900	1065.33	81578123.67	8.88
611	221	1000	939	78595667	7.83
611	222	100	627.67	9634583.33	5.23
611	222	200	307.33	16642774.67	2.56
611	222	300	1453.67	26527016.33	12.11
611	222	400	1318	31707011.33	10.98
611	222	500	3445	14626619.33	28.71
611	222	600	4358	22519563.33	36.32
611	222	700	5269	40508328.67	43.91
611	222	800	2107.67	43498483.67	17.56
611	222	900	1520.67	50962764.67	12.67
611	222	1000	1622.67	55728326.67	13.52
611	241	100	167.67	6909727.67	1.4
611	241	200	335.67	17282577.67	2.8
611	241	300	1749.67	26683040.33	14.58
611	241	400	2675	32346286.33	22.29
611	241	500	3397	8670475.33	28.31
611	241	600	5369.67	23063084.33	44.75
611	241	700	4905.67	36917319	40.88
611	241	800	2155.33	40549777.67	17.96
611	241	900	1429.67	51195196.67	11.91
611	241	1000	1654.33	59143734.67	13.79
611	261	100	174.33	7090165	1.45
611	261	200	295.33	16309527.67	2.46
611	261	300	1951.33	26733188.33	16.26
611	261	400	1898.33	31764521.67	15.82
611	261	500	4283.67	21985181.67	35.7
611	261	600	7198	23843586	59.98
611	261	700	3499	34488834	29.16
611	261	800	1767.33	46062397.33	14.73
611	261	900	1069.67	44593253.67	8.91
611	261	1000	864.67	47444953.33	7.21
611	281	100	214	8320261.33	1.78
611	281	200	341.67	17551086.67	2.85
611	281	300	2193.33	26724437.33	18.28
611	281	400	1918.67	33410806	15.99
611	281	500	4581.33	29481528	38.18
611	281	600	4901.67	21145002	40.85
611	281	700	2670	37953046	22.25
611	281	800	1353.33	37303199.67	11.28
611	281	900	3641	49852471.67	30.34
611	281	1000	3324.67	52783645.67	27.71
611	301	100	135	10924362.33	1.13
611	301	200	200	19916680	1.67
611	301	300	300	26619521	2.5
611	301	400	362.67	27634778	3.02
611	301	500	1660.33	34977142.33	13.84
611	301	600	786	44802046	6.55
611	301	700	736.67	59655562.33	6.14
611	301	800	835.67	70461642.33	6.96
611	301	900	905.67	80997525.67	7.55
611	301	1000	848	82692972	7.07
611	321	100	116	9084434	.97
611	321	200	200	19909849	1.67
611	321	300	300	26861664.67	2.5
611	321	400	400	31657281	3.33
611	321	500	1756.67	34982844	14.64
611	321	600	920.33	44833432.67	7.67
611	321	700	777.67	60722138.33	6.48
611	321	800	833.67	70299626.33	6.95
611	321	900	818.33	66957546	6.82
611	321	1000	669.67	62989021.67	5.58
611	341	100	112.33	9635738.67	.94
611	341	200	200	19838827.67	1.67
611	341	300	266	23170482.67	2.22
611	341	400	400	31798074	3.33
611	341	500	1874.33	34672990	15.62
611	341	600	798.33	46242996.33	6.65
611	341	700	770.67	58525253	6.42
611	341	800	835.33	70509242.33	6.96
611	341	900	881.67	78550116.67	7.35
611	341	1000	1055.33	89168834.67	8.79
611	362	100	100.67	10601654.33	.84
611	362	200	200	18088212.33	1.67
611	362	300	300	25349022.67	2.5
611	362	400	400	30618750.67	3.33
611	362	500	1520.67	29299471	12.67
611	362	600	978.67	43747693.67	8.16
611	362	700	754.33	57981778	6.29
611	362	800	905	68259064.67	7.54
611	362	900	993	81886410.33	8.28
611	362	1000	1000	93521203.67	8.33
611	381	100	135	10939183	1.13
611	381	200	200	19856361.67	1.67
611	381	300	300	26835518.67	2.5
611	381	400	400	31519024.67	3.33
611	381	500	1714	34998179	14.28
611	381	600	765.67	44423093.67	6.38
611	381	700	785.33	58500147.67	6.54
611	381	800	835	70381035	6.96
611	381	900	900	82057815.33	7.5
611	381	1000	1108.33	93087996.67	9.24
611	402	100	142.67	10944054	1.19
611	402	200	200	19897185	1.67
611	402	300	298	26419449.33	2.48
611	402	400	400	31793760	3.33
611	402	500	1792.33	34903849.67	14.94
611	402	600	855.33	44763891.67	7.13
611	402	700	791.67	58568246	6.6
611	402	800	854	70449774	7.12
611	402	900	894.33	79245870	7.45
611	402	1000	1000	93909115	8.33
611	421	100	112	9575987.33	.93
611	421	200	200	19881333.33	1.67
611	421	300	300	26753174	2.5
611	421	400	400	31715926.67	3.33
611	421	500	1769.67	34950120.33	14.75
611	421	600	1263	46773916.33	10.53
611	421	700	746.67	58482755.33	6.22
611	421	800	855.33	70278625.67	7.13
611	421	900	918.67	78663446.33	7.66
611	421	1000	1000	93448322	8.33
611	441	100	138	10906296.67	1.15
611	441	200	200	19886468	1.67
611	441	300	300	26647546	2.5
611	441	400	365	27855717.33	3.04
611	441	500	1804.33	34443708	15.04
611	441	600	1085	46785817.67	9.04
611	441	700	790.67	58451236.33	6.59
611	441	800	835.67	70333462.33	6.96
611	441	900	909	82024973	7.58
611	441	1000	1058.67	93597755.67	8.82
611	461	100	140.67	10879152.33	1.17
611	461	200	200	19882721	1.67
611	461	300	300	26846554	2.5
611	461	400	400	31758826	3.33
611	461	500	1730	32554252.67	14.42
611	461	600	920.67	46754056	7.67
611	461	700	944	58502675.67	7.87
611	461	800	833.33	70292353.33	6.94
611	461	900	917.67	79587008.67	7.65
611	461	1000	1000	93596292.67	8.33
611	481	100	133	10912774	1.11
611	481	200	200	19864892.33	1.67
611	481	300	266.33	22894418.33	2.22
611	481	400	400	31719205	3.33
611	481	500	1778.33	34895828.33	14.82
611	481	600	823.67	46764670.67	6.86
611	481	700	781.67	58615315.33	6.51
611	481	800	839	70231463.67	6.99
611	481	900	909	81827713.33	7.58
611	481	1000	1045.67	93456527	8.71
611	501	100	120.33	9823746.33	1
611	501	200	200	19916721.67	1.67
611	501	300	300	26788044.33	2.5
611	501	400	400	31600576.67	3.33
611	501	500	1800.67	34929172.33	15.01
611	501	600	776	46634513	6.47
611	501	700	757.33	58602848	6.31
611	501	800	863	70331854.67	7.19
611	501	900	923	78259399.33	7.69
611	501	1000	1000	93624402.67	8.33
611	502	100	121.33	9716148.67	1.01
611	502	200	200	19870764.67	1.67
611	502	300	300	26723823	2.5
611	502	400	400	31702805.67	3.33
611	502	500	1799	35003315	14.99
611	502	600	938.33	46810147	7.82
611	502	700	821.67	58595315.33	6.85
611	502	800	865.67	70255818.67	7.21
611	502	900	977.67	82098517.67	8.15
611	502	1000	1000	93653190.67	8.33
611	522	100	128	10894130.33	1.07
611	522	200	200	19884311.33	1.67
611	522	300	300	26730915.67	2.5
611	522	400	400	31653273.33	3.33
611	522	500	1754	34923747.33	14.62
611	522	600	828	46890271	6.9
611	522	700	778	56005235.33	6.48
611	522	800	829.67	70277378.33	6.91
611	522	900	902.67	81806487.67	7.52
611	522	1000	1000	93614586	8.33
611	541	100	123.33	9782370.67	1.03
611	541	200	167.67	16484652.33	1.4
611	541	300	300	26805615	2.5
611	541	400	400	31654150.67	3.33
611	541	500	1831.33	36523717.33	15.26
611	541	600	1310.33	46840065	10.92
611	541	700	1037.33	58000187	8.64
611	541	800	1033.33	68467415	8.61
611	541	900	1124.33	80820447.33	9.37
611	541	1000	1056.33	92971675.67	8.8
611	561	100	116.67	9807655.67	.97
611	561	200	200	19877508	1.67
611	561	300	300	26595030	2.5
611	561	400	400	31701030.67	3.33
611	561	500	1719	31926514.33	14.33
611	561	600	931	46593370.33	7.76
611	561	700	771.67	57512798	6.43
611	561	800	868.33	70328770	7.24
611	561	900	883	79050961.33	7.36
611	561	1000	1000	93748185.33	8.33
611	581	100	136	10924222	1.13
611	581	200	161.33	15753709	1.34
611	581	300	300	26787477.67	2.5
611	581	400	400	31735577.33	3.33
611	581	500	1803.67	34540822	15.03
611	581	600	1707.67	43456067	14.23
611	581	700	1036.33	58013602.33	8.64
611	581	800	849.67	70381073.33	7.08
611	581	900	933	81922558.67	7.78
611	581	1000	1000	93502024.33	8.33
611	583	100	177.67	7239630.33	1.48
611	583	200	331.67	17031504.67	2.76
611	583	300	1681	26639428.33	14.01
611	583	400	1896.33	31740022	15.8
611	583	500	3097.33	5498587	25.81
611	583	600	2976.33	24682073	24.8
611	583	700	2561	33269619.67	21.34
611	583	800	1705	43629585.67	14.21
611	583	900	2018.67	49040071	16.82
611	583	1000	846.67	50401324	7.06
611	602	100	177.67	7196169	1.48
611	602	200	339	17441175.67	2.83
611	602	300	1890	26662626	15.75
611	602	400	1282	31780744	10.68
611	602	500	3267.67	6310592.33	27.23
611	602	600	5214.33	19619608.33	43.45
611	602	700	4423.33	32520572.33	36.86
611	602	800	2125.33	46645169	17.71
611	602	900	1549	49511786.33	12.91
611	602	1000	2074	53912748	17.28
611	621	100	169	9492901	1.41
611	621	200	156.67	9592446	1.31
611	621	300	1382.33	25349077.67	11.52
611	621	400	1775	29807715.67	14.79
611	621	500	3780	10815345.33	31.5
611	621	600	4751.33	21752814	39.59
611	621	700	8289	37941256.67	69.08
611	621	800	1968.33	40103758.33	16.4
611	621	900	6274	60580369	52.28
611	621	1000	884	54794785.67	7.37
611	642	100	174	7072575	1.45
611	642	200	343	17607877	2.86
611	642	300	1978.67	26737595.33	16.49
611	642	400	1843	31639512	15.36
611	642	500	3923	14377805.33	32.69
611	642	600	4878	21747907.67	40.65
611	642	700	2441	33181596.67	20.34
611	642	800	1351	43763080.33	11.26
611	642	900	2004	57206605.33	16.7
611	642	1000	1320.67	65902860	11.01
611	661	100	118	9748660.33	.98
611	661	200	200	19835126.33	1.67
611	661	300	300	26415657	2.5
